Data/DataNotYetUploadedToEDI/Raw_CTD/RawDownloads/110623_fcr50_S7809002.cnv
* Sea-Bird SBE19plus  Data File:
* FileName = C:\R\Reservoirs\Data\DataNotYetUploadedToEDI\Raw_CTD\RawDownloads\110623_bvr50_S7809_0002.hex
* Software version 2.8.0.119
* Temperature SN = 7809
* Conductivity SN = 7809
* System UpLoad Time = Nov 14 2023 16:54:44
* <ApplicationData>
* <Seaterm232>
# nquan = 15
# nvalues = 1503                        
# units = specified
# name 0 = depFM: Depth [fresh water, m]
# name 1 = dz/dtM: Descent Rate [m/s]
# name 2 = sbeox0Mg/L: Oxygen, SBE 43 [mg/l]
# name 3 = sbeox0PS: Oxygen, SBE 43 [% saturation]
# name 4 = specc: Specific Conductance [uS/cm]
# name 5 = c0uS/cm: Conductivity [uS/cm]
# name 6 = flECO-AFL: Fluorescence, WET Labs ECO-AFL/FL [mg/m^3]
# name 7 = ph: pH
# name 8 = orp: Oxidation Reduction Potential [mV]
# name 9 = par/sat/log: PAR/Logarithmic, Satlantic
# name 10 = turbWETntu0: Turbidity, WET Labs ECO [NTU]
# name 11 = prdM: Pressure, Strain Gauge [db]
# name 12 = prdE: Pressure, Strain Gauge [psi]
# name 13 = tv290C: Temperature [ITS-90, deg C]
# name 14 = flag:  0.000e+00
# span 0 =     -0.654,      9.660       
# span 1 =     -0.492,      0.207       
# span 2 =     3.4865,    11.9986       
# span 3 =     33.591,    111.706       
# span 4 =      0.772,    523.371       
# span 5 =   0.675856, 384.784601       
# span 6 =    -2.2452,    21.0974       
# span 7 =      4.477,      7.730       
# span 8 =  -953.0175,   931.0035       
# span 9 = 1.2358e-01, 1.7583e+03       
# span 10 =   -11.6706,   107.9254      
# span 11 =     -0.642,      9.475      
# span 12 =     -0.932,     13.742      
# span 13 =    11.6368,    18.7879      
# span 14 = 0.0000e+00, 0.0000e+00      
# interval = seconds: 0.25
# start_time = Nov 06 2023 14:02:17 [Instrument's time stamp, header]
# bad_flag = -9.990e-29
*END*
[from data line 1157]
      6.370     -0.006     9.0890     83.867     46.303  33.932498     7.4945      6.618   238.8603 1.2372e-01    11.8062      6.245      9.057    11.6397 0.0000e+00
      6.370     -0.004     9.0898     83.956     46.293  33.925106     7.8056      6.618   239.3575 1.2373e-01    11.4744      6.246      9.059    11.6395 0.0000e+00
      6.371     -0.005     9.0897     84.022     46.293  33.925011     7.9848      6.618   239.6655 1.2372e-01    11.3358      6.249      9.063    11.6394 0.0000e+00
      6.372     -0.017     9.0995     84.034     46.302  33.931357     8.0137      6.619   239.4864 1.2374e-01    11.2925      6.249      9.063    11.6394 0.0000e+00
      6.374     -0.047     9.1136     83.997     46.312  33.938387     8.0303      6.621   238.6541 1.2376e-01    10.7454      6.249      9.065    11.6391 0.0000e+00
      6.374     -0.092     9.1213     83.967     46.322  33.946567     8.0361      6.624   238.2057 1.2376e-01     9.7419      6.254      9.071    11.6388 0.0000e+00
      6.360     -0.145     9.1316     83.948     46.349  33.966812     8.0326      6.627   238.2808 1.2373e-01     9.2366      6.249      9.062    11.6386 0.0000e+00
      6.315     -0.196     9.1331     83.918     46.382  33.992833     8.0135      6.629   238.7028 1.2370e-01     9.2814      6.206      9.000    11.6385 0.0000e+00
      6.239     -0.236     9.1249     83.903     46.399  34.007404     7.6800      6.629   239.4362 1.2375e-01     9.8396      6.122      8.880    11.6386 0.0000e+00
      6.151     -0.259     9.1220     83.938     46.408  34.016103     7.0466      6.631   239.6629 1.2380e-01    10.8619      6.029      8.744    11.6387 0.0000e+00
      6.067     -0.261     9.1219     84.000     46.432  34.034569     6.6984      6.633   239.2063 1.2379e-01    11.3937      5.943      8.620    11.6396 0.0000e+00
      5.997     -0.240     9.1168     84.075     46.440  34.040347     6.6904      6.634   238.9923 1.2377e-01    11.4876      5.874      8.520    11.6418 0.0000e+00
      5.942     -0.200     9.1115     84.138     46.416  34.022516     6.8828      6.633   239.3983 1.2377e-01    11.9293      5.824      8.447    11.6439 0.0000e+00
      5.897     -0.151     9.1183     84.146     46.399  34.009306     7.2184      6.629   239.8996 1.2378e-01    12.6011      5.782      8.387    11.6458 0.0000e+00
      5.860     -0.104     9.1239     84.118     46.397  34.007529     7.3947      6.626   240.2349 1.2373e-01    12.9156      5.742      8.329    11.6470 0.0000e+00
      5.837     -0.064     9.1324     84.079     46.389  34.001023     7.4163      6.625   240.6132 1.2369e-01    12.8958      5.716      8.290    11.6477 0.0000e+00
      5.836     -0.034     9.1434     84.044     46.381  33.994093     7.5538      6.625   241.1184 1.2374e-01    12.6698      5.719      8.295    11.6474 0.0000e+00
      5.846     -0.019     9.1413     84.012     46.373  33.987182     7.8011      6.626   241.3528 1.2377e-01    12.3006      5.737      8.321    11.6465 0.0000e+00
      5.852     -0.024     9.1383     83.968     46.365  33.980904     7.9172      6.627   241.1239 1.2373e-01    12.0861      5.741      8.328    11.6458 0.0000e+00
      5.852     -0.054     9.1334     83.930     46.367  33.981643     7.9097      6.628   240.7600 1.2369e-01    11.9899      5.739      8.324    11.6447 0.0000e+00
      5.847     -0.103     9.1298     83.923     46.386  33.996108     7.8924      6.631   240.6535 1.2373e-01    11.9568      5.740      8.325    11.6437 0.0000e+00
      5.824     -0.160     9.1278     83.942     46.430  34.028918     7.6422      6.633   241.2984 1.2380e-01    12.0277      5.723      8.301    11.6427 0.0000e+00
      5.771     -0.213     9.1222     83.984     46.472  34.061112     7.1568      6.635   242.2754 1.2381e-01    12.0956      5.669      8.222    11.6418 0.0000e+00
      5.693     -0.254     9.1165     84.042     46.479  34.068138     6.8759      6.636   242.5722 1.2383e-01    12.0605      5.586      8.102    11.6416 0.0000e+00
      5.605     -0.277     9.1165     84.069     46.453  34.050429     6.8427      6.639   242.5647 1.2383e-01    11.9785      5.496      7.971    11.6418 0.0000e+00
      5.518     -0.279     9.1188     84.061     46.434  34.037335     6.9297      6.641   242.5280 1.2379e-01    12.1975      5.408      7.843    11.6425 0.0000e+00
      5.442     -0.257     9.1216     84.060     46.433  34.036713     7.1032      6.641   242.3866 1.2380e-01    12.6939      5.332      7.732    11.6443 0.0000e+00
      5.380     -0.216     9.1314     84.061     46.442  34.042905     7.2021      6.639   243.0066 1.2386e-01    12.9582      5.273      7.648    11.6465 0.0000e+00
      5.328     -0.165     9.1341     84.045     46.451  34.048758     7.2183      6.634   244.3454 1.2385e-01    12.9341      5.223      7.575    11.6478 0.0000e+00
      5.287     -0.113     9.1296     84.007     46.446  34.044034     7.2900      6.631   245.2383 1.2378e-01    12.6072      5.176      7.509    11.6484 0.0000e+00
      5.267     -0.066     9.1309     83.969     46.455  34.049234     7.4364      6.629   245.5422 1.2379e-01    12.0805      5.157      7.480    11.6486 0.0000e+00
      5.266     -0.028     9.1317     83.969     46.455  34.048175     7.5240      6.626   245.6111 1.2383e-01    11.8605      5.162      7.486    11.6483 0.0000e+00
      5.275     -0.005     9.1306     84.015     46.433  34.031239     7.5340      6.625   245.4686 1.2380e-01    11.8940      5.172      7.501    11.6472 0.0000e+00
      5.285     -0.003     9.1260     84.092     46.438  34.034800     7.4898      6.625   245.4542 1.2377e-01    12.1444      5.183      7.518    11.6460 0.0000e+00
      5.295     -0.026     9.1199     84.160     46.430  34.027785     7.3979      6.628   245.6093 1.2376e-01    12.6326      5.193      7.533    11.6448 0.0000e+00
      5.298     -0.067     9.1203     84.170     46.405  34.009857     7.3544      6.631   245.7090 1.2378e-01    12.9465      5.201      7.543    11.6437 0.0000e+00
      5.283     -0.118     9.1257     84.121     46.403  34.008381     7.3644      6.635   245.8850 1.2375e-01    13.0364      5.192      7.530    11.6429 0.0000e+00
      5.242     -0.169     9.1359     84.054     46.404  34.009948     7.3521      6.638   246.1035 1.2371e-01    13.0020      5.149      7.468    11.6420 0.0000e+00
      5.180     -0.214     9.1461     83.989     46.428  34.028801     7.2222      6.641   245.7697 1.2375e-01    12.6327      5.081      7.370    11.6415 0.0000e+00
      5.106     -0.245     9.1473     83.942     46.450  34.045997     7.0087      6.644   245.0317 1.2381e-01    12.0558      5.008      7.264    11.6415 0.0000e+00
      5.031     -0.260     9.1391     83.930     46.423  34.027531     6.9009      6.647   244.8387 1.2431e-01    11.7662      4.933      7.154    11.6418 0.0000e+00
      4.958     -0.259     9.1314     83.950     46.379  33.995866     6.9184      6.649   245.0702 1.3043e-01    11.7266      4.860      7.048    11.6427 0.0000e+00
      4.891     -0.245     9.1240     83.986     46.357  33.980368     7.1202      6.651   245.4223 1.4398e-01    11.2693      4.795      6.954    11.6440 0.0000e+00
      4.831     -0.223     9.1167     84.021     46.338  33.967047     7.4767      6.651   245.9120 1.5455e-01    10.3709      4.736      6.869    11.6454 0.0000e+00
      4.777     -0.194     9.1163     84.045     46.331  33.961694     7.6751      6.651   245.8285 1.6522e-01     9.8823      4.683      6.792    11.6468 0.0000e+00
      4.728     -0.161     9.1182     84.052     46.356  33.979091     7.7043      6.650   245.1873 1.8397e-01     9.8706      4.635      6.722    11.6479 0.0000e+00
      4.687     -0.130     9.1228     84.034     46.368  33.987051     7.7549      6.647   244.9569 2.0404e-01     9.7851      4.593      6.661    11.6488 0.0000e+00
      4.657     -0.106     9.1274     84.012     46.380  33.994491     7.8289      6.645   245.2796 2.1246e-01     9.5321      4.560      6.614    11.6491 0.0000e+00
      4.643     -0.095     9.1294     84.031     46.397  34.005599     7.8584      6.645   245.7326 2.1493e-01     9.3391      4.547      6.596    11.6486 0.0000e+00
      4.638     -0.096     9.1316     84.080     46.382  33.994470     7.8618      6.645   246.0470 2.2954e-01     9.3645      4.552      6.601    11.6476 0.0000e+00
      4.625     -0.108     9.1294     84.117     46.372  33.986821     7.8203      6.646   246.1550 2.4700e-01     9.6341      4.543      6.590    11.6461 0.0000e+00
      4.594     -0.130     9.1239     84.140     46.358  33.976562     7.7139      6.648   246.0920 2.6751e-01    10.0028      4.510      6.542    11.6448 0.0000e+00
      4.550     -0.159     9.1271     84.154     46.298  33.933881     7.6410      6.649   245.9736 3.0101e-01    10.1672      4.463      6.473    11.6439 0.0000e+00
      4.501     -0.186     9.1356     84.163     46.271  33.914894     7.6217      6.652   246.1007 3.3572e-01    10.1183      4.414      6.403    11.6433 0.0000e+00
      4.448     -0.203     9.1388     84.182     46.301  33.937330     7.6142      6.655   246.4247 3.6587e-01    10.0958      4.363      6.329    11.6431 0.0000e+00
      4.390     -0.206     9.1410     84.215     46.319  33.951369     7.6086      6.657   246.7065 4.0448e-01    10.1335      4.306      6.245    11.6435 0.0000e+00
      4.330     -0.198     9.1426     84.258     46.327  33.957751     7.6031      6.659   247.3573 4.5459e-01    10.1304      4.245      6.156    11.6445 0.0000e+00
      4.273     -0.183     9.1421     84.296     46.317  33.951046     7.5897      6.659   248.3567 4.9859e-01    10.0928      4.187      6.073    11.6453 0.0000e+00
      4.226     -0.166     9.1442     84.302     46.294  33.933754     7.5876      6.658   248.8958 5.2615e-01     9.9179      4.140      6.005    11.6458 0.0000e+00
      4.191     -0.151     9.1477     84.279     46.302  33.939012     7.7862      6.657   249.0576 5.4476e-01     9.6213      4.107      5.957    11.6465 0.0000e+00
      4.164     -0.143     9.1525     84.228     46.319  33.951170     8.1597      6.657   249.0225 5.6677e-01     9.4445      4.084      5.922    11.6474 0.0000e+00
      4.138     -0.144     9.1588     84.148     46.322  33.953863     8.3504      6.659   248.8153 6.0073e-01     9.3854      4.061      5.889    11.6476 0.0000e+00
      4.106     -0.154     9.1583     84.066     46.346  33.971580     8.3344      6.660   249.3915 6.4425e-01     9.3511      4.031      5.846    11.6472 0.0000e+00
      4.063     -0.169     9.1560     84.007     46.351  33.975049     8.1750      6.661   250.6544 6.9657e-01     9.2681      3.988      5.783    11.6469 0.0000e+00
      4.012     -0.184     9.1510     83.978     46.291  33.932364     7.9127      6.662   251.3519 7.5837e-01     9.0996      3.934      5.706    11.6465 0.0000e+00
      3.960     -0.198     9.1412     83.984     46.245  33.899602     7.7764      6.663   251.3719 8.1887e-01     8.9873      3.882      5.631    11.6464 0.0000e+00
      3.907     -0.207     9.1305     84.014     46.239  33.896160     7.7508      6.664   251.2400 8.8469e-01     8.9348      3.833      5.559    11.6465 0.0000e+00
      3.853     -0.208     9.1248     84.047     46.231  33.890741     7.7036      6.665   251.4777 9.6760e-01     8.7723      3.779      5.481    11.6469 0.0000e+00
      3.797     -0.200     9.1205     84.108     46.240  33.897533     7.6471      6.665   252.2675 1.0659e+00     8.5607      3.725      5.402    11.6481 0.0000e+00
      3.742     -0.182     9.1208     84.186     46.264  33.914834     7.6331      6.663   253.0454 1.1666e+00     8.4936      3.669      5.321    11.6493 0.0000e+00
      3.689     -0.154     9.1270     84.235     46.258  33.909586     7.6589      6.660   253.4834 1.2476e+00     8.4734      3.614      5.242    11.6503 0.0000e+00
      3.645     -0.121     9.1268     84.270     46.243  33.897531     7.7594      6.656   253.8647 1.3043e+00     8.2827      3.568      5.174    11.6512 0.0000e+00
      3.620     -0.086     9.1343     84.309     46.242  33.895972     7.9324      6.652   254.2142 1.3366e+00     8.0664      3.542      5.137    11.6511 0.0000e+00
      3.612     -0.054     9.1464     84.315     46.236  33.890735     8.0276      6.649   254.0952 1.3487e+00     8.0446      3.541      5.136    11.6506 0.0000e+00
      3.612     -0.028     9.1505     84.292     46.246  33.897646     8.0200      6.646   253.8017 1.3477e+00     8.0875      3.542      5.137    11.6500 0.0000e+00
      3.612     -0.011     9.1520     84.260     46.273  33.916092     7.8735      6.644   253.9358 1.3431e+00     8.1408      3.541      5.136    11.6490 0.0000e+00
      3.612     -0.002     9.1604     84.215     46.283  33.923429     7.6130      6.643   254.4253 1.3436e+00     8.2108      3.542      5.138    11.6479 0.0000e+00
      3.612 1.9613e-09     9.1604     84.184     46.283  33.922910     7.4840      6.643   254.9883 1.3358e+00     8.2167      3.541      5.136    11.6472 0.0000e+00
      3.612 2.1575e-08     9.1557     84.186     46.266  33.909815     7.4956      6.644   255.3233 1.3393e+00     8.2455      3.542      5.137    11.6463 0.0000e+00
      3.612 2.3732e-07     9.1553     84.214     46.242  33.891993     7.5711      6.647   255.0335 1.3588e+00     8.5254      3.542      5.138    11.6453 0.0000e+00
      3.612      0.000     9.1472     84.252     46.251  33.897761     7.6972      6.650   254.4097 1.3606e+00     8.9359      3.542      5.137    11.6447 0.0000e+00
      3.612      0.000     9.1440     84.288     46.276  33.916103     7.7630      6.650   254.3211 1.3552e+00     9.0760      3.542      5.137    11.6445 0.0000e+00
      3.612      0.001     9.1444     84.308     46.286  33.923430     7.7672      6.651   254.6491 1.3602e+00     9.0915      3.542      5.137    11.6441 0.0000e+00
      3.612      0.001     9.1485     84.314     46.286  33.922901     7.7904      6.653   255.1063 1.3697e+00     9.1927      3.542      5.138    11.6434 0.0000e+00
      3.612     -0.000     9.1529     84.329     46.268  33.909702     7.9693      6.653   255.6342 1.3776e+00     9.2064      3.542      5.137    11.6430 0.0000e+00
      3.613     -0.006     9.1570     84.334     46.243  33.890736     8.2813      6.651   255.6110 1.3811e+00     9.1208      3.543      5.139    11.6428 0.0000e+00
      3.613     -0.024     9.1609     84.312     46.234  33.883920     8.4507      6.651   255.0837 1.3806e+00     9.0794      3.544      5.140    11.6426 0.0000e+00
      3.613     -0.058     9.1579     84.281     46.244  33.890735     8.4432      6.653   254.8511 1.3828e+00     9.1161      3.543      5.139    11.6420 0.0000e+00
      3.609     -0.107     9.1625     84.248     46.269  33.909701     8.1328      6.655   254.9499 1.4104e+00     9.0862      3.545      5.142    11.6413 0.0000e+00
      3.589     -0.163     9.1642     84.221     46.285  33.922899     7.5438      6.658   255.0734 1.5111e+00     8.8877      3.532      5.123    11.6410 0.0000e+00
      3.537     -0.219     9.1594     84.193     46.283  33.923428     7.2067      6.660   255.3119 1.7097e+00     8.6976      3.479      5.045    11.6407 0.0000e+00
      3.457     -0.265     9.1575     84.158     46.270  33.916100     7.1695      6.661   255.7683 1.9782e+00     8.6323      3.394      4.922    11.6406 0.0000e+00
      3.365     -0.290     9.1520     84.134     46.243  33.897748     7.1692      6.662   256.3759 2.2898e+00     8.5423      3.301      4.788    11.6410 0.0000e+00
      3.271     -0.286     9.1498     84.145     46.233  33.891876     7.1692      6.662   256.8944 2.6267e+00     8.3962      3.205      4.648    11.6421 0.0000e+00
      3.185     -0.254     9.1471     84.193     46.255  33.908554     7.1525      6.661   257.0472 2.9426e+00     8.2999      3.118      4.521    11.6444 0.0000e+00
      3.119     -0.204     9.1412     84.237     46.257  33.909063     7.1421      6.658   257.0189 3.1779e+00     8.2663      3.050      4.424    11.6474 0.0000e+00
