Data/DataNotYetUploadedToEDI/Raw_CTD/RawDownloads/110623_fcr50_S8188002.cnv
* Sea-Bird SBE19plus  Data File:
* FileName = C:\R\Reservoirs\Data\DataNotYetUploadedToEDI\Raw_CTD\RawDownloads\110623_bvr50_S8188_0002.hex
* Software version 2.8.0.119
* Temperature SN = 8188
* Conductivity SN = 8188
* System UpLoad Time = Nov 14 2023 17:10:22
* <ApplicationData>
* <Seaterm232>
# nquan = 16
# nvalues = 1432                        
# units = specified
# name 0 = depFM: Depth [fresh water, m]
# name 1 = dz/dtM: Descent Rate [m/s]
# name 2 = sbeox0Mg/L: Oxygen, SBE 43 [mg/l]
# name 3 = sbeox0PS: Oxygen, SBE 43 [% saturation]
# name 4 = specc: Specific Conductance [uS/cm]
# name 5 = c0uS/cm: Conductivity [uS/cm]
# name 6 = wetCDOM: Fluorescence, WET Labs CDOM [mg/m^3]
# name 7 = flECO-AFL: Fluorescence, WET Labs ECO-AFL/FL [mg/m^3]
# name 8 = flECO-AFL1: Fluorescence, WET Labs ECO-AFL/FL, 2 [mg/m^3]
# name 9 = flECO-AFL2: Fluorescence, WET Labs ECO-AFL/FL, 3 [mg/m^3]
# name 10 = par/sat/log: PAR/Logarithmic, Satlantic
# name 11 = turbWETntu0: Turbidity, WET Labs ECO [NTU]
# name 12 = prdM: Pressure, Strain Gauge [db]
# name 13 = prdE: Pressure, Strain Gauge [psi]
# name 14 = tv290C: Temperature [ITS-90, deg C]
# name 15 = flag:  0.000e+00
# span 0 =     -0.658,      9.537       
# span 1 =     -0.274,      0.132       
# span 2 =     2.6154,     8.0782       
# span 3 =     24.082,     75.442       
# span 4 =      0.582,    343.845       
# span 5 =   0.498490, 252.614223       
# span 6 =    -4.5000,     7.7400       
# span 7 =    -0.3291,    15.1473       
# span 8 =    -2.1300,     7.8384       
# span 9 =   -10.3635,     6.8949       
# span 10 = 1.1585e-01, 1.8116e+03      
# span 11 =    -7.5477,   140.6344      
# span 12 =     -0.645,      9.353      
# span 13 =     -0.935,     13.565      
# span 14 =    11.6347,    17.7774      
# span 15 = 0.0000e+00, 0.0000e+00      
# interval = seconds: 0.25
# start_time = Nov 06 2023 13:44:59 [Instrument's time stamp, header]
# bad_flag = -9.990e-29
*END*
[from data line 91]
     -0.011 4.9577e-07     6.8516     64.015     46.219  34.743795     3.1500     6.5527     0.0852     1.3959 8.5657e+02     3.6498     -0.010     -0.015    12.6009 0.0000e+00
     -0.011 4.9577e-07     6.8400     63.919     46.234  34.752448     3.1500     6.5718     0.0852     1.3959 6.7475e+02     3.6197     -0.010     -0.015    12.5958 0.0000e+00
     -0.011 3.8560e-07     6.8286     63.816     46.256  34.766737     3.1500     6.5565     0.0852     1.3113 6.4957e+02     3.6648     -0.010     -0.015    12.5907 0.0000e+00
     -0.011 2.9991e-07     6.8178     63.698     46.285  34.786510     3.1500     6.5794     0.0852     1.3113 4.5326e+02     3.6498     -0.010     -0.015    12.5863 0.0000e+00
     -0.011 2.3326e-07     6.8077     63.562     46.316  34.809119     3.1500     7.2241     0.0852     1.3113 5.0342e+02     3.6648     -0.010     -0.015    12.5828 0.0000e+00
     -0.011 1.8143e-07     6.7979     63.401     46.345  34.832669     3.1500     7.2241     0.0852     1.3113 6.1096e+02     3.6197     -0.010     -0.015    12.5798 0.0000e+00
     -0.011 1.4111e-07     6.7874     63.204     46.371  34.855520     3.1500     7.2279     0.0852     1.3959 5.8004e+02     3.5897     -0.010     -0.015    12.5773 0.0000e+00
     -0.011 1.0975e-07     6.7751     62.974     46.391  34.875842     3.1500     7.2165     0.0852     1.3959 3.4142e+02     3.6648     -0.010     -0.015    12.5754 0.0000e+00
     -0.011 8.5364e-08     6.7607     62.733     46.407  34.895094     3.1500     7.9909     0.0852     1.3959 4.0819e+02     3.9504     -0.010     -0.015    12.5749 0.0000e+00
     -0.011 6.6394e-08     6.7434     62.495     46.426  34.918410     3.1500     7.9565     0.0852     1.3959 5.0353e+02     3.8903     -0.010     -0.015    12.5762 0.0000e+00
     -0.011 5.1639e-08     6.7219     62.263     46.452  34.948048     3.1500     7.9794     0.0852     1.2267 6.6413e+02     3.8151     -0.010     -0.015    12.5798 0.0000e+00
     -0.011 4.0164e-08     6.6966     62.042     46.486  34.983989     3.1500     7.9565     0.0852     1.2267 1.0580e+03     3.8301     -0.010     -0.015    12.5855 0.0000e+00
     -0.011 3.1238e-08     6.6698     61.826     46.524  35.023935     3.1500     7.5865     0.0852     1.2267 1.0489e+03     3.8752     -0.010     -0.015    12.5933 0.0000e+00
     -0.010 2.4297e-08     6.6431     61.610     46.555  35.058734     3.1500     7.6285     0.0852     1.2267 1.3122e+03     3.8903     -0.010     -0.015    12.6029 0.0000e+00
     -0.010 1.8897e-08     6.6168     61.389     46.571  35.081821     3.1500     7.6094     0.0852     1.2267 1.2273e+03     3.9203     -0.010     -0.015    12.6138 0.0000e+00
     -0.010 1.4698e-08     6.5915     61.159     46.580  35.099354     3.2400     7.5789     0.1278     1.3113 7.7122e+02     3.8903     -0.010     -0.015    12.6255 0.0000e+00
     -0.010 1.1432e-08     6.5669     60.916     46.588  35.116007     3.2400     8.6813     0.1278     1.3113 8.5230e+02     3.8903     -0.010     -0.015    12.6377 0.0000e+00
     -0.010 8.8913e-09     6.5420     60.667     46.596  35.132262     3.2400     8.6813     0.1278     1.3113 7.3778e+02     3.8001     -0.010     -0.014    12.6499 0.0000e+00
     -0.010 6.9154e-09     6.5168     60.420     46.611  35.152453     3.2400     8.6623     0.1278     1.3113 9.4292e+02     4.0105     -0.010     -0.014    12.6620 0.0000e+00
     -0.010 5.3787e-09     6.4907     60.180     46.627  35.174043     3.1500     8.6699     0.0852     1.2690 7.1350e+02     3.8151     -0.010     -0.014    12.6737 0.0000e+00
     -0.010 4.1834e-09     6.4633     59.951     46.638  35.190905     3.1500     8.3494     0.0852     1.2690 2.8831e+02     3.7851     -0.010     -0.014    12.6849 0.0000e+00
     -0.010 3.2538e-09     6.4353     59.736     46.644  35.203577     3.1500     8.3533     0.0852     1.2690 3.7772e+02     3.9053     -0.010     -0.014    12.6956 0.0000e+00
     -0.010 2.5307e-09     6.4076     59.531     46.649  35.215438     3.1500     8.3456     0.0852     1.2690 8.0129e+02     3.8903     -0.010     -0.014    12.7058 0.0000e+00
     -0.010 1.9684e-09     6.3808     59.334     46.657  35.229650     3.2400     8.3151     0.0852     1.3959 9.4929e+02     3.8903     -0.010     -0.014    12.7154 0.0000e+00
     -0.010 1.5309e-09     6.3552     59.146     46.670  35.248022     3.2400     7.9222     0.0852     1.3959 9.2970e+02     3.6348     -0.010     -0.014    12.7246 0.0000e+00
     -0.010 1.1907e-09     6.3311     58.963     46.685  35.267534     3.2400     7.9146     0.0852     1.3959 7.6157e+02     3.5596     -0.010     -0.014    12.7335 0.0000e+00
     -0.010 9.2615e-10     6.3081     58.788     46.694  35.283484     3.2400     7.9222     0.0852     1.3959 8.9054e+02     3.6648     -0.010     -0.014    12.7423 0.0000e+00
     -0.010 7.2036e-10     6.2861     58.622     46.699  35.296166     3.2400     7.9031     0.0852     1.3536 9.3863e+02     3.7099     -0.010     -0.014    12.7510 0.0000e+00
     -0.010 5.6031e-10     6.2649     58.466     46.704  35.308962     3.2400     7.6628     0.0852     1.3536 9.9751e+02     3.8452     -0.010     -0.014    12.7598 0.0000e+00
     -0.010 4.3583e-10     6.2443     58.320     46.708  35.321324     3.2400     7.6780     0.0852     1.3536 1.0993e+03     3.7851     -0.010     -0.014    12.7688 0.0000e+00
     -0.010 3.3902e-10     6.2244     58.185     46.710  35.332586     3.2400     7.6513     0.0852     1.3536 8.9910e+02     3.7851     -0.010     -0.014    12.7781 0.0000e+00
     -0.010 2.6374e-10     6.2055     58.056     46.715  35.345754     3.2400     7.6628     0.0852     1.3536 9.5488e+02     3.8903     -0.010     -0.014    12.7877 0.0000e+00
     -0.010 2.0520e-10     6.1876     57.936     46.721  35.360377     3.2400     7.9756     0.1278     1.2267 9.3883e+02     3.9354     -0.010     -0.014    12.7977 0.0000e+00
     -0.010 1.5969e-10     6.1708     57.829     46.725  35.372433     3.2400     7.9680     0.1278     1.2267 9.0655e+02     3.8151     -0.010     -0.014    12.8078 0.0000e+00
     -0.010 1.2432e-10     6.1550     57.733     46.724  35.381177     3.2400     7.9756     0.1278     1.2267 9.0675e+02     3.8752     -0.010     -0.014    12.8181 0.0000e+00
     -0.010 9.6848e-11     6.1400     57.643     46.722  35.388940     3.2400     7.9794     0.1278     1.2267 9.4087e+02     3.8903     -0.010     -0.014    12.8285 0.0000e+00
     -0.010 7.5520e-11     6.1258     57.561     46.716  35.393831     3.2400     7.9718     0.1278     1.3113 9.3496e+02     3.7851     -0.010     -0.014    12.8389 0.0000e+00
     -0.010 5.8987e-11     6.1131     57.486     46.704  35.393195     3.2400     8.0290     0.1278     1.3113 9.3293e+02     3.7099     -0.010     -0.014    12.8491 0.0000e+00
     -0.010 4.6200e-11     6.1016     57.413     46.690  35.390822     3.2400     8.0443     0.1278     1.3113 9.6952e+02     3.5897     -0.009     -0.014    12.8592 0.0000e+00
     -0.010 3.6346e-11     6.0908     57.343     46.684  35.394003     3.2400     8.0252     0.1278     1.3113 9.7692e+02     3.5746     -0.009     -0.014    12.8690 0.0000e+00
     -0.010 2.8800e-11     6.0808     57.273     46.686  35.403586     3.3300     8.0405     0.0852     1.3536 9.3456e+02     3.6648     -0.009     -0.014    12.8785 0.0000e+00
     -0.010 2.3082e-11     6.0716     57.204     46.689  35.414204     3.3300     8.2960     0.0852     1.3536 9.6029e+02     3.6197     -0.009     -0.014    12.8878 0.0000e+00
     -0.010 1.8830e-11     6.0627     57.139     46.693  35.424728     3.3300     8.2960     0.0852     1.3536 9.0577e+02     3.7249     -0.009     -0.014    12.8967 0.0000e+00
     -0.010 1.5773e-11     6.0541     57.078     46.695  35.434005     3.3300     8.2808     0.0852     1.3536 9.1288e+02     3.6047     -0.009     -0.014    12.9054 0.0000e+00
     -0.010 1.3718e-11     6.0456     57.020     46.693  35.440546     3.2400     8.2808     0.0852     1.3959 8.3597e+02     3.6798     -0.009     -0.014    12.9138 0.0000e+00
     -0.010 1.2534e-11     6.0372     56.966     46.695  35.450058     3.2400     7.7162     0.0852     1.3959 8.4181e+02     3.5897     -0.009     -0.014    12.9221 0.0000e+00
     -0.010 1.2146e-11     6.0292     56.918     46.704  35.465076     3.2400     7.7238     0.0852     1.3959 8.4108e+02     3.5295     -0.009     -0.014    12.9305 0.0000e+00
     -0.010 1.2528e-11     6.0216     56.877     46.709  35.477724     3.2400     7.7009     0.0852     1.3959 8.2640e+02     3.7099     -0.009     -0.014    12.9390 0.0000e+00
     -0.010 1.3707e-11     6.0144     56.849     46.706  35.483452     3.2400     7.7124     0.0852     1.3959 7.5137e+02     3.6949     -0.009     -0.014    12.9476 0.0000e+00
     -0.010 1.5755e-11     6.0075     56.841     46.701  35.487749     3.1500     8.0328     0.1278     1.5651 7.5415e+02     3.6648     -0.009     -0.014    12.9563 0.0000e+00
     -0.010 1.8804e-11     6.0012     56.842     46.696  35.491760     3.1500     8.0061     0.1278     1.5651 6.8867e+02     3.6348     -0.009     -0.014    12.9651 0.0000e+00
     -0.010 2.3047e-11     5.9957     56.838     46.686  35.492595     3.1500     7.9947     0.1278     1.5651 6.4213e+02     3.6348     -0.009     -0.014    12.9741 0.0000e+00
     -0.010 2.8753e-11     5.9916     56.830     46.679  35.494438     3.1500     8.0366     0.1278     1.5651 6.0990e+02     3.6047     -0.009     -0.014    12.9830 0.0000e+00
     -0.010 3.6285e-11     5.9895     56.821     46.674  35.497781     3.2400     8.5287     0.0852     1.3959 5.6807e+02     3.9053     -0.009     -0.014    12.9918 0.0000e+00
     -0.010 4.6120e-11     5.9885     56.810     46.667  35.499553     3.2400     8.5173     0.0852     1.3959 5.0969e+02     3.8151     -0.009     -0.014    13.0005 0.0000e+00
     -0.010 5.8884e-11     5.9869     56.792     46.660  35.500228     3.2400     8.5516     0.0852     1.3959 4.7773e+02     3.7700     -0.009     -0.014    13.0089 0.0000e+00
     -0.010 7.5386e-11     5.9850     56.767     46.652  35.499986     3.2400     8.5135     0.0852     1.3959 4.3768e+02     3.8903     -0.009     -0.014    13.0169 0.0000e+00
     -0.010 9.6675e-11     5.9830     56.739     46.644  35.498763     3.2400     8.2007     0.0852     1.3959 3.7048e+02     3.6648     -0.009     -0.014    13.0246 0.0000e+00
     -0.010 1.2410e-10     5.9809     56.718     46.630  35.492271     3.2400     8.2197     0.0852     1.3959 2.4141e+02     3.6197     -0.009     -0.014    13.0317 0.0000e+00
     -0.010 1.5941e-10     5.9782     56.704     46.608  35.478780     3.2400     8.2083     0.0852     1.3959 1.6136e+02     3.6798     -0.009     -0.014    13.0384 0.0000e+00
     -0.010 2.0484e-10     5.9746     56.698     46.580  35.458653     3.2400     8.1930     0.0852     1.3959 1.8019e+02     3.6047     -0.009     -0.014    13.0444 0.0000e+00
     -0.010 2.6327e-10     5.9710     56.711     46.534  35.422561     3.2400     7.8116     0.0852     1.3959 2.4725e+02     3.6197     -0.009     -0.014    13.0497 0.0000e+00
     -0.010 3.3842e-10     5.9682     56.760     46.461  35.360882     3.2400     7.7658     0.0852     1.4382 3.1056e+02     3.6197     -0.009     -0.014    13.0542 0.0000e+00
     -0.010 4.3505e-10     5.9663     56.869     46.353  35.265089     3.2400     7.7810     0.0852     1.4382 2.9001e+02     3.6047     -0.009     -0.014    13.0574 0.0000e+00
     -0.010 5.5931e-10     5.9655     57.077     46.189  35.113599     3.2400     7.7849     0.0852     1.4382 2.8694e+02     3.6648     -0.009     -0.014    13.0589 0.0000e+00
     -0.010 7.1908e-10     5.9671     57.270     45.950  34.883840     3.2400     7.7429     0.0852     1.4382 2.9014e+02     3.8452     -0.009     -0.014    13.0573 0.0000e+00
     -0.010 9.2450e-10     5.9732     57.184     45.705  34.621488     3.2400     7.7467     0.1704     1.4805 2.4495e+02     3.7851     -0.009     -0.014    13.0507 0.0000e+00
     -0.010 1.1886e-09     5.9866     56.811     45.563  34.416998     3.2400     7.7353     0.1704     1.4805 2.2820e+02     3.8602     -0.009     -0.014    13.0356 0.0000e+00
     -0.010 1.5282e-09     6.0123     56.451     45.523  34.287133     3.2400     7.7009     0.1704     1.4805 2.3705e+02     3.7851     -0.009     -0.014    13.0065 0.0000e+00
     -0.010 1.9648e-09     6.0397     56.423     45.526  34.201217     3.2400     8.5249     0.1704     1.4805 2.1080e+02     4.0406     -0.009     -0.014    12.9539 0.0000e+00
     -0.009 2.5262e-09     6.0418     56.946     45.546  34.144257     3.2400     8.5173     0.1278     1.4382 2.0645e+02     4.0406     -0.009     -0.013    12.8702 0.0000e+00
     -0.009 3.2480e-09     6.0168     58.118     45.565  34.105023     3.2400     8.5097     0.1278     1.4382 1.9896e+02     4.0406     -0.009     -0.013    12.7640 0.0000e+00
     -0.009 4.1760e-09     5.9933     59.945     45.572  34.073051     3.2400     8.4830     0.1278     1.4382 2.1642e+02     4.1007     -0.009     -0.013    12.6555 0.0000e+00
     -0.009 5.3691e-09     6.0037     62.357     45.564  34.043774     3.2400     8.7576     0.1278     1.4382 2.3044e+02     3.6498     -0.009     -0.013    12.5588 0.0000e+00
     -0.009 6.9031e-09     6.0703     65.153     45.546  34.017307     3.2400     8.7538     0.0426     1.3959 2.5869e+02     3.6047     -0.009     -0.013    12.4801 0.0000e+00
     -0.009 8.8754e-09     6.2037     67.966     45.527  33.994513     3.2400     8.7653     0.0426     1.3959 3.0034e+02     3.6197     -0.009     -0.013    12.4213 0.0000e+00
     -0.010 1.1411e-08     6.4047     70.431     45.521  33.981198     3.2400     8.7386     0.0426     1.3959 3.2725e+02     3.6949     -0.010     -0.014    12.3804 0.0000e+00
     -0.010 1.4672e-08     6.6661     72.358     45.534  33.981733     3.2400     9.1849     0.0426     1.3959 3.6284e+02     3.6648     -0.010     -0.014    12.3549 0.0000e+00
     -0.010 1.8864e-08     6.9672     73.735     45.553  33.988337     3.2400     9.1658     0.0426     1.3959 4.1184e+02     3.5897     -0.010     -0.014    12.3407 0.0000e+00
     -0.009 2.4253e-08     7.2694     74.635     45.564  33.990888     3.2400     9.1391     0.1278     1.6074 4.5237e+02     3.6197     -0.009     -0.013    12.3313 0.0000e+00
     -0.009 3.1183e-08     7.5346     75.154     45.569  33.990067     3.2400     9.1696     0.1278     1.6074 4.9636e+02     3.6197     -0.009     -0.013    12.3216 0.0000e+00
     -0.009 4.0092e-08     7.7425     75.391     45.581  33.993577     3.2400     9.9516     0.1278     1.6074 4.9895e+02     3.8752     -0.009     -0.013    12.3115 0.0000e+00
     -0.009 5.1547e-08     7.8912     75.442     45.602  34.002354     3.2400     9.9631     0.1278     1.6074 5.1672e+02     3.9654     -0.009     -0.013    12.3032 0.0000e+00
     -0.009 6.6274e-08     7.9885     75.384     45.624  34.010816     3.2400     9.9440     0.0852     1.5651 5.2441e+02     3.8151     -0.009     -0.013    12.2973 0.0000e+00
     -0.009 8.5210e-08     8.0449     75.267     45.642  34.017260     3.2400     9.9593     0.0852     1.5651 5.2818e+02     3.9654     -0.009     -0.013    12.2923 0.0000e+00
     -0.009 1.0956e-07     8.0713     75.111     45.653  34.019440     3.2400    10.1233     0.0852     1.5651 5.4616e+02     3.8301     -0.009     -0.013    12.2862 0.0000e+00
     -0.009 1.4086e-07     8.0782     74.927     45.655  34.017940     3.2400    10.1042     0.0852     1.5651 5.8932e+02     3.7851     -0.009     -0.013    12.2784 0.0000e+00
     -0.009 1.8110e-07     8.0736     74.734     45.658  34.020280     3.2400    10.1233     0.0852     1.4382 5.9188e+02     3.9203     -0.009     -0.013    12.2697 0.0000e+00
     -0.009 2.3285e-07     8.0625     74.550     45.658  34.023123     3.2400    10.0966     0.0852     1.4382 6.2493e+02     3.8752     -0.009     -0.013    12.2618 0.0000e+00
