Data/DataNotYetUploadedToEDI/Raw_CTD/RawDownloads/110623_fcr50_S7809002.cnv
* Sea-Bird SBE19plus  Data File:
* FileName = C:\R\Reservoirs\Data\DataNotYetUploadedToEDI\Raw_CTD\RawDownloads\110623_bvr50_S7809_0002.hex
* Software version 2.8.0.119
* Temperature SN = 7809
* Conductivity SN = 7809
* System UpLoad Time = Nov 14 2023 16:54:44
* <ApplicationData>
* <Seaterm232>
# nquan = 15
# nvalues = 1503                        
# units = specified
# name 0 = depFM: Depth [fresh water, m]
# name 1 = dz/dtM: Descent Rate [m/s]
# name 2 = sbeox0Mg/L: Oxygen, SBE 43 [mg/l]
# name 3 = sbeox0PS: Oxygen, SBE 43 [% saturation]
# name 4 = specc: Specific Conductance [uS/cm]
# name 5 = c0uS/cm: Conductivity [uS/cm]
# name 6 = flECO-AFL: Fluorescence, WET Labs ECO-AFL/FL [mg/m^3]
# name 7 = ph: pH
# name 8 = orp: Oxidation Reduction Potential [mV]
# name 9 = par/sat/log: PAR/Logarithmic, Satlantic
# name 10 = turbWETntu0: Turbidity, WET Labs ECO [NTU]
# name 11 = prdM: Pressure, Strain Gauge [db]
# name 12 = prdE: Pressure, Strain Gauge [psi]
# name 13 = tv290C: Temperature [ITS-90, deg C]
# name 14 = flag:  0.000e+00
# span 0 =     -0.654,      9.660       
# span 1 =     -0.492,      0.207       
# span 2 =     3.4865,    11.9986       
# span 3 =     33.591,    111.706       
# span 4 =      0.772,    523.371       
# span 5 =   0.675856, 384.784601       
# span 6 =    -2.2452,    21.0974       
# span 7 =      4.477,      7.730       
# span 8 =  -953.0175,   931.0035       
# span 9 = 1.2358e-01, 1.7583e+03       
# span 10 =   -11.6706,   107.9254      
# span 11 =     -0.642,      9.475      
# span 12 =     -0.932,     13.742      
# span 13 =    11.6368,    18.7879      
# span 14 = 0.0000e+00, 0.0000e+00      
# interval = seconds: 0.25
# start_time = Nov 06 2023 14:02:17 [Instrument's time stamp, header]
# bad_flag = -9.990e-29
*END*
     -0.654 -2.808e-10     8.7624     94.029      0.804   0.703567    -0.0960      4.978  -228.5649 1.2904e+03     1.1026     -0.641     -0.930    18.7633 0.0000e+00
     -0.654 1.0232e-10     8.7622     94.017      0.788   0.689768    -0.0934      4.979  -299.0779 5.7436e+02     1.1328     -0.641     -0.930    18.7644 0.0000e+00
     -0.654 1.4311e-09     8.7609     94.006      0.773   0.676999    -0.0859      4.981  -381.5792 1.6031e+02     1.1773     -0.642     -0.931    18.7655 0.0000e+00
     -0.654 1.5778e-08     8.7650     93.998      0.772   0.675856    -0.0558      4.982  -475.3025 2.0221e+02     1.0605     -0.642     -0.931    18.7649 0.0000e+00
     -0.654 1.7356e-07     8.7643     93.998      0.772   0.675952     0.0045      4.982  -572.2300 2.9615e+02     0.8478     -0.641     -0.929    18.7620 0.0000e+00
     -0.654      0.000     8.7631     93.998      0.775   0.678162     0.0435      4.982  -668.9505 2.3552e+02     0.7577     -0.641     -0.930    18.7598 0.0000e+00
     -0.654      0.000     8.7629     94.018      0.803   0.702582     0.0573      4.981  -765.5934 1.6538e+02     0.7577     -0.641     -0.930    18.7571 0.0000e+00
     -0.654      0.000     8.7616     94.067      0.966   0.844526     0.1134      4.970  -864.0763 1.5377e+02     0.6757     -0.641     -0.929    18.7564 0.0000e+00
     -0.654      0.003     8.7635     94.093      2.452   2.141037     0.2064      4.833  -953.0175 2.9648e+02     0.4844     -0.642     -0.931    18.7512 0.0000e+00
     -0.654      0.013     8.7629     94.085      8.353   7.256765     0.2660      4.623  -512.0989 4.6293e+02     0.4262     -0.641     -0.930    18.7491 0.0000e+00
     -0.654      0.037     8.7653     94.140     18.885  16.190715     0.3931      4.657   303.4213 5.0746e+02     0.6888     -0.642     -0.931    18.7383 0.0000e+00
     -0.653      0.072     8.7711     94.248     30.275  25.426042     1.6433      4.921   463.4752 8.0153e+02     2.6352     -0.640     -0.929    18.7469 0.0000e+00
     -0.646      0.109     8.7757     94.316     38.819  31.933695     3.9209      5.171   267.5915 1.1601e+03     6.1275     -0.642     -0.932    18.7449 0.0000e+00
     -0.611      0.145     8.7620     94.624     42.525  34.366834     5.1759      5.364   243.3562 1.0322e+03     8.0717     -0.615     -0.892    18.7879 0.0000e+00
     -0.547      0.176     8.8290     95.338     43.462  34.545800     5.3324      5.546   237.7311 8.0199e+02     8.2771     -0.532     -0.772    18.4232 0.0000e+00
     -0.482      0.199     9.0699     96.011     44.182  34.604444     5.6537      5.717   234.5106 9.9938e+02     8.1666     -0.465     -0.675    17.2481 0.0000e+00
     -0.430      0.207     9.2754     96.477     44.789  34.694611     6.2142      5.847   232.2080 1.2292e+03     7.8975     -0.423     -0.614    16.1295 0.0000e+00
     -0.379      0.199     9.4318     96.894     45.249  34.810735     6.5163      5.937   231.3149 1.2585e+03     7.7564     -0.374     -0.542    15.3988 0.0000e+00
     -0.326      0.183     9.6803     97.234     45.671  34.993049     6.5765      5.998   231.7135 1.2700e+03     7.7923     -0.318     -0.461    14.7241 0.0000e+00
     -0.278      0.164     9.8821     97.515     46.037  35.185686     6.9589      6.035   232.4678 1.2839e+03     7.8533     -0.267     -0.388    14.1065 0.0000e+00
     -0.241      0.145    10.0106     97.777     46.242  35.299767     7.6441      6.057   232.9497 1.2991e+03     7.8453     -0.236     -0.343    13.6638 0.0000e+00
     -0.206      0.126    10.1183     97.959     46.323  35.357160     8.0111      6.072   233.1522 1.3114e+03     7.7637     -0.202     -0.292    13.4274 0.0000e+00
     -0.174      0.109    10.1791     98.099     46.422  35.435467     8.0337      6.079   233.6249 1.3221e+03     7.7202     -0.166     -0.240    13.2920 0.0000e+00
     -0.153      0.095    10.2275     98.299     46.580  35.548620     8.0425      6.077   234.1911 1.3302e+03     7.7296     -0.148     -0.213    13.1947 0.0000e+00
     -0.138      0.083    10.2727     98.532     46.727  35.646615     8.2251      6.069   234.6636 1.3263e+03     7.7405     -0.137     -0.198    13.1450 0.0000e+00
     -0.118      0.072    10.2861     98.730     46.843  35.731991     8.5686      6.062   235.8110 1.1933e+03     7.7504     -0.118     -0.172    13.1624 0.0000e+00
     -0.096      0.061    10.2913     98.881     46.924  35.819471     8.7588      6.057   237.4800 9.2552e+02     7.7467     -0.092     -0.133    13.1685 0.0000e+00
     -0.077      0.051    10.3185     98.979     46.949  35.879492     8.7773      6.057   238.2382 7.6055e+02     7.7295     -0.074     -0.106    13.1588 0.0000e+00
     -0.066      0.042    10.3512     99.011     46.914  35.886689     8.9091      6.062   237.6653 7.6860e+02     7.6793     -0.064     -0.093    13.1380 0.0000e+00
     -0.059      0.036    10.3746     99.002     46.827  35.843083     9.1696      6.072   236.3186 8.4776e+02     7.5842     -0.056     -0.082    13.1212 0.0000e+00
     -0.056      0.038    10.3829     98.977     46.831  35.859890     9.3053      6.079   235.1183 8.8778e+02     7.5011     -0.054     -0.078    13.1579 0.0000e+00
     -0.054      0.049    10.3813     98.941     46.954  35.963003     9.3599      6.080   235.0267 9.7877e+02     7.4948     -0.055     -0.079    13.2124 0.0000e+00
     -0.048      0.064    10.3751     98.976     46.966  36.011142    10.0295      6.077   235.5550 1.0252e+03     7.7128     -0.051     -0.074    13.2501 0.0000e+00
     -0.029      0.077    10.3669     99.141     46.801  35.997816    11.2760      6.075   235.7415 8.1083e+02     8.0865     -0.035     -0.051    13.2701 0.0000e+00
      0.004      0.087    10.3631     99.393     46.596  35.992362    11.9543      6.073   235.7323 6.2151e+02     8.2559      0.002      0.002    13.2877 0.0000e+00
      0.040      0.088    10.3538     99.682     46.471  36.008828    12.0302      6.072   235.5294 5.5174e+02     8.2245      0.043      0.064    13.2887 0.0000e+00
      0.068      0.082    10.3528     99.966     46.479  36.070138    12.4186      6.072   235.2677 5.8827e+02     8.0826      0.071      0.103    13.2929 0.0000e+00
      0.086      0.068    10.3417    100.171     46.566  36.162643    13.1542      6.072   235.4934 6.5666e+02     7.8721      0.087      0.124    13.4351 0.0000e+00
      0.097      0.050    10.3214    100.309     46.636  36.238993    13.5675      6.072   235.9356 5.4724e+02     7.7975      0.097      0.140    13.6442 0.0000e+00
      0.103      0.034    10.3244    100.468     46.688  36.295337    13.6284      6.073   236.2256 4.5814e+02     7.7960      0.102      0.147    13.7657 0.0000e+00
      0.107      0.023    10.3472    100.544     46.734  36.336282    13.8984      6.074   236.4187 5.7300e+02     7.6821      0.105      0.152    13.8097 0.0000e+00
      0.112      0.016    10.3677    100.425     46.756  36.353349    14.4187      6.074   236.6363 6.6781e+02     7.5480      0.110      0.159    13.8231 0.0000e+00
      0.116      0.013    10.3648    100.254     46.784  36.374787    14.7173      6.075   236.7908 5.7450e+02     7.5414      0.115      0.166    13.8533 0.0000e+00
      0.119      0.012    10.3841    100.173     46.820  36.405126    14.7536      6.076   236.9103 5.5310e+02     7.5676      0.117      0.170    13.8736 0.0000e+00
      0.120      0.014    10.4011    100.158     46.809  36.402910    14.7996      6.076   237.3923 6.2755e+02     7.5234      0.118      0.171    13.8729 0.0000e+00
      0.122      0.017    10.3778    100.153     46.808  36.411454    15.2986      6.076   238.2313 6.3815e+02     7.5198      0.120      0.173    13.8735 0.0000e+00
      0.124      0.022    10.3547    100.168     46.841  36.444986    16.2339      6.076   238.9670 6.1441e+02     7.6596      0.120      0.174    13.8708 0.0000e+00
      0.130      0.026    10.3490    100.234     46.814  36.427634    16.7618      6.075   239.0609 5.9406e+02     7.8133      0.126      0.182    13.8721 0.0000e+00
      0.141      0.030    10.3486    100.339     46.771  36.392018    16.8704      6.075   238.5913 5.9361e+02     7.8753      0.138      0.198    13.8797 0.0000e+00
      0.152      0.034    10.3446    100.453     46.713  36.331622    17.4724      6.075   238.5379 5.5176e+02     7.8976      0.152      0.220    13.8916 0.0000e+00
      0.161      0.037    10.3419    100.554     46.671  36.268446    18.5553      6.075   239.1893 5.2924e+02     7.9117      0.159      0.231    13.9013 0.0000e+00
      0.168      0.041    10.3484    100.623     46.814  36.326103    19.1515      6.074   239.9283 5.4509e+02     7.9770      0.164      0.238    13.9044 0.0000e+00
      0.176      0.043    10.3611    100.689     46.981  36.394154    19.2465      6.073   240.4179 5.1951e+02     8.0731      0.174      0.251    13.9070 0.0000e+00
      0.187      0.042    10.3758    100.791     46.920  36.329741    19.5036      6.072   240.6357 4.7431e+02     8.1176      0.179      0.260    13.8901 0.0000e+00
      0.203      0.040    10.3963    100.890     46.692  36.181806    19.9390      6.072   240.6678 4.5245e+02     8.1395      0.198      0.288    13.8576 0.0000e+00
      0.220      0.036    10.4126    100.949     46.527  36.064931    20.1661      6.074   240.8072 4.4465e+02     8.1665      0.222      0.320    13.8089 0.0000e+00
      0.229      0.030    10.4406    100.996     46.546  36.058766    20.1927      6.076   241.2023 4.1604e+02     8.2052      0.228      0.329    13.7044 0.0000e+00
      0.231      0.024    10.4592    101.025     46.643  36.107237    20.3273      6.078   241.8311 3.9252e+02     8.2317      0.227      0.329    13.6808 0.0000e+00
      0.232      0.018    10.4536    101.017     46.728  36.143351    20.5628      6.080   242.4732 3.9226e+02     8.2127      0.227      0.329    13.7633 0.0000e+00
      0.234      0.016    10.4550    101.011     46.818  36.178124    20.6839      6.081   242.8570 4.0962e+02     8.1798      0.230      0.333    13.7679 0.0000e+00
      0.238      0.017    10.4697    101.015     46.913  36.210365    20.6925      6.083   243.0304 4.5580e+02     8.1760      0.233      0.337    13.7283 0.0000e+00
      0.244      0.019    10.4813    101.026     46.981  36.215862    20.7670      6.085   243.1924 4.8600e+02     8.1680      0.238      0.346    13.7044 0.0000e+00
      0.252      0.019    10.4829    101.060     47.001  36.181091    20.9182      6.086   243.5257 4.7496e+02     8.1170      0.247      0.358    13.6736 0.0000e+00
      0.258      0.018    10.4922    101.107     46.972  36.107158    20.9977      6.088   244.0485 4.5150e+02     8.0371      0.254      0.368    13.6372 0.0000e+00
      0.263      0.015    10.5034    101.157     46.930  36.019863    20.9874      6.090   244.8673 4.4205e+02     7.9533      0.258      0.375    13.5914 0.0000e+00
      0.266      0.011    10.5148    101.208     46.909  35.950426    20.9689      6.092   245.7692 4.6309e+02     7.9235      0.261      0.378    13.5400 0.0000e+00
      0.266      0.007    10.5323    101.232     46.906  35.902054    20.9163      6.093   246.2630 4.7292e+02     7.9158      0.262      0.379    13.4863 0.0000e+00
      0.267      0.004    10.5497    101.205     46.925  35.879111    20.8245      6.096   246.5362 4.5636e+02     7.8605      0.261      0.379    13.4334 0.0000e+00
      0.268      0.002    10.5686    101.166     46.942  35.863339    20.7661      6.097   246.7491 4.6221e+02     7.8018      0.263      0.381    13.3724 0.0000e+00
      0.268      0.002    10.5893    101.141     46.942  35.838224    20.7438      6.098   246.7720 4.7466e+02     7.7533      0.263      0.381    13.3127 0.0000e+00
      0.268      0.002    10.6057    101.121     46.965  35.829239    20.7218      6.099   247.1567 4.4056e+02     7.7519      0.263      0.381    13.2641 0.0000e+00
      0.269      0.001    10.6092    101.108     46.989  35.818122    20.7082      6.102   248.0456 3.9718e+02     7.8867      0.264      0.382    13.2240 0.0000e+00
      0.269      0.001    10.6110    101.091     46.962  35.767223    20.7118      6.105   248.6570 3.9409e+02     8.0503      0.264      0.383    13.1942 0.0000e+00
      0.269      0.002    10.6161    101.072     46.857  35.657941    20.6986      6.108   248.7850 4.1245e+02     8.0904      0.264      0.383    13.1696 0.0000e+00
      0.270      0.005    10.6183    101.068     46.701  35.511991    20.5573      6.112   248.9046 4.1300e+02     8.0299      0.264      0.383    13.1431 0.0000e+00
      0.270      0.010    10.6267    101.089     46.751  35.525332    20.3178      6.114   249.3293 4.1564e+02     7.9682      0.265      0.384    13.1110 0.0000e+00
      0.271      0.015    10.6320    101.137     47.086  35.755768    20.1923      6.115   249.8758 4.2402e+02     7.9940      0.265      0.384    13.0763 0.0000e+00
      0.274      0.019    10.6370    101.204     47.383  35.950461    20.1713      6.116   250.2637 4.0191e+02     8.0686      0.267      0.387    13.0452 0.0000e+00
      0.283      0.021    10.6434    101.281     47.464  35.975776    20.0221      6.117   250.4914 3.9218e+02     8.1525      0.276      0.398    13.0158 0.0000e+00
      0.294      0.021    10.6516    101.348     47.363  35.871456    19.7538      6.118   250.7362 4.0158e+02     8.2913      0.291      0.421    12.9881 0.0000e+00
      0.302      0.019    10.6623    101.393     47.161  35.704325    19.6157      6.119   251.0728 3.8976e+02     8.4148      0.299      0.432    12.9691 0.0000e+00
      0.304      0.014    10.6760    101.422     46.954  35.541275    19.6096      6.121   251.2922 3.7668e+02     8.4837      0.298      0.433    12.9383 0.0000e+00
      0.305      0.008    10.6974    101.432     46.801  35.422855    19.5962      6.121   251.4092 3.9454e+02     8.3736      0.299      0.434    12.8893 0.0000e+00
      0.305      0.003    10.7123    101.383     46.709  35.351177    19.5701      6.123   251.7134 4.1154e+02     8.0396      0.299      0.434    12.8583 0.0000e+00
      0.305      0.000    10.7191    101.247     46.654  35.309121    19.5517      6.124   252.0450 4.0190e+02     7.7922      0.300      0.435    12.8484 0.0000e+00
      0.305 4.0381e-10    10.7225    101.038     46.634  35.295061    19.5492      6.125   252.3212 3.8787e+02     7.7402      0.299      0.434    12.8433 0.0000e+00
      0.305 4.4419e-09    10.7269    100.773     46.649  35.308079    19.5315      6.126   252.7306 3.8681e+02     7.7522      0.299      0.434    12.8407 0.0000e+00
      0.305 4.8861e-08    10.7235    100.458     46.689  35.339624    19.2621      6.127   252.7790 4.2724e+02     7.7666      0.299      0.433    12.8388 0.0000e+00
      0.305 5.1940e-08    10.7078    100.121     46.712  35.359214    18.7730      6.130   252.3905 4.5424e+02     7.7439      0.299      0.433    12.8384 0.0000e+00
      0.305 4.1669e-08    10.6848     99.819     46.702  35.354593    18.5028      6.132   252.3346 4.1569e+02     7.6821      0.299      0.434    12.8398 0.0000e+00
      0.305 4.1021e-07    10.6565     99.567     46.692  35.347207    18.4336      6.134   252.6193 4.0609e+02     7.7031      0.299      0.434    12.8412 0.0000e+00
      0.305      0.000    10.6228     99.365     46.677  35.333364    17.9861      6.136   252.9931 4.3400e+02     7.8268      0.299      0.434    12.8424 0.0000e+00
      0.305      0.000    10.5822     99.225     46.657  35.314112    17.1714      6.138   253.0684 4.1822e+02     7.9481      0.300      0.435    12.8453 0.0000e+00
      0.305      0.001    10.5501     99.168     46.651  35.304784    16.7227      6.140   252.6692 3.8894e+02     8.0081      0.299      0.434    12.8492 0.0000e+00
      0.305      0.001    10.5237     99.218     46.627  35.284019    16.6817      6.141   252.5551 3.8146e+02     7.9719      0.299      0.434    12.8502 0.0000e+00
      0.305      0.001    10.5014     99.266     46.588  35.253390    16.7837      6.144   252.8068 3.8324e+02     7.8856      0.299      0.434    12.8468 0.0000e+00
