Data/DataNotYetUploadedToEDI/Raw_CTD/RawDownloads/110623_bvr50_S7809001.cnv
* Sea-Bird SBE19plus  Data File:
* FileName = C:\R\Reservoirs\Data\DataNotYetUploadedToEDI\Raw_CTD\RawDownloads\110623_bvr50_S7809_0001.hex
* Software version 2.8.0.119
* Temperature SN = 7809
* Conductivity SN = 7809
* System UpLoad Time = Nov 14 2023 16:54:05
* <ApplicationData>
* <Seaterm232>
# nquan = 15
# nvalues = 2104                        
# units = specified
# name 0 = depFM: Depth [fresh water, m]
# name 1 = dz/dtM: Descent Rate [m/s]
# name 2 = sbeox0Mg/L: Oxygen, SBE 43 [mg/l]
# name 3 = sbeox0PS: Oxygen, SBE 43 [% saturation]
# name 4 = specc: Specific Conductance [uS/cm]
# name 5 = c0uS/cm: Conductivity [uS/cm]
# name 6 = flECO-AFL: Fluorescence, WET Labs ECO-AFL/FL [mg/m^3]
# name 7 = ph: pH
# name 8 = orp: Oxidation Reduction Potential [mV]
# name 9 = par/sat/log: PAR/Logarithmic, Satlantic
# name 10 = turbWETntu0: Turbidity, WET Labs ECO [NTU]
# name 11 = prdM: Pressure, Strain Gauge [db]
# name 12 = prdE: Pressure, Strain Gauge [psi]
# name 13 = tv290C: Temperature [ITS-90, deg C]
# name 14 = flag:  0.000e+00
# span 0 =     -0.700,      8.704       
# span 1 =     -0.301,      0.130       
# span 2 =     5.0611,    10.8022       
# span 3 =     46.670,    100.856       
# span 4 =     34.533,     45.461       
# span 5 =  25.344447,  33.145387       
# span 6 =    -0.0968,    22.6928       
# span 7 =      6.007,      6.772       
# span 8 =   170.8054,   315.7276       
# span 9 = 1.2365e-01, 1.1005e+03       
# span 10 =    -0.3802,   854.8581      
# span 11 =     -0.688,      8.536      
# span 12 =     -0.998,     12.380      
# span 13 =    11.4510,    12.3781      
# span 14 = 0.0000e+00, 0.0000e+00      
# interval = seconds: 0.25
# start_time = Nov 06 2023 11:16:39 [Instrument's time stamp, header]
# bad_flag = -9.990e-29
*END*
[from data line 1157]
      4.704      0.021     7.4700     68.680     34.724  25.383673     2.2848      6.631   285.3497 9.9350e-01    14.3249      4.613      6.691    11.5505 0.0000e+00
      4.708      0.020     7.4788     68.660     34.723  25.382520     2.3087      6.631   285.3943 9.9432e-01    14.4148      4.617      6.697    11.5494 0.0000e+00
      4.712      0.018     7.4896     68.638     34.706  25.369940     2.3175      6.631   285.3572 9.8475e-01    14.3749      4.621      6.702    11.5486 0.0000e+00
      4.717      0.017     7.4841     68.612     34.690  25.358409     2.3327      6.631   285.3311 9.6825e-01    14.2859      4.625      6.708    11.5481 0.0000e+00
      4.722      0.017     7.4748     68.613     34.706  25.369931     2.3757      6.632   285.4225 9.5559e-01    14.2277      4.630      6.716    11.5478 0.0000e+00
      4.726      0.017     7.4770     68.631     34.722  25.382415     2.4136      6.632   285.5162 9.4746e-01    14.2173      4.635      6.722    11.5475 0.0000e+00
      4.730      0.017     7.4736     68.636     34.722  25.382519     2.4248      6.632   285.6028 9.4173e-01    14.1943      4.639      6.728    11.5474 0.0000e+00
      4.734      0.018     7.4691     68.661     34.707  25.371188     2.4776      6.632   285.6099 9.3725e-01    14.1885      4.642      6.733    11.5475 0.0000e+00
      4.737      0.019     7.4689     68.708     34.709  25.372247     2.5777      6.632   285.6025 9.3299e-01    14.2505      4.645      6.737    11.5474 0.0000e+00
      4.742      0.020     7.4745     68.701     34.740  25.395318     2.6371      6.632   285.6855 9.2264e-01    14.3285      4.649      6.744    11.5476 0.0000e+00
      4.748      0.021     7.4725     68.647     34.742  25.396470     2.6458      6.633   285.7532 9.1643e-01    14.3805      4.655      6.752    11.5475 0.0000e+00
      4.754      0.022     7.4722     68.593     34.728  25.386178     2.6079      6.633   285.7323 9.1148e-01    14.3669      4.663      6.762    11.5474 0.0000e+00
      4.761      0.022     7.4857     68.547     34.743  25.397718     2.5281      6.633   285.7769 9.0513e-01    14.3348      4.669      6.771    11.5475 0.0000e+00
      4.766      0.021     7.4815     68.526     34.758  25.409155     2.4803      6.633   285.8625 9.1320e-01    14.3339      4.674      6.779    11.5474 0.0000e+00
      4.770      0.020     7.4737     68.543     34.742  25.397625     2.4799      6.633   285.8205 9.1830e-01    14.3218      4.678      6.785    11.5472 0.0000e+00
      4.775      0.020     7.4685     68.575     34.725  25.385150     2.4818      6.633   285.7850 9.0162e-01    14.3245      4.683      6.792    11.5472 0.0000e+00
      4.780      0.020     7.4624     68.597     34.726  25.385160     2.4444      6.633   285.8630 8.7479e-01    14.3332      4.688      6.798    11.5474 0.0000e+00
      4.785      0.021     7.4589     68.612     34.745  25.397739     2.3854      6.633   285.9902 8.6705e-01    14.3585      4.692      6.805    11.5480 0.0000e+00
      4.790      0.021     7.4621     68.602     34.763  25.410404     2.3674      6.633   286.0320 8.7415e-01    14.4258      4.698      6.814    11.5487 0.0000e+00
      4.796      0.021     7.4676     68.557     34.765  25.411451     2.3854      6.633   286.0249 8.6846e-01    14.4294      4.703      6.821    11.5486 0.0000e+00
      4.802      0.020     7.4683     68.497     34.763  25.410402     2.4444      6.634   286.0759 8.5814e-01    14.3683      4.709      6.830    11.5475 0.0000e+00
      4.808      0.019     7.4718     68.446     34.746  25.397718     2.5404      6.634   286.0463 8.5235e-01    14.3348      4.716      6.840    11.5463 0.0000e+00
      4.813      0.018     7.4710     68.402     34.728  25.384921     2.5887      6.634   285.9249 8.5077e-01    14.3669      4.721      6.847    11.5456 0.0000e+00
      4.817      0.017     7.4661     68.382     34.725  25.382520     2.5959      6.634   285.8990 8.5077e-01    14.4152      4.724      6.851    11.5449 0.0000e+00
      4.820      0.017     7.4570     68.399     34.705  25.368693     2.6189      6.634   285.9911 8.4688e-01    14.4060      4.727      6.855    11.5447 0.0000e+00
      4.823      0.018     7.4533     68.429     34.672  25.344574     2.6419      6.635   286.0057 8.4092e-01    14.3578      4.730      6.860    11.5447 0.0000e+00
      4.828      0.020     7.4472     68.461     34.672  25.344573     2.6495      6.635   285.9899 8.3363e-01    14.3112      4.733      6.866    11.5451 0.0000e+00
      4.834      0.022     7.4431     68.479     34.705  25.368683     2.6450      6.635   286.0584 8.2704e-01    14.3203      4.739      6.874    11.5460 0.0000e+00
      4.840      0.025     7.4479     68.478     34.725  25.382405     2.6202      6.635   286.0591 8.2255e-01    14.4001      4.747      6.884    11.5467 0.0000e+00
      4.847      0.028     7.4498     68.464     34.727  25.383653     2.5738      6.635   286.0847 8.1930e-01    14.4216      4.754      6.894    11.5470 0.0000e+00
      4.853      0.031     7.4550     68.434     34.727  25.383766     2.5342      6.635   286.1966 8.1710e-01    14.3409      4.759      6.903    11.5465 0.0000e+00
      4.860      0.033     7.4575     68.421     34.727  25.383767     2.5242      6.634   286.2064 8.0418e-01    14.3133      4.765      6.912    11.5458 0.0000e+00
      4.870      0.034     7.4558     68.459     34.727  25.383664     2.5189      6.633   286.2030 7.8855e-01    14.3951      4.775      6.925    11.5454 0.0000e+00
      4.880      0.034     7.4560     68.515     34.725  25.382520     2.5036      6.634   286.2425 7.7926e-01    14.4759      4.786      6.942    11.5452 0.0000e+00
      4.890      0.033     7.4513     68.578     34.708  25.369941     2.4897      6.634   286.2539 7.5962e-01    14.4703      4.796      6.957    11.5449 0.0000e+00
      4.899      0.032     7.4464     68.646     34.692  25.358409     2.4753      6.634   286.3405 7.4687e-01    14.3952      4.804      6.968    11.5446 0.0000e+00
      4.906      0.029     7.4546     68.687     34.708  25.369930     2.4626      6.634   286.4288 7.5387e-01    14.3196      4.811      6.978    11.5446 0.0000e+00
      4.912      0.027     7.4601     68.696     34.725  25.382405     2.3937      6.634   286.4614 7.5853e-01    14.3071      4.817      6.987    11.5449 0.0000e+00
      4.918      0.025     7.4660     68.669     34.725  25.382395     2.2589      6.634   286.4766 7.4995e-01    14.3466      4.823      6.995    11.5451 0.0000e+00
      4.924      0.025     7.4766     68.613     34.708  25.369817     2.1727      6.634   286.4408 7.3358e-01    14.3537      4.829      7.004    11.5450 0.0000e+00
      4.931      0.025     7.4798     68.547     34.690  25.357162     2.1673      6.634   286.4586 7.1916e-01    14.3246      4.835      7.013    11.5447 0.0000e+00
      4.937      0.026     7.4813     68.482     34.689  25.356217     2.2431      6.634   286.6052 7.0819e-01    14.3360      4.841      7.021    11.5447 0.0000e+00
      4.943      0.028     7.4787     68.437     34.692  25.358400     2.3656      6.634   286.6652 7.0008e-01    14.3891      4.848      7.031    11.5453 0.0000e+00
      4.950      0.029     7.4702     68.412     34.727  25.383550     2.4163      6.635   286.5810 6.9631e-01    14.3862      4.854      7.041    11.5457 0.0000e+00
      4.958      0.029     7.4645     68.385     34.759  25.406631     2.4067      6.634   286.5337 6.9843e-01    14.3351      4.862      7.052    11.5455 0.0000e+00
      4.967      0.029     7.4555     68.376     34.729  25.383787     2.4828      6.634   286.5237 7.0374e-01    14.3179      4.871      7.065    11.5452 0.0000e+00
      4.974      0.028     7.4505     68.380     34.699  25.361020     2.6373      6.635   286.5462 7.0178e-01    14.3152      4.879      7.076    11.5450 0.0000e+00
      4.981      0.027     7.4507     68.367     34.733  25.385035     2.7182      6.635   286.5477 6.8941e-01    14.3363      4.885      7.085    11.5445 0.0000e+00
      4.988      0.025     7.4446     68.356     34.782  25.420477     2.7203      6.636   286.5422 6.7601e-01    14.4014      4.892      7.095    11.5437 0.0000e+00
      4.995      0.023     7.4447     68.363     34.767  25.409022     2.6706      6.636   286.5653 6.6877e-01    14.4534      4.899      7.105    11.5428 0.0000e+00
      5.000      0.022     7.4478     68.383     34.719  25.373382     2.5911      6.636   286.5685 6.6738e-01    14.4865      4.904      7.113    11.5416 0.0000e+00
      5.005      0.021     7.4448     68.402     34.714  25.370065     2.5500      6.636   286.5817 6.7079e-01    14.4605      4.908      7.119    11.5404 0.0000e+00
      5.010      0.021     7.4425     68.378     34.713  25.368922     2.5400      6.637   286.6380 6.6686e-01    14.3783      4.913      7.125    11.5396 0.0000e+00
      5.015      0.022     7.4450     68.288     34.700  25.359556     2.5449      6.637   286.7332 6.5167e-01    14.3473      4.918      7.132    11.5391 0.0000e+00
      5.020      0.023     7.4461     68.180     34.733  25.383666     2.5595      6.637   286.7012 6.4447e-01    14.3926      4.923      7.140    11.5390 0.0000e+00
      5.026      0.025     7.4508     68.079     34.765  25.406756     2.5675      6.637   286.5939 6.5111e-01    14.4818      4.929      7.148    11.5388 0.0000e+00
      5.032      0.027     7.4502     67.980     34.736  25.385047     2.5581      6.638   286.6413 6.5312e-01    14.5040      4.935      7.158    11.5384 0.0000e+00
      5.040      0.028     7.4367     67.913     34.723  25.374869     2.5367      6.639   286.7579 6.4127e-01    14.4210      4.942      7.168    11.5383 0.0000e+00
      5.048      0.029     7.4241     67.902     34.773  25.410528     2.5008      6.639   286.7993 6.2742e-01    14.3669      4.950      7.180    11.5385 0.0000e+00
      5.056      0.029     7.4149     67.946     34.808  25.435688     2.4573      6.639   286.7978 6.1669e-01    14.3966      4.958      7.191    11.5381 0.0000e+00
      5.063      0.029     7.4018     68.013     34.794  25.425396     2.4348      6.639   286.8253 6.1777e-01    14.4037      4.965      7.201    11.5374 0.0000e+00
      5.070      0.028     7.3938     68.061     34.777  25.412919     2.4199      6.639   286.8738 6.2452e-01    14.3510      4.972      7.211    11.5363 0.0000e+00
      5.077      0.027     7.3930     68.083     34.776  25.411672     2.3940      6.639   286.9544 6.1296e-01    14.3391      4.979      7.222    11.5351 0.0000e+00
      5.084      0.027     7.3986     68.095     34.774  25.410320     2.3710      6.640   287.0252 5.9572e-01    14.3969      4.986      7.232    11.5344 0.0000e+00
      5.090      0.027     7.4093     68.095     34.756  25.396579     2.3672      6.641   287.0414 5.9205e-01    14.4357      4.992      7.240    11.5338 0.0000e+00
      5.096      0.027     7.4138     68.058     34.723  25.372363     2.3644      6.641   287.0639 5.9665e-01    14.3977      4.997      7.247    11.5334 0.0000e+00
      5.103      0.027     7.4154     67.980     34.721  25.371200     2.3452      6.641   287.1254 5.9860e-01    14.3827      5.004      7.258    11.5334 0.0000e+00
      5.112      0.027     7.4164     67.896     34.736  25.382523     2.3270      6.640   287.2693 5.9206e-01    14.4252      5.014      7.271    11.5333 0.0000e+00
      5.119      0.027     7.4184     67.828     34.736  25.382428     2.3194      6.640   287.3409 5.8462e-01    14.4328      5.020      7.281    11.5330 0.0000e+00
      5.125      0.026     7.4145     67.755     34.719  25.370048     2.3119      6.640   287.2165 5.7506e-01    14.4398      5.026      7.289    11.5330 0.0000e+00
      5.131      0.025     7.4044     67.686     34.704  25.359679     2.2855      6.640   287.1425 5.6376e-01    14.4423      5.032      7.297    11.5332 0.0000e+00
      5.137      0.023     7.3929     67.649     34.737  25.383894     2.2490      6.641   287.1343 5.6363e-01    14.4293      5.038      7.308    11.5332 0.0000e+00
      5.144      0.021     7.3888     67.648     34.772  25.409158     2.2377      6.641   287.0305 5.5600e-01    14.4528      5.046      7.318    11.5331 0.0000e+00
      5.150      0.019     7.3794     67.687     34.775  25.411464     2.2403      6.642   286.9205 5.4226e-01    14.4185      5.051      7.326    11.5333 0.0000e+00
      5.154      0.019     7.3703     67.765     34.775  25.411777     2.2388      6.643   286.9220 5.4230e-01    14.3219      5.054      7.331    11.5338 0.0000e+00
      5.157      0.020     7.3668     67.856     34.777  25.412939     2.3115      6.643   287.0497 5.4209e-01    14.3104      5.056      7.334    11.5340 0.0000e+00
      5.161      0.022     7.3661     67.919     34.794  25.425510     2.4618      6.642   287.1727 5.3760e-01    14.3818      5.059      7.339    11.5341 0.0000e+00
      5.166      0.024     7.3704     67.943     34.810  25.436936     2.5491      6.642   287.2055 5.3572e-01    14.4331      5.065      7.347    11.5341 0.0000e+00
      5.175      0.025     7.3793     67.953     34.792  25.424252     2.5512      6.643   287.1879 5.3248e-01    14.4191      5.074      7.360    11.5340 0.0000e+00
      5.184      0.026     7.3925     67.961     34.758  25.398989     2.5374      6.645   287.1321 5.2763e-01    14.3824      5.084      7.373    11.5344 0.0000e+00
      5.191      0.026     7.3985     67.934     34.739  25.385161     2.5404      6.645   287.1338 5.2086e-01    14.3991      5.090      7.383    11.5346 0.0000e+00
      5.196      0.025     7.4011     67.892     34.737  25.383905     2.5546      6.644   287.2942 5.1585e-01    14.4508      5.095      7.390    11.5347 0.0000e+00
      5.201      0.023     7.3989     67.857     34.737  25.383790     2.5501      6.643   287.4360 5.1298e-01    14.4603      5.099      7.396    11.5345 0.0000e+00
      5.207      0.023     7.4050     67.829     34.737  25.383780     2.4780      6.642   287.4725 5.0971e-01    14.4122      5.105      7.405    11.5344 0.0000e+00
      5.213      0.024     7.3990     67.832     34.738  25.383779     2.3483      6.642   287.5632 5.1286e-01    14.3809      5.112      7.414    11.5346 0.0000e+00
      5.218      0.025     7.3933     67.877     34.738  25.383779     2.2806      6.642   287.5867 5.1682e-01    14.4243      5.117      7.421    11.5345 0.0000e+00
      5.224      0.025     7.3916     67.975     34.737  25.383779     2.2923      6.642   287.4974 5.0703e-01    14.4586      5.122      7.428    11.5344 0.0000e+00
      5.231      0.025     7.3847     68.056     34.737  25.383779     2.2983      6.642   287.5164 4.8811e-01    14.4193      5.129      7.439    11.5341 0.0000e+00
      5.238      0.025     7.3878     68.053     34.737  25.383779     2.2780      6.642   287.6449 4.8423e-01    14.3935      5.138      7.451    11.5338 0.0000e+00
      5.245      0.024     7.3890     68.024     34.737  25.383779     2.2545      6.642   287.7594 4.9484e-01    14.4200      5.144      7.461    11.5338 0.0000e+00
      5.251      0.023     7.4034     68.014     34.737  25.383779     2.2485      6.643   287.7834 4.9605e-01    14.4668      5.150      7.469    11.5340 0.0000e+00
      5.256      0.021     7.4180     68.000     34.738  25.383780     2.2969      6.643   287.7619 4.8104e-01    14.4798      5.155      7.476    11.5341 0.0000e+00
      5.261      0.020     7.4119     67.987     34.738  25.383781     2.3724      6.644   287.7582 4.7741e-01    14.4074      5.160      7.484    11.5341 0.0000e+00
      5.266      0.019     7.4068     67.991     34.739  25.383790     2.4131      6.645   287.7383 4.8198e-01    14.3767      5.164      7.491    11.5340 0.0000e+00
      5.270      0.019     7.4089     68.012     34.740  25.383894     2.4306      6.645   287.7799 4.6628e-01    14.4167      5.168      7.496    11.5339 0.0000e+00
      5.275      0.020     7.4059     68.043     34.742  25.385039     2.4261      6.645   287.9172 4.5229e-01    14.3784      5.173      7.503    11.5335 0.0000e+00
