Data/DataNotYetUploadedToEDI/Raw_CTD/RawDownloads/110623_bvr50_S8188001.cnv
* Sea-Bird SBE19plus  Data File:
* FileName = C:\R\Reservoirs\Data\DataNotYetUploadedToEDI\Raw_CTD\RawDownloads\110623_bvr50_S8188_0001.hex
* Software version 2.8.0.119
* Temperature SN = 8188
* Conductivity SN = 8188
* System UpLoad Time = Nov 14 2023 17:10:01
* <ApplicationData>
* <Seaterm232>
# nquan = 16
# nvalues = 1812                        
# units = specified
# name 0 = depFM: Depth [fresh water, m]
# name 1 = dz/dtM: Descent Rate [m/s]
# name 2 = sbeox0Mg/L: Oxygen, SBE 43 [mg/l]
# name 3 = sbeox0PS: Oxygen, SBE 43 [% saturation]
# name 4 = specc: Specific Conductance [uS/cm]
# name 5 = c0uS/cm: Conductivity [uS/cm]
# name 6 = wetCDOM: Fluorescence, WET Labs CDOM [mg/m^3]
# name 7 = flECO-AFL: Fluorescence, WET Labs ECO-AFL/FL [mg/m^3]
# name 8 = flECO-AFL1: Fluorescence, WET Labs ECO-AFL/FL, 2 [mg/m^3]
# name 9 = flECO-AFL2: Fluorescence, WET Labs ECO-AFL/FL, 3 [mg/m^3]
# name 10 = par/sat/log: PAR/Logarithmic, Satlantic
# name 11 = turbWETntu0: Turbidity, WET Labs ECO [NTU]
# name 12 = prdM: Pressure, Strain Gauge [db]
# name 13 = prdE: Pressure, Strain Gauge [psi]
# name 14 = tv290C: Temperature [ITS-90, deg C]
# name 15 = flag:  0.000e+00
# span 0 =     -0.703,      8.697       
# span 1 =     -0.270,      0.086       
# span 2 =     4.2491,     7.2522       
# span 3 =     38.954,     67.676       
# span 4 =      6.314,     38.335       
# span 5 =   4.639395,  27.961060       
# span 6 =    -7.1100,     5.2200       
# span 7 =    -1.0997,    12.5800       
# span 8 =    -2.1300,     4.1748       
# span 9 =    -4.1031,     6.0066       
# span 10 = 1.1590e-01, 1.3840e+03      
# span 11 =    -0.4685,   245.1841      
# span 12 =     -0.690,      8.529      
# span 13 =     -1.000,     12.370      
# span 14 =    11.4588,    12.9925      
# span 15 = 0.0000e+00, 0.0000e+00      
# interval = seconds: 0.25
# start_time = Nov 06 2023 11:31:47 [Instrument's time stamp, header]
# bad_flag = -9.990e-29
*END*
[from data line 181]
      0.040     -0.003     5.9593     54.830     34.929  25.893902     4.6800     2.5091     0.2982     0.5076 6.2452e+02     8.8953      0.039      0.057    12.0704 0.0000e+00
      0.039     -0.003     5.9419     54.716     34.932  25.894473     4.6800     2.4862     0.2982     0.5076 6.5254e+02     9.0155      0.038      0.056    12.0693 0.0000e+00
      0.038     -0.002     5.9259     54.618     34.930  25.890845     4.6800     2.5129     0.2982     0.5076 7.0350e+02     8.8352      0.038      0.055    12.0682 0.0000e+00
      0.038     -0.002     5.9122     54.544     34.926  25.886008     4.6800     2.5930     0.2982     0.5076 6.1017e+02     8.8502      0.037      0.054    12.0665 0.0000e+00
      0.038     -0.001     5.8998     54.496     34.925  25.884611     4.6800     2.5777     0.2982     0.5076 5.7715e+02     8.8803      0.037      0.054    12.0641 0.0000e+00
      0.038     -0.001     5.8880     54.465     34.924  25.884302     4.6800     2.5586     0.2982     0.5076 5.7440e+02     8.8953      0.037      0.054    12.0610 0.0000e+00
      0.038     -0.000     5.8778     54.435     34.920  25.881040     4.7700     2.6044     0.3408     0.5922 5.6708e+02     8.8953      0.037      0.054    12.0581 0.0000e+00
      0.038     -0.000     5.8702     54.398     34.914  25.877915     4.7700     2.5701     0.3408     0.5922 6.7857e+02     8.8803      0.037      0.054    12.0561 0.0000e+00
      0.038      0.000     5.8652     54.365     34.913  25.878051     4.7700     2.5854     0.3408     0.5922 5.4854e+02     8.8202      0.037      0.054    12.0550 0.0000e+00
      0.038      0.000     5.8618     54.342     34.916  25.881485     4.7700     2.5777     0.3408     0.5922 5.1616e+02     8.8652      0.037      0.054    12.0548 0.0000e+00
      0.038      0.000     5.8585     54.319     34.921  25.887155     4.7700     2.5854     0.3408     0.4653 6.8420e+02     8.8953      0.037      0.054    12.0552 0.0000e+00
      0.038      0.000     5.8544     54.295     34.924  25.890632     4.7700     2.7189     0.3408     0.4653 5.8434e+02     8.6999      0.037      0.054    12.0563 0.0000e+00
      0.038      0.000     5.8506     54.275     34.921  25.888885     4.7700     2.7036     0.3408     0.4653 6.2222e+02     8.5646      0.037      0.054    12.0582 0.0000e+00
      0.038      0.000     5.8478     54.273     34.916  25.885407     4.7700     2.7074     0.3408     0.4653 6.4873e+02     8.7300      0.037      0.054    12.0604 0.0000e+00
      0.038      0.000     5.8451     54.296     34.916  25.885211     4.7700     2.6883     0.3408     0.5076 6.3258e+02     8.7300      0.038      0.055    12.0625 0.0000e+00
      0.039      0.000     5.8423     54.328     34.917  25.886262     4.7700     2.6883     0.3408     0.5076 5.3558e+02     8.8953      0.038      0.055    12.0640 0.0000e+00
      0.039      0.000     5.8400     54.344     34.912  25.882904     4.7700     2.6807     0.3408     0.5076 5.7477e+02     8.8953      0.038      0.055    12.0649 0.0000e+00
      0.039      0.000     5.8397     54.348     34.902  25.876220     4.7700     2.6998     0.3408     0.5076 6.1416e+02     9.0306      0.038      0.055    12.0652 0.0000e+00
      0.039     -0.001     5.8422     54.346     34.892  25.868388     4.7700     2.7112     0.2982     0.4653 5.6438e+02     8.8352      0.038      0.055    12.0654 0.0000e+00
      0.038     -0.001     5.8455     54.332     34.878  25.857318     4.7700     2.5663     0.2982     0.4653 6.2343e+02     8.9855      0.038      0.054    12.0658 0.0000e+00
      0.038     -0.001     5.8472     54.301     34.858  25.842039     4.7700     2.5739     0.2982     0.4653 6.4060e+02     8.9705      0.037      0.053    12.0666 0.0000e+00
      0.037     -0.002     5.8475     54.261     34.844  25.830354     4.7700     2.5739     0.2982     0.4653 7.0304e+02     8.8202      0.037      0.053    12.0671 0.0000e+00
      0.037     -0.002     5.8473     54.237     34.848  25.833003     4.7700     2.5777     0.2982     0.4653 5.4521e+02     8.8352      0.036      0.052    12.0668 0.0000e+00
      0.036     -0.001     5.8460     54.233     34.867  25.846733     4.7700     2.7685     0.2982     0.5499 5.7315e+02     8.8803      0.036      0.052    12.0658 0.0000e+00
      0.036     -0.001     5.8429     54.242     34.881  25.857391     4.7700     2.7608     0.2982     0.5499 5.8765e+02     8.8352      0.036      0.052    12.0642 0.0000e+00
      0.036     -0.002     5.8388     54.254     34.887  25.861878     4.7700     2.7723     0.2982     0.5499 6.0397e+02     8.9404      0.036      0.051    12.0628 0.0000e+00
      0.035     -0.002     5.8363     54.271     34.898  25.869311     4.7700     2.7532     0.2982     0.5499 5.9382e+02     8.8953      0.035      0.051    12.0619 0.0000e+00
      0.035     -0.002     5.8359     54.295     34.912  25.879691     4.7700     2.4709     0.3408     0.5922 5.7265e+02     8.8953      0.035      0.050    12.0619 0.0000e+00
      0.034     -0.003     5.8368     54.321     34.921  25.885889     4.7700     2.4556     0.3408     0.5922 5.6733e+02     8.8652      0.034      0.049    12.0621 0.0000e+00
      0.034     -0.003     5.8382     54.334     34.921  25.885597     4.7700     2.4595     0.3408     0.5922 5.1403e+02     8.9855      0.033      0.048    12.0619 0.0000e+00
      0.033     -0.002     5.8400     54.324     34.919  25.882697     4.7700     2.4595     0.3408     0.5922 5.8638e+02     8.9254      0.032      0.047    12.0614 0.0000e+00
      0.032     -0.002     5.8427     54.299     34.918  25.880375     4.9500     2.3908     0.2982     0.5499 6.4788e+02     8.5947      0.032      0.046    12.0611 0.0000e+00
      0.032     -0.001     5.8455     54.269     34.918  25.878012     4.9500     2.3908     0.2982     0.5499 5.4628e+02     8.6999      0.031      0.045    12.0609 0.0000e+00
      0.031     -0.000     5.8470     54.245     34.916  25.874978     4.9500     2.4099     0.2982     0.5499 5.5081e+02     8.5346      0.031      0.045    12.0602 0.0000e+00
      0.032      0.001     5.8462     54.228     34.914  25.872443     4.9500     2.3794     0.2982     0.5499 5.8893e+02     8.6698      0.031      0.045    12.0583 0.0000e+00
      0.032      0.001     5.8438     54.217     34.914  25.871711     4.9500     2.6922     0.2982     0.5499 6.1109e+02     8.8202      0.032      0.046    12.0556 0.0000e+00
      0.033      0.002     5.8410     54.208     34.914  25.870607     4.8600     2.7341     0.2556     0.5922 7.2680e+02     8.8652      0.032      0.047    12.0531 0.0000e+00
      0.034      0.002     5.8387     54.197     34.911  25.868836     4.8600     2.7074     0.2556     0.5922 5.9137e+02     8.8953      0.033      0.048    12.0508 0.0000e+00
      0.034      0.003     5.8372     54.187     34.910  25.867907     4.8600     2.7074     0.2556     0.5922 8.1872e+02     8.8502      0.033      0.049    12.0487 0.0000e+00
      0.035      0.003     5.8362     54.185     34.908  25.865590     4.8600     2.7074     0.2556     0.5922 6.2343e+02     8.9554      0.034      0.049    12.0472 0.0000e+00
      0.036      0.004     5.8353     54.199     34.904  25.861270     4.8600     2.7074     0.3408     0.6768 5.4261e+02     8.9254      0.035      0.050    12.0465 0.0000e+00
      0.037      0.004     5.8341     54.215     34.902  25.857753     4.8600     2.6883     0.3408     0.6768 6.5752e+02     8.8502      0.036      0.052    12.0463 0.0000e+00
      0.038      0.005     5.8331     54.226     34.902  25.856079     4.8600     2.6883     0.3408     0.6768 6.9242e+02     8.8803      0.037      0.053    12.0460 0.0000e+00
      0.039      0.005     5.8330     54.235     34.904  25.855804     4.8600     2.6731     0.3408     0.6768 6.6399e+02     8.9254      0.039      0.056    12.0450 0.0000e+00
      0.041      0.005     5.8347     54.241     34.908  25.856853     4.8600     2.7227     0.3408     0.6345 5.1728e+02     8.8953      0.040      0.058    12.0431 0.0000e+00
      0.043      0.005     5.8367     54.241     34.911  25.857527     4.8600     2.6883     0.3408     0.6345 6.8360e+02     8.9855      0.042      0.060    12.0405 0.0000e+00
      0.044      0.005     5.8383     54.237     34.908  25.854046     4.8600     2.7227     0.3408     0.6345 4.9388e+02     8.8953      0.043      0.062    12.0378 0.0000e+00
      0.045      0.005     5.8397     54.232     34.903  25.849441     4.8600     2.8791     0.3408     0.6345 5.9524e+02     8.9254      0.044      0.063    12.0353 0.0000e+00
      0.046      0.004     5.8406     54.221     34.905  25.850403     4.8600     2.8715     0.2982     0.4230 7.4877e+02     8.9404      0.045      0.065    12.0329 0.0000e+00
      0.047      0.005     5.8409     54.205     34.912  25.855208     4.8600     2.8982     0.2982     0.4230 5.7315e+02     8.8352      0.046      0.067    12.0306 0.0000e+00
      0.048      0.005     5.8407     54.197     34.920  25.861178     4.8600     2.8715     0.2982     0.4230 8.5267e+02     8.8803      0.047      0.068    12.0288 0.0000e+00
      0.049      0.006     5.8403     54.198     34.932  25.869905     4.8600     2.5930     0.2982     0.4230 5.3967e+02     9.0155      0.048      0.070    12.0274 0.0000e+00
      0.051      0.008     5.8392     54.199     34.943  25.877779     4.8600     2.5663     0.2982     0.4230 7.9040e+02     8.9254      0.050      0.072    12.0266 0.0000e+00
      0.053      0.009     5.8376     54.196     34.946  25.878979     4.8600     2.5854     0.2556     0.5499 6.0135e+02     9.0155      0.052      0.074    12.0264 0.0000e+00
      0.055      0.011     5.8367     54.192     34.937  25.871847     4.8600     2.5815     0.2556     0.5499 5.2270e+02     8.9554      0.054      0.078    12.0265 0.0000e+00
      0.059      0.012     5.8369     54.187     34.923  25.860419     4.8600     2.7570     0.2556     0.5499 9.9621e+02     8.9855      0.058      0.083    12.0260 0.0000e+00
      0.062      0.013     5.8371     54.196     34.913  25.851546     4.8600     2.7570     0.2556     0.5499 3.7388e+02     8.8953      0.061      0.089    12.0250 0.0000e+00
      0.066      0.014     5.8369     54.229     34.910  25.846822     4.8600     2.7570     0.2982     0.5922 1.0411e+03     8.8803      0.065      0.094    12.0240 0.0000e+00
      0.070      0.012     5.8366     54.274     34.915  25.846965     4.8600     2.7685     0.2982     0.5922 4.5159e+02     8.9103      0.069      0.100    12.0235 0.0000e+00
      0.074      0.010     5.8361     54.315     34.925  25.850035     4.8600     2.7646     0.2982     0.5922 5.8919e+02     8.9404      0.073      0.105    12.0227 0.0000e+00
      0.077      0.005     5.8374     54.332     34.933  25.852890     4.8600     2.7646     0.2982     0.5922 5.2991e+02     8.7751      0.076      0.110    12.0206 0.0000e+00
      0.079     -0.001     5.8414     54.318     34.940  25.856291     4.6800     2.7723     0.2982     0.6345 4.4035e+02     8.9254      0.078      0.113    12.0166 0.0000e+00
      0.079     -0.011     5.8470     54.283     34.948  25.861146     4.6800     2.7608     0.2982     0.6345 4.0351e+02     9.0306      0.078      0.112    12.0111 0.0000e+00
      0.076     -0.024     5.8523     54.239     34.954  25.866770     4.6800     2.9554     0.2982     0.6345 4.2410e+02     8.8502      0.075      0.108    12.0054 0.0000e+00
      0.070     -0.040     5.8547     54.195     34.957  25.872681     4.6800     2.9554     0.2982     0.6345 6.4760e+02     8.9254      0.069      0.100    12.0008 0.0000e+00
      0.060     -0.060     5.8536     54.146     34.958  25.880458     4.6800     2.9478     0.3408     0.5076 4.4758e+02     8.8352      0.059      0.085    11.9979 0.0000e+00
      0.044     -0.083     5.8500     54.084     34.958  25.890193     4.6800     2.9668     0.3408     0.5076 4.3777e+02     8.9855      0.043      0.062    11.9968 0.0000e+00
      0.021     -0.106     5.8450     54.027     34.960  25.902505     4.6800     2.5777     0.3408     0.5076 4.5120e+02     8.9404      0.020      0.029    11.9984 0.0000e+00
     -0.011     -0.128     5.8395     53.996     34.966  25.920677     4.6800     2.5739     0.3408     0.5076 5.7129e+02     8.8502     -0.010     -0.016    12.0040 0.0000e+00
     -0.049     -0.145     5.8329     54.002     34.969  25.937677     4.6800     2.6006     0.3408     0.5076 1.0505e+03     8.9404     -0.048     -0.071    12.0139 0.0000e+00
     -0.093     -0.155     5.8245     54.053     34.954  25.942202     4.6800     2.5663     0.3408     0.6768 9.9405e+02     8.8352     -0.091     -0.133    12.0273 0.0000e+00
     -0.139     -0.157     5.8162     54.151     34.927  25.935460     4.6800     1.9445     0.3408     0.6768 1.1856e+03     8.9254     -0.137     -0.198    12.0436 0.0000e+00
     -0.184     -0.151     5.8103     54.295     34.902  25.925553     4.6800     1.9788     0.3408     0.6768 1.1751e+03     8.8953     -0.180     -0.262    12.0624 0.0000e+00
     -0.224     -0.138     5.8082     54.455     34.889  25.919735     4.6800     1.9674     0.3408     0.6768 1.0443e+03     8.9254     -0.220     -0.319    12.0840 0.0000e+00
     -0.258     -0.122     5.8106     54.598     34.884  25.914478     4.8600     1.9559     0.3408     0.5499 9.2365e+02     8.8352     -0.253     -0.367    12.1067 0.0000e+00
     -0.286     -0.106     5.8186     54.702     34.878  25.906398     4.8600     1.5706     0.3408     0.5499 9.5177e+02     8.8953     -0.280     -0.406    12.1259 0.0000e+00
     -0.308     -0.091     5.8324     54.741     34.877  25.901259     4.8600     1.5859     0.3408     0.5499 1.0148e+03     8.9404     -0.302     -0.438    12.1383 0.0000e+00
     -0.326     -0.079     5.8490     54.709     34.879  25.901649     4.8600     1.5783     0.3408     0.5499 1.0047e+03     8.8202     -0.320     -0.465    12.1430 0.0000e+00
     -0.343     -0.071     5.8646     54.618     34.885  25.907673     4.6800     1.5935     0.3408     0.4653 9.7184e+02     8.8953     -0.337     -0.489    12.1412 0.0000e+00
     -0.360     -0.064     5.8765     54.493     34.898  25.920938     4.6800     1.8453     0.3408     0.4653 1.0500e+03     8.6999     -0.353     -0.512    12.1358 0.0000e+00
     -0.377     -0.058     5.8815     54.385     34.917  25.941020     4.6800     1.8148     0.3408     0.4653 1.0919e+03     8.6398     -0.369     -0.536    12.1303 0.0000e+00
     -0.392     -0.050     5.8783     54.334     34.935  25.961399     4.6800     1.8644     0.3408     0.4653 1.0773e+03     8.6398     -0.385     -0.558    12.1280 0.0000e+00
     -0.406     -0.039     5.8682     54.344     34.940  25.971672     4.7700     1.8377     0.2982     0.1269 1.0256e+03     8.6548     -0.398     -0.578    12.1300 0.0000e+00
     -0.417     -0.023     5.8541     54.395     34.925  25.966660     4.7700     1.4219     0.2982     0.1269 2.4801e+02     8.9855     -0.409     -0.593    12.1359 0.0000e+00
     -0.423     -0.005     5.8414     54.451     34.900  25.952946     4.7700     1.3799     0.2982     0.1269 2.5291e+02     8.9855     -0.415     -0.601    12.1442 0.0000e+00
     -0.423      0.016     5.8347     54.463     34.880  25.942709     4.7700     1.4180     0.2982     0.1269 3.7879e+02     8.8652     -0.415     -0.601    12.1537 0.0000e+00
     -0.416      0.035     5.8345     54.405     34.874  25.941138     4.7700     1.4066     0.2982     0.1269 3.4395e+02     8.9254     -0.408     -0.591    12.1633 0.0000e+00
     -0.401      0.053     5.8388     54.275     34.870  25.939896     1.2600     1.9063     4.1748     0.9729 9.3537e+02     8.9103     -0.394     -0.571    12.1719 0.0000e+00
     -0.382      0.066     5.8438     54.081     34.857  25.930733     1.2600     1.9101     4.1748     0.9729 9.7480e+02     8.8803     -0.375     -0.544    12.1792 0.0000e+00
     -0.361      0.076     5.8443     53.856     34.846  25.921104     1.2600     1.9025     4.1748     0.9729 1.0940e+03     8.8502     -0.354     -0.514    12.1851 0.0000e+00
