Data/DataNotYetUploadedToEDI/Raw_CTD/RawDownloads/110623_bvr50_S8188001.cnv
* Sea-Bird SBE19plus  Data File:
* FileName = C:\R\Reservoirs\Data\DataNotYetUploadedToEDI\Raw_CTD\RawDownloads\110623_bvr50_S8188_0001.hex
* Software version 2.8.0.119
* Temperature SN = 8188
* Conductivity SN = 8188
* System UpLoad Time = Nov 14 2023 17:10:01
* <ApplicationData>
* <Seaterm232>
# nquan = 16
# nvalues = 1812                        
# units = specified
# name 0 = depFM: Depth [fresh water, m]
# name 1 = dz/dtM: Descent Rate [m/s]
# name 2 = sbeox0Mg/L: Oxygen, SBE 43 [mg/l]
# name 3 = sbeox0PS: Oxygen, SBE 43 [% saturation]
# name 4 = specc: Specific Conductance [uS/cm]
# name 5 = c0uS/cm: Conductivity [uS/cm]
# name 6 = wetCDOM: Fluorescence, WET Labs CDOM [mg/m^3]
# name 7 = flECO-AFL: Fluorescence, WET Labs ECO-AFL/FL [mg/m^3]
# name 8 = flECO-AFL1: Fluorescence, WET Labs ECO-AFL/FL, 2 [mg/m^3]
# name 9 = flECO-AFL2: Fluorescence, WET Labs ECO-AFL/FL, 3 [mg/m^3]
# name 10 = par/sat/log: PAR/Logarithmic, Satlantic
# name 11 = turbWETntu0: Turbidity, WET Labs ECO [NTU]
# name 12 = prdM: Pressure, Strain Gauge [db]
# name 13 = prdE: Pressure, Strain Gauge [psi]
# name 14 = tv290C: Temperature [ITS-90, deg C]
# name 15 = flag:  0.000e+00
# span 0 =     -0.703,      8.697       
# span 1 =     -0.270,      0.086       
# span 2 =     4.2491,     7.2522       
# span 3 =     38.954,     67.676       
# span 4 =      6.314,     38.335       
# span 5 =   4.639395,  27.961060       
# span 6 =    -7.1100,     5.2200       
# span 7 =    -1.0997,    12.5800       
# span 8 =    -2.1300,     4.1748       
# span 9 =    -4.1031,     6.0066       
# span 10 = 1.1590e-01, 1.3840e+03      
# span 11 =    -0.4685,   245.1841      
# span 12 =     -0.690,      8.529      
# span 13 =     -1.000,     12.370      
# span 14 =    11.4588,    12.9925      
# span 15 = 0.0000e+00, 0.0000e+00      
# interval = seconds: 0.25
# start_time = Nov 06 2023 11:31:47 [Instrument's time stamp, header]
# bad_flag = -9.990e-29
*END*
[from data line 543]
      1.709      0.018     5.2232     48.310     34.939  25.665624     4.8600     2.2039     0.2982     0.5499 4.0372e+01     8.9254      1.676      2.431    11.7260 0.0000e+00
      1.713      0.017     5.2255     48.290     34.944  25.668652     4.8600     2.2497     0.2982     0.5499 3.8512e+01     8.9554      1.680      2.437    11.7265 0.0000e+00
      1.718      0.016     5.2305     48.257     34.942  25.666641     4.9500     2.2802     0.2982     0.5922 3.7083e+01     8.8803      1.684      2.443    11.7271 0.0000e+00
      1.721      0.016     5.2360     48.215     34.932  25.659055     4.9500     2.2725     0.2982     0.5922 3.5653e+01     8.8652      1.688      2.449    11.7274 0.0000e+00
      1.725      0.015     5.2384     48.172     34.928  25.655748     4.9500     2.2725     0.2982     0.5922 3.4480e+01     8.8953      1.692      2.454    11.7272 0.0000e+00
      1.729      0.015     5.2363     48.150     34.934  25.659797     4.9500     2.2497     0.2982     0.5922 3.3600e+01     8.8652      1.696      2.460    11.7262 0.0000e+00
      1.733      0.014     5.2328     48.158     34.940  25.664365     4.8600     2.3183     0.2982     0.6345 3.3982e+01     8.8352      1.699      2.465    11.7250 0.0000e+00
      1.737      0.014     5.2284     48.183     34.944  25.666709     4.8600     2.3412     0.2982     0.6345 3.4450e+01     8.7600      1.703      2.470    11.7240 0.0000e+00
      1.740      0.014     5.2238     48.202     34.948  25.667455     4.8600     2.3298     0.2982     0.6345 3.5537e+01     9.0306      1.706      2.475    11.7237 0.0000e+00
      1.744      0.014     5.2214     48.218     34.956  25.670761     4.8600     2.3374     0.2982     0.6345 3.6381e+01     8.8803      1.710      2.480    11.7237 0.0000e+00
      1.747      0.014     5.2223     48.219     34.969  25.677509     4.8600     2.1428     0.2982     0.5499 3.7676e+01     8.8352      1.713      2.485    11.7235 0.0000e+00
      1.751      0.015     5.2251     48.214     34.979  25.681579     4.8600     2.1657     0.2982     0.5499 3.7939e+01     8.9554      1.717      2.490    11.7224 0.0000e+00
      1.755      0.015     5.2275     48.215     34.980  25.680098     4.8600     2.1467     0.2982     0.5499 3.8171e+01     9.0306      1.721      2.496    11.7199 0.0000e+00
      1.759      0.016     5.2297     48.221     34.973  25.672670     4.8600     2.1352     0.2982     0.5499 3.7948e+01     8.8502      1.725      2.502    11.7159 0.0000e+00
      1.763      0.017     5.2303     48.243     34.966  25.665233     4.8600     2.2001     0.2982     0.5499 3.7890e+01     8.8953      1.729      2.508    11.7113 0.0000e+00
      1.768      0.018     5.2303     48.292     34.966  25.663721     4.7700     2.2191     0.2982     0.4653 3.7310e+01     8.8953      1.733      2.514    11.7070 0.0000e+00
      1.772      0.019     5.2309     48.323     34.967  25.663774     4.7700     2.1924     0.2982     0.4653 3.6192e+01     8.8953      1.738      2.521    11.7032 0.0000e+00
      1.777      0.020     5.2320     48.275     34.966  25.661445     4.7700     2.2229     0.2982     0.4653 3.4353e+01     8.9554      1.743      2.528    11.7001 0.0000e+00
      1.783      0.021     5.2346     48.177     34.961  25.656113     4.7700     2.2764     0.2982     0.4653 3.3136e+01     9.2560      1.748      2.536    11.6976 0.0000e+00
      1.789      0.021     5.2401     48.074     34.955  25.650317     4.7700     2.2649     0.2982     0.5499 3.1823e+01     9.2109      1.754      2.544    11.6956 0.0000e+00
      1.794      0.021     5.2437     47.990     34.957  25.650427     4.7700     2.2458     0.2982     0.5499 3.1220e+01     9.1809      1.759      2.552    11.6939 0.0000e+00
      1.800      0.020     5.2387     47.923     34.967  25.656475     4.7700     2.2649     0.2982     0.5499 3.1011e+01     9.1208      1.765      2.560    11.6920 0.0000e+00
      1.805      0.019     5.2284     47.844     34.975  25.662153     4.7700     2.2077     0.2982     0.5499 3.0629e+01     8.8051      1.770      2.567    11.6899 0.0000e+00
      1.810      0.019     5.2175     47.761     34.984  25.668977     4.8600     2.2229     0.2982     0.4653 3.0556e+01     8.9254      1.774      2.574    11.6878 0.0000e+00
      1.814      0.018     5.2086     47.708     34.991  25.674806     4.8600     2.2229     0.2982     0.4653 3.0636e+01     8.9705      1.779      2.580    11.6857 0.0000e+00
      1.819      0.017     5.2015     47.686     34.988  25.673277     4.8600     2.2115     0.2982     0.4653 3.0576e+01     8.8652      1.783      2.587    11.6842 0.0000e+00
      1.823      0.016     5.1930     47.654     34.979  25.667942     4.8600     2.2878     0.2982     0.4653 3.0709e+01     8.8352      1.788      2.593    11.6836 0.0000e+00
      1.827      0.015     5.1840     47.617     34.969  25.661336     4.8600     2.2802     0.2982     0.5499 3.1044e+01     8.9855      1.792      2.599    11.6840 0.0000e+00
      1.831      0.015     5.1780     47.626     34.960  25.655658     4.8600     2.2535     0.2982     0.5499 3.1309e+01     8.8652      1.796      2.604    11.6850 0.0000e+00
      1.834      0.014     5.1755     47.663     34.956  25.653352     4.8600     2.2802     0.2982     0.5499 3.2080e+01     8.9254      1.799      2.609    11.6862 0.0000e+00
      1.838      0.014     5.1719     47.680     34.955  25.653803     4.8600     2.3259     0.2982     0.5499 3.2593e+01     8.8652      1.802      2.614    11.6874 0.0000e+00
      1.841      0.014     5.1678     47.669     34.954  25.653174     4.8600     2.3298     0.2982     0.5499 3.2949e+01     8.8953      1.806      2.619    11.6886 0.0000e+00
      1.845      0.015     5.1686     47.646     34.946  25.647336     4.8600     2.3527     0.2982     0.4653 3.2657e+01     8.9103      1.809      2.624    11.6899 0.0000e+00
      1.848      0.015     5.1725     47.637     34.935  25.638693     4.8600     2.3374     0.2982     0.4653 3.2763e+01     8.8202      1.813      2.629    11.6911 0.0000e+00
      1.852      0.016     5.1742     47.682     34.928  25.632857     4.8600     2.1200     0.2982     0.4653 3.2487e+01     8.9554      1.816      2.635    11.6920 0.0000e+00
      1.856      0.017     5.1729     47.760     34.929  25.632232     4.8600     2.0818     0.2982     0.4653 3.1913e+01     8.8953      1.820      2.640    11.6928 0.0000e+00
      1.861      0.019     5.1703     47.842     34.937  25.636651     4.8600     2.1009     0.3408     0.4230 3.0903e+01     8.8652      1.825      2.647    11.6932 0.0000e+00
      1.866      0.020     5.1694     47.914     34.953  25.647293     4.8600     2.0932     0.3408     0.4230 3.0259e+01     8.7901      1.830      2.654    11.6928 0.0000e+00
      1.871      0.021     5.1745     47.936     34.970  25.659076     4.8600     2.0704     0.3408     0.4230 2.9867e+01     9.1809      1.835      2.661    11.6915 0.0000e+00
      1.876      0.022     5.1832     47.902     34.976  25.663265     4.8600     2.0780     0.3408     0.4230 3.0563e+01     9.1208      1.840      2.669    11.6897 0.0000e+00
      1.882      0.023     5.1923     47.819     34.980  25.664937     4.8600     2.1085     0.3408     0.5922 3.1024e+01     9.0606      1.846      2.677    11.6877 0.0000e+00
      1.888      0.023     5.2003     47.690     34.987  25.668496     4.8600     2.0932     0.3408     0.5922 3.1153e+01     9.2560      1.852      2.686    11.6860 0.0000e+00
      1.895      0.024     5.2028     47.585     34.989  25.666974     4.8600     2.1390     0.3408     0.5922 3.1268e+01     8.8502      1.858      2.695    11.6849 0.0000e+00
      1.901      0.024     5.1993     47.547     34.985  25.659965     4.8600     2.1810     0.3408     0.5922 3.1234e+01     8.8352      1.864      2.704    11.6841 0.0000e+00
      1.907      0.024     5.1903     47.549     34.977  25.649557     4.9500     2.1390     0.2982     0.4653 3.1092e+01     9.0306      1.870      2.712    11.6830 0.0000e+00
      1.913      0.024     5.1767     47.568     34.965  25.636935     4.9500     2.1390     0.2982     0.4653 3.1071e+01     8.9103      1.876      2.721    11.6806 0.0000e+00
      1.919      0.023     5.1658     47.613     34.955  25.626652     4.9500     2.1543     0.2982     0.4653 3.1146e+01     9.1358      1.882      2.729    11.6761 0.0000e+00
      1.925      0.023     5.1624     47.658     34.950  25.619923     4.9500     2.1428     0.2982     0.4653 3.0849e+01     9.1508      1.887      2.738    11.6698 0.0000e+00
      1.931      0.023     5.1633     47.695     34.951  25.618914     4.9500     2.1161     0.2982     0.4653 3.0756e+01     9.1809      1.893      2.746    11.6634 0.0000e+00
      1.936      0.023     5.1660     47.744     34.965  25.627315     4.8600     2.1467     0.2982     0.4653 3.0443e+01     9.1208      1.899      2.754    11.6581 0.0000e+00
      1.942      0.023     5.1715     47.813     34.983  25.639447     4.8600     2.0513     0.2982     0.4653 3.0404e+01     8.9554      1.904      2.762    11.6537 0.0000e+00
      1.948      0.023     5.1768     47.909     34.994  25.646669     4.8600     2.0360     0.2982     0.4653 3.0134e+01     8.9705      1.910      2.771    11.6500 0.0000e+00
      1.954      0.023     5.1812     47.924     34.994  25.646948     4.8600     2.0360     0.2982     0.4653 3.0556e+01     8.9404      1.916      2.779    11.6467 0.0000e+00
      1.960      0.023     5.1868     47.770     34.991  25.644315     4.8600     2.0131     0.2982     0.5076 3.0516e+01     8.8202      1.921      2.787    11.6443 0.0000e+00
      1.965      0.023     5.1946     47.547     34.988  25.642030     4.8600     1.8949     0.2982     0.5076 3.0245e+01     8.8352      1.927      2.795    11.6426 0.0000e+00
      1.971      0.023     5.2050     47.358     34.979  25.635522     4.8600     1.9063     0.2982     0.5076 3.0088e+01     8.8352      1.932      2.803    11.6417 0.0000e+00
      1.976      0.024     5.2067     47.236     34.968  25.627015     4.8600     1.9140     0.2982     0.5076 2.9795e+01     8.9855      1.938      2.811    11.6414 0.0000e+00
      1.982      0.025     5.1900     47.174     34.972  25.630079     4.9500     1.8949     0.2982     0.4653 2.9782e+01     8.9404      1.944      2.819    11.6412 0.0000e+00
      1.988      0.027     5.1658     47.155     34.988  25.641571     4.9500     1.8796     0.2982     0.4653 3.0219e+01     8.9554      1.950      2.828    11.6410 0.0000e+00
      1.995      0.029     5.1453     47.195     34.993  25.644759     4.9500     1.9407     0.2982     0.4653 2.9244e+01     8.8202      1.957      2.838    11.6409 0.0000e+00
      2.003      0.032     5.1320     47.333     34.989  25.640494     4.9500     1.8949     0.2982     0.4653 2.9346e+01     8.8352      1.964      2.849    11.6407 0.0000e+00
      2.012      0.033     5.1253     47.477     34.989  25.639516     4.9500     1.8949     0.2982     0.4653 2.8690e+01     8.8953      1.973      2.861    11.6406 0.0000e+00
      2.021      0.034     5.1232     47.457     34.993  25.641565     4.9500     2.2115     0.2982     0.4230 2.7625e+01     8.8352      1.982      2.875    11.6404 0.0000e+00
      2.031      0.034     5.1276     47.344     34.996  25.643226     4.9500     2.2001     0.2982     0.4230 2.6422e+01     8.9254      1.992      2.889    11.6398 0.0000e+00
      2.040      0.033     5.1429     47.225     34.999  25.644942     4.9500     2.1886     0.2982     0.4230 2.5730e+01     8.8652      2.001      2.902    11.6385 0.0000e+00
      2.049      0.031     5.1587     47.073     34.996  25.643214     4.9500     2.2268     0.2982     0.4230 2.5995e+01     8.8352      2.009      2.914    11.6366 0.0000e+00
      2.056      0.029     5.1567     46.948     34.988  25.637579     4.9500     2.0398     0.2982     0.3807 2.5736e+01     8.9254      2.016      2.924    11.6350 0.0000e+00
      2.062      0.026     5.1446     46.898     34.983  25.634453     4.9500     2.0093     0.2982     0.3807 2.5764e+01     8.8953      2.023      2.933    11.6342 0.0000e+00
      2.068      0.024     5.1316     46.893     34.981  25.633003     4.9500     2.0017     0.2982     0.3807 2.5530e+01     8.8652      2.029      2.942    11.6340 0.0000e+00
      2.074      0.022     5.1151     46.919     34.974  25.628882     4.9500     2.0475     0.2982     0.3807 2.5155e+01     8.9254      2.035      2.950    11.6343 0.0000e+00
      2.080      0.021     5.1015     47.000     34.968  25.624952     4.8600     1.9750     0.3408     0.3807 2.5552e+01     8.9254      2.040      2.958    11.6348 0.0000e+00
      2.085      0.020     5.0959     47.088     34.966  25.624124     4.8600     1.9674     0.3408     0.3807 2.5608e+01     8.8953      2.045      2.965    11.6355 0.0000e+00
      2.089      0.020     5.0953     47.120     34.963  25.622216     4.8600     1.9521     0.3408     0.3807 2.5742e+01     8.8953      2.049      2.971    11.6363 0.0000e+00
      2.094      0.020     5.0980     47.110     34.959  25.618721     4.8600     1.9788     0.3408     0.3807 2.5480e+01     8.9103      2.053      2.978    11.6371 0.0000e+00
      2.099      0.022     5.1067     47.082     34.964  25.620625     4.8600     2.0475     0.2556     0.3807 2.5336e+01     8.8803      2.058      2.985    11.6379 0.0000e+00
      2.104      0.023     5.1161     47.102     34.976  25.628435     4.8600     2.0208     0.2556     0.3807 2.5336e+01     8.8502      2.063      2.992    11.6385 0.0000e+00
      2.110      0.026     5.1197     47.278     34.989  25.636316     4.8600     2.0208     0.2556     0.3807 2.5325e+01     8.8953      2.069      3.001    11.6387 0.0000e+00
      2.117      0.028     5.1186     47.540     34.994  25.638451     4.8600     2.0170     0.2556     0.3807 2.4997e+01     8.8352      2.076      3.011    11.6381 0.0000e+00
      2.125      0.029     5.1158     47.625     34.992  25.635410     4.8600     2.0818     0.2556     0.3807 2.4556e+01     9.1208      2.084      3.022    11.6366 0.0000e+00
      2.133      0.030     5.1181     47.523     34.987  25.630340     4.9500     2.1009     0.2982     0.4653 2.3851e+01     9.2560      2.092      3.034    11.6345 0.0000e+00
      2.141      0.030     5.1375     47.413     34.982  25.625849     4.9500     2.0856     0.2982     0.4653 2.3908e+01     9.2410      2.100      3.045    11.6321 0.0000e+00
      2.149      0.031     5.1663     47.266     34.981  25.624699     4.9500     2.0818     0.2982     0.4653 2.3820e+01     9.1057      2.107      3.056    11.6298 0.0000e+00
      2.156      0.031     5.1758     47.051     34.979  25.622623     4.9500     2.2687     0.2982     0.4653 2.3466e+01     9.2560      2.115      3.067    11.6278 0.0000e+00
      2.164      0.032     5.1649     46.880     34.970  25.615108     4.8600     2.2573     0.2982     0.3807 2.3021e+01     9.2560      2.122      3.078    11.6262 0.0000e+00
      2.172      0.032     5.1531     46.863     34.956  25.604110     4.8600     2.2687     0.2982     0.3807 2.2738e+01     9.1658      2.130      3.089    11.6250 0.0000e+00
      2.181      0.031     5.1373     47.033     34.949  25.598573     4.8600     2.2687     0.2982     0.3807 2.1620e+01     9.1508      2.139      3.102    11.6239 0.0000e+00
      2.189      0.030     5.1140     47.304     34.952  25.600981     4.8600     2.0932     0.2982     0.3807 2.0918e+01     8.8953      2.147      3.114    11.6228 0.0000e+00
      2.197      0.028     5.0956     47.621     34.961  25.608015     4.7700     2.0894     0.2982     0.4653 2.0750e+01     8.9103      2.155      3.126    11.6216 0.0000e+00
      2.204      0.026     5.0939     47.911     34.973  25.617593     4.7700     2.0818     0.2982     0.4653 2.0777e+01     8.9103      2.162      3.135    11.6206 0.0000e+00
