Data/DataNotYetUploadedToEDI/Raw_CTD/RawDownloads/110822_bvr50_S8188002.cnv
* Sea-Bird SBE19plus  Data File:
* FileName = C:\R\Reservoirs\Data\DataNotYetUploadedToEDI\Raw_CTD\RawDownloads\110122_fcr50_S8188_0002.hex
* Software version 2.8.0.119
* Temperature SN = 8188
* Conductivity SN = 8188
* System UpLoad Time = Nov 18 2022 12:44:36
* <ApplicationData>
* <Seaterm232>
# nquan = 16
# nvalues = 2315                        
# units = specified
# name 0 = depFM: Depth [fresh water, m]
# name 1 = dz/dtM: Descent Rate [m/s]
# name 2 = sbeox0Mg/L: Oxygen, SBE 43 [mg/l]
# name 3 = sbeox0PS: Oxygen, SBE 43 [% saturation]
# name 4 = specc: Specific Conductance [uS/cm]
# name 5 = c0uS/cm: Conductivity [uS/cm]
# name 6 = wetCDOM: Fluorescence, WET Labs CDOM [mg/m^3]
# name 7 = flECO-AFL: Fluorescence, WET Labs ECO-AFL/FL [mg/m^3]
# name 8 = flECO-AFL1: Fluorescence, WET Labs ECO-AFL/FL, 2 [mg/m^3]
# name 9 = flECO-AFL2: Fluorescence, WET Labs ECO-AFL/FL, 3 [mg/m^3]
# name 10 = par/sat/log: PAR/Logarithmic, Satlantic
# name 11 = turbWETntu0: Turbidity, WET Labs ECO [NTU]
# name 12 = prdM: Pressure, Strain Gauge [db]
# name 13 = prdE: Pressure, Strain Gauge [psi]
# name 14 = tv290C: Temperature [ITS-90, deg C]
# name 15 = flag:  0.000e+00
# span 0 =     -0.594,      7.386       
# span 1 =     -0.194,      0.151       
# span 2 =    -0.2430,     8.7821       
# span 3 =     -2.239,     88.519       
# span 4 =      2.606,    101.607       
# span 5 =   2.054459,  73.612251       
# span 6 =    -4.5000,     9.4500       
# span 7 =    -1.5765,     3.8213       
# span 8 =    -2.1300,     5.5380       
# span 9 =    -3.6801,    11.2518       
# span 10 = 1.1597e-01, 1.3525e+03      
# span 11 =    -6.7511,    38.9255      
# span 12 =     -0.583,      7.244      
# span 13 =     -0.845,     10.506      
# span 14 =    11.2190,    15.8001      
# span 15 = 0.0000e+00, 0.0000e+00      
# interval = seconds: 0.25
# start_time = Nov 08 2022 07:46:47 [Instrument's time stamp, header]
# bad_flag = -9.990e-29
*END*
[from data line 1899]
      7.269      0.029     0.1147      1.070     63.375  46.185562     7.7400     0.5559     0.4686     0.3384 1.1615e-01    16.3953      7.128     10.339    11.4721 0.0000e+00
      7.277      0.030     0.1145      1.077     67.285  49.010070     7.7400     0.5712     0.4686     0.3384 1.1623e-01    16.4555      7.136     10.350    11.4700 0.0000e+00
      7.285      0.030     0.1150      1.080     70.795  51.537019     7.7400     0.5902     0.4260     0.1692 1.1617e-01    16.5156      7.144     10.362    11.4649 0.0000e+00
      7.293      0.030     0.1159      1.079     73.696  53.617692     7.7400     0.6360     0.4260     0.1692 1.1617e-01    13.2240      7.152     10.373    11.4558 0.0000e+00
      7.301      0.030     0.1168      1.071     76.250  55.446165     7.7400     0.6322     0.4260     0.1692 1.1612e-01    13.2240      7.160     10.384    11.4421 0.0000e+00
      7.309      0.029     0.1175      1.054     79.108  57.496155     7.7400     0.6055     0.4260     0.1692 1.1628e-01    13.1939      7.167     10.395    11.4238 0.0000e+00
      7.316      0.028     0.1180      1.032     82.631  60.026840     7.6500     0.6208     0.3408     0.2115 1.1610e-01    13.1338      7.174     10.406    11.4027 0.0000e+00
      7.323      0.026     0.1179      1.013     86.421  62.749411     7.6500     0.7924     0.3408     0.2115 1.1623e-01    12.0216      7.181     10.415    11.3812 0.0000e+00
      7.329      0.025     0.1171      1.000     89.721  65.114744     7.6500     0.7962     0.3408     0.2115 1.1625e-01    11.9915      7.187     10.424    11.3613 0.0000e+00
      7.335      0.024     0.1153      0.997     92.347  66.991984     7.6500     0.7886     0.3408     0.2115 1.1615e-01    12.0065      7.193     10.433    11.3431 0.0000e+00
      7.341      0.023     0.1129      1.004     94.805  68.750817     7.6500     0.8077     0.3408     0.2115 1.1623e-01    12.0065      7.199     10.441    11.3250 0.0000e+00
      7.346      0.022     0.1108      1.018     97.329  70.560705     7.5600     1.1434     0.4686     0.3384 1.1617e-01    12.8783      7.204     10.449    11.3066 0.0000e+00
      7.352      0.021     0.1095      1.034     99.637  72.215856     7.5600     1.1434     0.4686     0.3384 1.1605e-01    12.9384      7.210     10.457    11.2886 0.0000e+00
      7.357      0.020     0.1092      1.045    101.253  73.369911     7.5600     1.1663     0.4686     0.3384 1.1628e-01    12.8182      7.215     10.465    11.2727 0.0000e+00
      7.362      0.019     0.1101      1.048    101.607  73.612251     7.5600     1.1472     0.4686     0.3384 1.1630e-01    12.9985      7.220     10.472    11.2593 0.0000e+00
      7.367      0.018     0.1117      1.041    100.704  72.951928     7.4700     1.9445     0.4686     0.3807 1.1615e-01    20.4234      7.225     10.479    11.2481 0.0000e+00
      7.372      0.016     0.1134      1.025     99.319  71.953045     7.4700     1.8796     0.4686     0.3807 1.1623e-01    20.4384      7.230     10.486    11.2384 0.0000e+00
      7.376      0.014     0.1146      1.006     98.261  71.198492     7.4700     1.8720     0.4686     0.3807 1.1612e-01    20.4234      7.234     10.492    11.2297 0.0000e+00
      7.380      0.012     0.1150      0.991     97.965  70.994962     7.4700     1.9063     0.4686     0.3807 1.1617e-01    20.4384      7.237     10.497    11.2223 0.0000e+00
      7.383      0.009     0.1142      0.980     98.325  71.262392     7.0200     2.6235     0.9372     4.9068 1.1612e-01    23.0236      7.240     10.501    11.2190 0.0000e+00
      7.385      0.006     0.1125      0.976     98.959  71.722927     7.0200     2.6273     0.9372     4.9068 1.1615e-01    23.1439      7.242     10.504    11.2212 0.0000e+00
      7.386      0.002     0.1104      0.978     99.581  72.172009     7.0200     2.6311     0.9372     4.9068 1.1615e-01    23.0537      7.243     10.506    11.2270 0.0000e+00
      7.386     -0.002     0.1087      0.988     99.929  72.421847     7.0200     2.6273     0.9372     4.9068 1.1602e-01    23.1138      7.244     10.506    11.2326 0.0000e+00
      7.385     -0.006     0.1076      1.003     99.860  72.370407     5.1300     3.6153     0.5538     5.1606 1.1617e-01    31.6509      7.243     10.505    11.2357 0.0000e+00
      7.383     -0.011     0.1070      1.018     99.392  72.031750     5.1300     3.6230     0.5538     5.1606 1.1600e-01    31.5157      7.241     10.502    11.2364 0.0000e+00
      7.380     -0.017     0.1073      1.027     98.554  71.426687     5.1300     3.6153     0.5538     5.1606 1.1623e-01    31.5157      7.238     10.497    11.2355 0.0000e+00
      7.376     -0.023     0.1084      1.032     97.279  70.506968     5.1300     3.6268     0.5538     5.1606 1.1615e-01    31.5157      7.233     10.491    11.2343 0.0000e+00
      7.370     -0.031     0.1100      1.034     95.290  69.072971     5.1300     3.5467     0.5538     5.1606 1.1617e-01    38.8955      7.227     10.482    11.2338 0.0000e+00
      7.361     -0.041     0.1116      1.034     92.330  66.938718     2.5200     3.5657     0.6390     7.7832 1.1617e-01    38.8804      7.219     10.470    11.2343 0.0000e+00
      7.351     -0.053     0.1127      1.032     88.314  64.042974     2.5200     3.5581     0.6390     7.7832 1.1630e-01    38.9105      7.209     10.455    11.2359 0.0000e+00
      7.337     -0.068     0.1132      1.024     83.097  60.282074     2.5200     3.5505     0.6390     7.7832 1.1623e-01    38.9255      7.195     10.435    11.2390 0.0000e+00
      7.319     -0.085     0.1134      1.014     76.870  55.795482     2.5200     1.8148     0.6390     7.7832 1.1617e-01    23.1739      7.178     10.410    11.2442 0.0000e+00
      7.297     -0.105     0.1134      1.006     70.814  51.438889     5.1300     1.8377     1.4484    11.2518 1.1623e-01    23.0537      7.156     10.378    11.2519 0.0000e+00
      7.268     -0.126     0.1131      1.004     65.964  47.957544     5.1300     1.8224     1.4484    11.2518 1.1625e-01    23.1890      7.128     10.338    11.2629 0.0000e+00
      7.233     -0.146     0.1122      1.008     62.053  45.152466     5.1300     1.8453     1.4484    11.2518 1.1617e-01    23.1589      7.093     10.288    11.2791 0.0000e+00
      7.191     -0.161     0.1111      1.012     58.617  42.685781     5.1300     0.5254     1.4484    11.2518 1.1620e-01    19.0406      7.052     10.228    11.3018 0.0000e+00
      7.143     -0.170     0.1101      1.014     55.780  40.648607     7.8300     0.4949     0.5964     0.8460 1.1612e-01    18.9505      7.005     10.160    11.3306 0.0000e+00
      7.093     -0.171     0.1097      1.015     53.805  39.232656     7.8300     0.5101     0.5964     0.8460 1.1610e-01    19.0857      6.955     10.088    11.3621 0.0000e+00
      7.045     -0.165     0.1100      1.017     52.865  38.565445     7.8300     0.5025     0.5964     0.8460 1.1623e-01    19.0106      6.908     10.020    11.3923 0.0000e+00
      7.002     -0.154     0.1104      1.017     52.916  38.613638     7.8300     0.4949     0.5964     0.8460 1.1605e-01    27.6980      6.867      9.960    11.4194 0.0000e+00
      6.966     -0.143     0.1106      1.013     53.500  39.045441     7.8300     0.5063     0.5964     0.5076 1.1625e-01    27.7281      6.832      9.909    11.4430 0.0000e+00
      6.935     -0.134     0.1108      1.006     53.837  39.292593     7.8300     0.4987     0.5964     0.5076 1.1617e-01    27.6980      6.802      9.865    11.4625 0.0000e+00
      6.906     -0.129     0.1109      1.003     53.487  39.036684     7.8300     0.5063     0.5964     0.5076 1.1623e-01    27.7431      6.773      9.823    11.4770 0.0000e+00
      6.877     -0.131     0.1108      1.009     52.808  38.542290     7.8300     0.4949     0.5964     0.5076 1.1623e-01    31.2601      6.744      9.781    11.4860 0.0000e+00
      6.845     -0.136     0.1104      1.021     52.222  38.117355     7.8300     0.5521     0.5964     0.5076 1.1633e-01    31.4555      6.713      9.736    11.4898 0.0000e+00
      6.809     -0.143     0.1097      1.033     51.790  37.805050     7.5600     0.5178     0.6390     1.1421 1.1615e-01    31.3203      6.678      9.685    11.4901 0.0000e+00
      6.770     -0.150     0.1093      1.042     51.482  37.583499     7.5600     0.5063     0.6390     1.1421 1.1605e-01    31.2902      6.639      9.630    11.4896 0.0000e+00
      6.729     -0.156     0.1100      1.051     51.234  37.405506     7.5600     0.5139     0.6390     1.1421 1.1612e-01    27.2020      6.599      9.571    11.4904 0.0000e+00
      6.687     -0.160     0.1113      1.060     50.998  37.235490     7.5600     0.4872     0.6390     1.1421 1.1617e-01    27.3222      6.558      9.512    11.4928 0.0000e+00
      6.646     -0.163     0.1126      1.063     50.762  37.065749     7.5600     0.5178     0.6390     0.3384 1.1635e-01    27.2772      6.518      9.453    11.4959 0.0000e+00
      6.605     -0.165     0.1135      1.058     50.519  36.890633     7.5600     0.4758     0.6390     0.3384 1.1615e-01    27.1269      6.477      9.394    11.4990 0.0000e+00
      6.563     -0.167     0.1146      1.050     50.261  36.705038     7.5600     0.5292     0.6390     0.3384 1.1623e-01    24.4515      6.437      9.335    11.5018 0.0000e+00
      6.521     -0.170     0.1155      1.040     49.999  36.516915     7.5600     0.4911     0.6390     0.3384 1.1620e-01    24.4665      6.395      9.275    11.5043 0.0000e+00
      6.478     -0.173     0.1158      1.031     49.766  36.349380     7.6500     0.4720     0.6390     0.2961 1.1597e-01    24.3463      6.353      9.213    11.5068 0.0000e+00
      6.433     -0.177     0.1153      1.027     49.583  36.219160     7.6500     0.5216     0.6390     0.2961 1.1612e-01    24.2711      6.309      9.150    11.5093 0.0000e+00
      6.387     -0.181     0.1144      1.025     49.435  36.113315     7.6500     0.4300     0.6390     0.2961 1.1620e-01    23.6248      6.264      9.084    11.5120 0.0000e+00
      6.340     -0.185     0.1133      1.023     49.292  36.011543     7.6500     0.4262     0.6390     0.2961 1.1623e-01    23.7601      6.218      9.017    11.5149 0.0000e+00
      6.292     -0.187     0.1124      1.025     49.157  35.914434     7.6500     0.4491     0.6390     0.2538 1.1630e-01    23.6248      6.171      8.950    11.5180 0.0000e+00
      6.244     -0.190     0.1119      1.029     49.025  35.819859     7.6500     0.4224     0.6390     0.2538 1.1635e-01    23.5948      6.123      8.881    11.5209 0.0000e+00
      6.195     -0.191     0.1116      1.033     48.881  35.716463     7.6500     0.4987     0.6390     0.2538 1.1620e-01    23.1138      6.075      8.811    11.5235 0.0000e+00
      6.146     -0.192     0.1115      1.034     48.741  35.616285     7.6500     0.4911     0.6390     0.2538 1.1623e-01    23.1138      6.027      8.741    11.5258 0.0000e+00
      6.096     -0.191     0.1116      1.034     48.616  35.526280     7.6500     0.5101     0.6390     0.2538 1.1633e-01    23.0988      5.978      8.670    11.5279 0.0000e+00
      6.047     -0.190     0.1121      1.036     48.472  35.422449     7.7400     0.4911     0.6390     0.2538 1.1638e-01    23.1138      5.930      8.601    11.5297 0.0000e+00
      5.998     -0.189     0.1125      1.038     48.306  35.302850     7.7400     0.4872     0.6390     0.2538 1.1617e-01    23.1439      5.882      8.531    11.5314 0.0000e+00
      5.950     -0.187     0.1126      1.039     48.156  35.195006     7.7400     0.5063     0.6390     0.2538 1.1625e-01    23.0537      5.835      8.463    11.5331 0.0000e+00
      5.903     -0.185     0.1126      1.036     48.024  35.099868     7.7400     0.5063     0.6390     0.2538 1.1612e-01    23.1138      5.789      8.396    11.5347 0.0000e+00
      5.857     -0.183     0.1128      1.032     47.874  34.992065     7.7400     0.5101     0.5964     0.2961 1.1612e-01    23.1288      5.743      8.330    11.5363 0.0000e+00
      5.810     -0.181     0.1130      1.030     47.719  34.880479     7.7400     0.5445     0.5964     0.2961 1.1600e-01    23.2040      5.698      8.264    11.5379 0.0000e+00
      5.764     -0.178     0.1131      1.027     47.603  34.796751     7.7400     0.5635     0.5964     0.2961 1.1623e-01    23.1890      5.652      8.198    11.5396 0.0000e+00
      5.718     -0.173     0.1128      1.023     47.518  34.736378     7.7400     0.5635     0.5964     0.2961 1.1612e-01    23.0837      5.608      8.133    11.5413 0.0000e+00
      5.674     -0.167     0.1124      1.016     47.435  34.677319     7.7400     0.5979     0.6390     0.2538 1.1620e-01    23.1288      5.564      8.070    11.5430 0.0000e+00
      5.631     -0.159     0.1122      1.010     47.335  34.605805     7.7400     0.5101     0.6390     0.2538 1.1607e-01    23.1439      5.522      8.009    11.5447 0.0000e+00
      5.591     -0.150     0.1119      1.006     47.204  34.510689     7.7400     0.4911     0.6390     0.2538 1.1610e-01    23.1288      5.483      7.952    11.5464 0.0000e+00
      5.553     -0.139     0.1113      1.002     47.046  34.396312     7.7400     0.4643     0.6390     0.2538 1.2173e-01    23.0988      5.446      7.898    11.5481 0.0000e+00
      5.519     -0.127     0.1106      0.996     46.890  34.283667     7.7400     0.4872     0.6390     0.2538 1.3772e-01    23.1439      5.412      7.850    11.5496 0.0000e+00
      5.488     -0.116     0.1099      0.992     46.763  34.192226     7.6500     0.4453     0.6390     0.2538 1.3132e-01    22.8282      5.382      7.806    11.5510 0.0000e+00
      5.461     -0.106     0.1095      0.992     46.680  34.133253     7.6500     0.4567     0.6390     0.2538 1.4742e-01    22.8884      5.355      7.767    11.5524 0.0000e+00
      5.436     -0.098     0.1090      0.995     46.635  34.100924     7.6500     0.4529     0.6390     0.2538 1.3573e-01    23.0537      5.331      7.732    11.5538 0.0000e+00
      5.414     -0.094     0.1084      0.998     46.603  34.078696     7.6500     0.4300     0.6390     0.2538 1.3757e-01    22.8282      5.309      7.701    11.5552 0.0000e+00
      5.393     -0.093     0.1079      0.999     46.577  34.060642     7.7400     0.4224     0.6816     0.2115 1.4322e-01    23.0837      5.288      7.670    11.5566 0.0000e+00
      5.371     -0.097     0.1080      0.995     46.562  34.049870     7.7400     0.4186     0.6816     0.2115 1.6098e-01    23.0687      5.267      7.639    11.5579 0.0000e+00
      5.347     -0.104     0.1083      0.992     46.552  34.043506     7.7400     0.4453     0.6816     0.2115 1.4322e-01    23.0988      5.244      7.605    11.5591 0.0000e+00
      5.321     -0.112     0.1087      0.988     46.535  34.031932     7.7400     0.4376     0.6816     0.2115 1.6711e-01    23.1589      5.218      7.568    11.5600 0.0000e+00
      5.291     -0.121     0.1087      0.983     46.506  34.012063     7.7400     0.5139     0.6816     0.2538 1.5844e-01    23.0988      5.188      7.525    11.5607 0.0000e+00
      5.257     -0.129     0.1083      0.977     46.464  33.982559     7.7400     0.5178     0.6816     0.2538 1.5220e-01    23.1138      5.155      7.477    11.5614 0.0000e+00
      5.221     -0.136     0.1079      0.975     46.397  33.935554     7.7400     0.5063     0.6816     0.2538 1.9596e-01    23.0837      5.120      7.426    11.5621 0.0000e+00
      5.184     -0.140     0.1075      0.975     46.300  33.866435     7.7400     0.4872     0.6816     0.2538 2.0342e-01    23.0687      5.084      7.373    11.5631 0.0000e+00
      5.147     -0.142     0.1069      0.976     46.179  33.780535     7.7400     0.5101     0.6390     0.2538 2.1122e-01    23.1138      5.048      7.321    11.5644 0.0000e+00
      5.111     -0.142     0.1064      0.977     46.054  33.692575     7.7400     0.5216     0.6390     0.2538 2.2204e-01    23.1439      5.012      7.270    11.5661 0.0000e+00
