Data/DataNotYetUploadedToEDI/Raw_CTD/RawDownloads/110822_bvr50_S8188002.cnv
* Sea-Bird SBE19plus  Data File:
* FileName = C:\R\Reservoirs\Data\DataNotYetUploadedToEDI\Raw_CTD\RawDownloads\110122_fcr50_S8188_0002.hex
* Software version 2.8.0.119
* Temperature SN = 8188
* Conductivity SN = 8188
* System UpLoad Time = Nov 18 2022 12:44:36
* <ApplicationData>
* <Seaterm232>
# nquan = 16
# nvalues = 2315                        
# units = specified
# name 0 = depFM: Depth [fresh water, m]
# name 1 = dz/dtM: Descent Rate [m/s]
# name 2 = sbeox0Mg/L: Oxygen, SBE 43 [mg/l]
# name 3 = sbeox0PS: Oxygen, SBE 43 [% saturation]
# name 4 = specc: Specific Conductance [uS/cm]
# name 5 = c0uS/cm: Conductivity [uS/cm]
# name 6 = wetCDOM: Fluorescence, WET Labs CDOM [mg/m^3]
# name 7 = flECO-AFL: Fluorescence, WET Labs ECO-AFL/FL [mg/m^3]
# name 8 = flECO-AFL1: Fluorescence, WET Labs ECO-AFL/FL, 2 [mg/m^3]
# name 9 = flECO-AFL2: Fluorescence, WET Labs ECO-AFL/FL, 3 [mg/m^3]
# name 10 = par/sat/log: PAR/Logarithmic, Satlantic
# name 11 = turbWETntu0: Turbidity, WET Labs ECO [NTU]
# name 12 = prdM: Pressure, Strain Gauge [db]
# name 13 = prdE: Pressure, Strain Gauge [psi]
# name 14 = tv290C: Temperature [ITS-90, deg C]
# name 15 = flag:  0.000e+00
# span 0 =     -0.594,      7.386       
# span 1 =     -0.194,      0.151       
# span 2 =    -0.2430,     8.7821       
# span 3 =     -2.239,     88.519       
# span 4 =      2.606,    101.607       
# span 5 =   2.054459,  73.612251       
# span 6 =    -4.5000,     9.4500       
# span 7 =    -1.5765,     3.8213       
# span 8 =    -2.1300,     5.5380       
# span 9 =    -3.6801,    11.2518       
# span 10 = 1.1597e-01, 1.3525e+03      
# span 11 =    -6.7511,    38.9255      
# span 12 =     -0.583,      7.244      
# span 13 =     -0.845,     10.506      
# span 14 =    11.2190,    15.8001      
# span 15 = 0.0000e+00, 0.0000e+00      
# interval = seconds: 0.25
# start_time = Nov 08 2022 07:46:47 [Instrument's time stamp, header]
# bad_flag = -9.990e-29
*END*
[from data line 543]
      1.029      0.016     5.7642     59.960     36.309  29.619211     6.3900     2.6464     0.2130     0.5499 1.3853e+02     7.6929      1.009      1.464    15.7804 0.0000e+00
      1.033      0.015     5.7975     60.605     36.293  29.607267     6.3900     2.6311     0.2130     0.5499 9.6099e+01     7.7530      1.013      1.470    15.7813 0.0000e+00
      1.037      0.014     5.8388     61.307     36.282  29.599313     6.3900     2.7646     0.2556     0.5076 1.1462e+02     7.7680      1.017      1.475    15.7823 0.0000e+00
      1.040      0.014     5.8880     62.040     36.284  29.601147     6.3900     2.7723     0.2556     0.5076 1.4948e+02     7.7380      1.020      1.480    15.7833 0.0000e+00
      1.044      0.013     5.9449     62.767     36.294  29.609299     6.3900     2.7723     0.2556     0.5076 1.0781e+02     7.7530      1.024      1.485    15.7844 0.0000e+00
      1.047      0.013     6.0087     63.456     36.304  29.618022     6.3900     2.7532     0.2556     0.5076 1.0469e+02     7.6929      1.027      1.489    15.7854 0.0000e+00
      1.050      0.012     6.0782     64.086     36.308  29.621724     6.3900     2.6807     0.2556     0.5922 9.9521e+01     7.6929      1.030      1.494    15.7862 0.0000e+00
      1.053      0.012     6.1507     64.634     36.303  29.617430     6.3900     2.7112     0.2556     0.5922 9.7551e+01     7.7380      1.033      1.498    15.7869 0.0000e+00
      1.056      0.012     6.2227     65.083     36.296  29.611917     6.3900     2.7112     0.2556     0.5922 1.1061e+02     7.7680      1.036      1.502    15.7874 0.0000e+00
      1.059      0.012     6.2911     65.426     36.300  29.615593     6.3900     2.6807     0.2556     0.5922 9.7742e+01     7.6328      1.039      1.507    15.7878 0.0000e+00
      1.062      0.011     6.3534     65.665     36.312  29.625478     6.3900     2.6426     0.2556     0.5922 9.4381e+01     7.6929      1.042      1.511    15.7881 0.0000e+00
      1.065      0.011     6.4077     65.810     36.325  29.636290     6.3900     2.6426     0.2556     0.5922 1.1420e+02     7.7831      1.045      1.515    15.7884 0.0000e+00
      1.068      0.010     6.4522     65.874     36.338  29.646952     6.3900     2.6388     0.2556     0.5922 1.0013e+02     7.6478      1.048      1.519    15.7887 0.0000e+00
      1.071      0.010     6.4861     65.866     36.346  29.652387     6.3900     2.6464     0.2556     0.5922 1.0291e+02     7.7831      1.050      1.523    15.7890 0.0000e+00
      1.073      0.009     6.5098     65.797     36.351  29.654044     6.3900     2.7952     0.2556     0.5922 1.2139e+02     7.6779      1.052      1.526    15.7893 0.0000e+00
      1.075      0.009     6.5242     65.685     36.351  29.652365     6.3900     2.7952     0.2556     0.5499 9.8659e+01     7.7981      1.054      1.529    15.7894 0.0000e+00
      1.078      0.009     6.5306     65.545     36.347  29.646903     6.3900     2.7494     0.2556     0.5499 1.3241e+02     7.6628      1.057      1.533    15.7889 0.0000e+00
      1.080      0.009     6.5299     65.395     36.347  29.644119     6.3900     2.7570     0.2556     0.5499 8.5682e+01     7.7380      1.059      1.536    15.7876 0.0000e+00
      1.082      0.009     6.5235     65.245     36.349  29.643272     6.3900     2.5739     0.2556     0.5499 1.0345e+02     7.7230      1.061      1.539    15.7852 0.0000e+00
      1.084      0.010     6.5127     65.097     36.348  29.640176     6.3900     2.6082     0.2556     0.5922 1.0315e+02     7.6628      1.064      1.543    15.7821 0.0000e+00
      1.087      0.010     6.4994     64.951     36.343  29.634005     6.3900     2.5854     0.2556     0.5922 1.1552e+02     7.6929      1.066      1.546    15.7788 0.0000e+00
      1.089      0.010     6.4849     64.805     36.336  29.627074     6.3900     2.5892     0.2556     0.5922 1.0280e+02     7.7380      1.068      1.550    15.7757 0.0000e+00
      1.092      0.011     6.4705     64.653     36.336  29.625453     6.3900     2.7074     0.2556     0.5922 1.1878e+02     7.8733      1.071      1.554    15.7724 0.0000e+00
      1.095      0.011     6.4563     64.497     36.347  29.632671     6.4800     2.6998     0.2982     0.4653 1.3301e+02     7.9634      1.074      1.558    15.7693 0.0000e+00
      1.098      0.012     6.4421     64.357     36.360  29.642732     6.4800     2.7074     0.2982     0.4653 1.2231e+02     8.0236      1.077      1.562    15.7664 0.0000e+00
      1.102      0.012     6.4279     64.253     36.370  29.650400     6.4800     2.7036     0.2982     0.4653 9.2272e+01     7.9334      1.080      1.567    15.7640 0.0000e+00
      1.105      0.012     6.4132     64.199     36.374  29.653758     6.4800     2.7723     0.2982     0.4653 1.0462e+02     7.7680      1.083      1.571    15.7618 0.0000e+00
      1.108      0.012     6.3980     64.215     36.364  29.645784     6.4800     2.7723     0.2556     0.5499 1.2606e+02     7.7230      1.086      1.575    15.7601 0.0000e+00
      1.110      0.012     6.3843     64.320     36.347  29.632270     6.4800     2.7532     0.2556     0.5499 8.8252e+01     7.7680      1.089      1.579    15.7591 0.0000e+00
      1.113      0.013     6.3740     64.516     36.333  29.621493     6.4800     2.7723     0.2556     0.5499 1.0671e+02     7.8131      1.092      1.583    15.7586 0.0000e+00
      1.117      0.013     6.3686     64.790     36.323  29.614538     6.4800     2.8676     0.2556     0.5499 9.4628e+01     7.6929      1.095      1.588    15.7584 0.0000e+00
      1.120      0.013     6.3702     65.117     36.321  29.613511     6.4800     2.8791     0.2556     0.5499 9.4176e+01     7.6328      1.098      1.593    15.7586 0.0000e+00
      1.124      0.014     6.3805     65.470     36.316  29.610219     6.3900     2.8715     0.2556     0.4230 1.0304e+02     7.8131      1.102      1.598    15.7593 0.0000e+00
      1.128      0.015     6.3998     65.831     36.307  29.603782     6.3900     2.8982     0.2556     0.4230 8.8271e+01     7.7530      1.106      1.604    15.7602 0.0000e+00
      1.132      0.015     6.4268     66.178     36.307  29.604366     6.3900     2.6426     0.2556     0.4230 9.5371e+01     7.7831      1.109      1.609    15.7613 0.0000e+00
      1.135      0.015     6.4590     66.491     36.306  29.604205     6.3900     2.6311     0.2556     0.4230 8.3549e+01     7.6779      1.113      1.615    15.7626 0.0000e+00
      1.139      0.015     6.4940     66.759     36.294  29.595336     6.4800     2.6655     0.2556     0.4230 1.1001e+02     7.7380      1.117      1.620    15.7638 0.0000e+00
      1.143      0.015     6.5296     66.973     36.289  29.591235     6.4800     2.6388     0.2556     0.4230 1.0778e+02     7.8282      1.120      1.625    15.7649 0.0000e+00
      1.147      0.015     6.5639     67.123     36.293  29.594768     6.4800     2.9745     0.2556     0.4230 8.4536e+01     7.6779      1.124      1.631    15.7658 0.0000e+00
      1.150      0.015     6.5948     67.204     36.293  29.594998     6.4800     2.9478     0.2556     0.4230 1.0941e+02     7.7680      1.128      1.636    15.7667 0.0000e+00
      1.154      0.015     6.6213     67.218     36.294  29.595944     6.3900     2.9401     0.2982     0.5499 9.1136e+01     7.7230      1.132      1.642    15.7674 0.0000e+00
      1.158      0.015     6.6425     67.162     36.306  29.605780     6.3900     2.9592     0.2982     0.5499 9.4854e+01     7.7380      1.136      1.648    15.7681 0.0000e+00
      1.162      0.015     6.6572     67.040     36.324  29.619208     6.3900     3.1385     0.2982     0.5499 8.0345e+01     7.6929      1.140      1.653    15.7686 0.0000e+00
      1.166      0.014     6.6653     66.861     36.341  29.631890     6.3900     3.1347     0.2982     0.5499 7.7971e+01     7.6779      1.143      1.658    15.7689 0.0000e+00
      1.170      0.014     6.6667     66.637     36.357  29.643247     6.3900     3.1499     0.2982     0.5499 9.0800e+01     7.7380      1.147      1.664    15.7688 0.0000e+00
      1.173      0.014     6.6612     66.386     36.361  29.644428     6.3900     3.1423     0.2556     0.5499 7.8464e+01     7.7981      1.150      1.669    15.7681 0.0000e+00
      1.177      0.013     6.6493     66.128     36.352  29.635748     6.3900     2.8867     0.2556     0.5499 9.8616e+01     7.7079      1.154      1.674    15.7669 0.0000e+00
      1.180      0.013     6.6318     65.878     36.348  29.630732     6.3900     2.8943     0.2556     0.5499 7.4606e+01     7.7079      1.157      1.678    15.7652 0.0000e+00
      1.183      0.013     6.6098     65.640     36.351  29.632002     6.3900     2.8829     0.2556     0.5499 7.8158e+01     7.6478      1.160      1.683    15.7630 0.0000e+00
      1.186      0.013     6.5853     65.417     36.352  29.631977     6.3900     2.8943     0.2556     0.5922 6.8202e+01     7.6929      1.163      1.687    15.7608 0.0000e+00
      1.190      0.013     6.5600     65.213     36.351  29.630650     6.3900     2.6616     0.2556     0.5922 6.7071e+01     7.7530      1.166      1.692    15.7586 0.0000e+00
      1.193      0.014     6.5354     65.028     36.352  29.631627     6.3900     2.6426     0.2556     0.5922 5.7983e+01     7.6929      1.170      1.697    15.7567 0.0000e+00
      1.196      0.014     6.5121     64.853     36.351  29.631208     6.3900     2.6578     0.2556     0.5922 6.0113e+01     7.8282      1.173      1.702    15.7549 0.0000e+00
      1.200      0.015     6.4902     64.680     36.347  29.629282     6.3900     2.6502     0.2556     0.4653 5.4253e+01     7.7380      1.177      1.707    15.7535 0.0000e+00
      1.204      0.015     6.4700     64.515     36.351  29.633257     6.3900     2.8295     0.2556     0.4653 5.5253e+01     7.8131      1.180      1.712    15.7527 0.0000e+00
      1.208      0.016     6.4517     64.371     36.364  29.644190     6.3900     2.8295     0.2556     0.4653 5.5808e+01     7.8282      1.184      1.718    15.7527 0.0000e+00
      1.212      0.016     6.4342     64.260     36.369  29.649160     6.3900     2.8448     0.2556     0.4653 5.1485e+01     7.8131      1.189      1.724    15.7534 0.0000e+00
      1.216      0.016     6.4169     64.201     36.359  29.641570     6.3900     2.8524     0.2556     0.4230 4.9263e+01     7.6328      1.193      1.730    15.7544 0.0000e+00
      1.220      0.015     6.4004     64.207     36.351  29.635236     6.3900     2.7303     0.2556     0.4230 5.6984e+01     7.8282      1.197      1.736    15.7554 0.0000e+00
      1.224      0.014     6.3859     64.286     36.352  29.636389     6.3900     2.6807     0.2556     0.4230 5.2845e+01     7.6929      1.201      1.742    15.7564 0.0000e+00
      1.228      0.013     6.3748     64.439     36.357  29.641377     6.3900     2.7227     0.2556     0.4230 4.7611e+01     7.8282      1.204      1.747    15.7573 0.0000e+00
      1.231      0.012     6.3689     64.658     36.369  29.651530     6.3900     2.6998     0.2556     0.4230 5.7220e+01     7.7680      1.207      1.751    15.7580 0.0000e+00
      1.233      0.012     6.3694     64.918     36.380  29.661636     6.3900     2.6044     0.2982     0.4653 5.3018e+01     7.9935      1.210      1.755    15.7588 0.0000e+00
      1.236      0.011     6.3771     65.196     36.385  29.666469     6.3900     2.5854     0.2982     0.4653 6.6794e+01     7.8582      1.213      1.759    15.7596 0.0000e+00
      1.239      0.011     6.3921     65.471     36.384  29.667319     6.3900     2.6006     0.2982     0.4653 5.4300e+01     7.8582      1.215      1.763    15.7606 0.0000e+00
      1.242      0.011     6.4137     65.718     36.374  29.660453     6.3900     2.5739     0.2982     0.4653 6.6794e+01     8.0386      1.218      1.767    15.7617 0.0000e+00
      1.245      0.010     6.4394     65.917     36.356  29.647999     6.3900     2.5777     0.2556     0.5076 6.1514e+01     7.6929      1.221      1.771    15.7629 0.0000e+00
      1.248      0.010     6.4667     66.048     36.343  29.638516     6.3900     2.5892     0.2556     0.5076 6.4149e+01     7.7079      1.223      1.774    15.7644 0.0000e+00
      1.250      0.009     6.4937     66.098     36.334  29.633435     6.3900     2.5815     0.2556     0.5076 6.2770e+01     7.6779      1.226      1.778    15.7662 0.0000e+00
      1.252      0.009     6.5180     66.066     36.330  29.631402     6.3900     2.5586     0.2556     0.5076 5.4124e+01     7.7680      1.228      1.781    15.7682 0.0000e+00
      1.254      0.009     6.5374     65.958     36.329  29.631875     6.3900     2.8905     0.2556     0.5076 6.6144e+01     7.7981      1.230      1.784    15.7703 0.0000e+00
      1.256      0.009     6.5501     65.786     36.327  29.631019     6.3900     2.9287     0.2556     0.5076 6.0638e+01     7.6929      1.232      1.787    15.7726 0.0000e+00
      1.258      0.010     6.5547     65.561     36.319  29.624646     6.3900     2.9020     0.2556     0.5076 5.7083e+01     7.6779      1.234      1.790    15.7750 0.0000e+00
      1.261      0.011     6.5512     65.306     36.311  29.618977     6.3900     2.8905     0.2556     0.5076 5.3737e+01     7.6929      1.236      1.793    15.7772 0.0000e+00
      1.263      0.013     6.5403     65.053     36.313  29.620420     6.3900     2.6349     0.2982     0.5076 5.4147e+01     7.9785      1.239      1.797    15.7789 0.0000e+00
      1.267      0.014     6.5231     64.837     36.318  29.625401     6.3900     2.6349     0.2982     0.5076 5.6393e+01     8.0536      1.243      1.802    15.7800 0.0000e+00
      1.271      0.016     6.5007     64.687     36.320  29.627326     6.3900     2.6502     0.2982     0.5076 5.8642e+01     8.0386      1.247      1.808    15.7806 0.0000e+00
      1.275      0.018     6.4754     64.629     36.312  29.622750     6.3900     2.6426     0.2982     0.5076 5.8034e+01     8.0085      1.251      1.814    15.7810 0.0000e+00
      1.280      0.019     6.4503     64.663     36.305  29.618373     6.3900     2.5701     0.2982     0.5076 5.5385e+01     7.8432      1.256      1.821    15.7814 0.0000e+00
      1.285      0.019     6.4287     64.767     36.301  29.616986     6.4800     2.5701     0.2556     0.5499 8.1081e+01     7.8733      1.261      1.828    15.7821 0.0000e+00
      1.291      0.019     6.4137     64.911     36.291  29.610301     6.4800     2.5968     0.2556     0.5499 5.9541e+01     7.8883      1.266      1.836    15.7832 0.0000e+00
      1.296      0.018     6.4077     65.062     36.278  29.600494     6.4800     2.5777     0.2556     0.5499 6.3263e+01     7.8582      1.271      1.844    15.7851 0.0000e+00
      1.301      0.017     6.4107     65.194     36.274  29.596831     6.4800     2.5777     0.2556     0.5499 5.8681e+01     7.8582      1.276      1.851    15.7874 0.0000e+00
      1.305      0.014     6.4207     65.285     36.281  29.602294     6.3900     2.6006     0.2556     0.4230 7.8549e+01     7.9033      1.280      1.857    15.7897 0.0000e+00
      1.309      0.012     6.4348     65.319     36.293  29.610421     6.3900     2.5968     0.2556     0.4230 5.7220e+01     8.0236      1.284      1.861    15.7916 0.0000e+00
      1.312      0.009     6.4496     65.301     36.296  29.611499     6.3900     2.5739     0.2556     0.4230 5.6417e+01     7.8582      1.286      1.865    15.7927 0.0000e+00
      1.313      0.006     6.4626     65.252     36.295  29.609775     6.3900     2.4900     0.2556     0.4230 5.9931e+01     7.7530      1.288      1.868    15.7928 0.0000e+00
      1.314      0.004     6.4718     65.197     36.300  29.612709     6.3900     2.5167     0.2556     0.4653 6.2416e+01     7.7380      1.289      1.869    15.7919 0.0000e+00
      1.314      0.002     6.4754     65.151     36.302  29.613163     6.3900     2.5091     0.2556     0.4653 5.4691e+01     7.7230      1.289      1.869    15.7902 0.0000e+00
