Data/DataNotYetUploadedToEDI/Raw_CTD/RawDownloads/110822_bvr50_S7809002.cnv
* Sea-Bird SBE19plus  Data File:
* FileName = C:\R\Reservoirs\Data\DataNotYetUploadedToEDI\Raw_CTD\RawDownloads\110122_fcr50_S7809_0002.hex
* Software version 2.8.0.119
* Temperature SN = 7809
* Conductivity SN = 7809
* System UpLoad Time = Nov 18 2022 12:28:12
* <ApplicationData>
* <Seaterm232>
# nquan = 15
# nvalues = 1822                        
# units = specified
# name 0 = depFM: Depth [fresh water, m]
# name 1 = dz/dtM: Descent Rate [m/s]
# name 2 = sbeox0Mg/L: Oxygen, SBE 43 [mg/l]
# name 3 = sbeox0PS: Oxygen, SBE 43 [% saturation]
# name 4 = specc: Specific Conductance [uS/cm]
# name 5 = c0uS/cm: Conductivity [uS/cm]
# name 6 = flECO-AFL: Fluorescence, WET Labs ECO-AFL/FL [mg/m^3]
# name 7 = ph: pH
# name 8 = orp: Oxidation Reduction Potential [mV]
# name 9 = par/sat/log: PAR/Logarithmic, Satlantic
# name 10 = turbWETntu0: Turbidity, WET Labs ECO [NTU]
# name 11 = prdM: Pressure, Strain Gauge [db]
# name 12 = prdE: Pressure, Strain Gauge [psi]
# name 13 = tv290C: Temperature [ITS-90, deg C]
# name 14 = flag:  0.000e+00
# span 0 =     -0.593,      7.399       
# span 1 =     -0.287,      0.175       
# span 2 =     0.0473,     7.6243       
# span 3 =      0.447,     76.428       
# span 4 =      1.467,    104.731       
# span 5 =   1.135956,  75.995159       
# span 6 =    -0.5942,     4.8795       
# span 7 =     -2.023,     11.091       
# span 8 = -1236.0882,  1138.8826       
# span 9 = 1.2368e-01, 1.6702e+03       
# span 10 =    -3.1835,    25.5716      
# span 11 =     -0.582,      7.256      
# span 12 =     -0.845,     10.523      
# span 13 =    11.2492,    15.8733      
# span 14 = 0.0000e+00, 0.0000e+00      
# interval = seconds: 0.25
# start_time = Nov 08 2022 08:09:27 [Instrument's time stamp, header]
# bad_flag = -9.990e-29
*END*
[from data line 1061]
      3.142      0.129     4.4545     41.298     38.159  28.474430     1.1561      7.869   266.3412 4.4176e+00     9.9221      3.075      4.460    12.3784 0.0000e+00
      3.179      0.131     4.4668     40.933     38.219  28.494263     1.1339      7.861   266.5085 4.1899e+00    10.1664      3.112      4.514    12.3728 0.0000e+00
      3.228      0.129     4.4593     40.413     38.213  28.471960     1.1124      7.856   266.2090 3.9348e+00    10.3277      3.165      4.591    12.3653 0.0000e+00
      3.276      0.120     4.4430     39.672     38.208  28.458305     1.1032      7.853   265.9027 3.7599e+00    10.3689      3.221      4.672    12.3442 0.0000e+00
      3.309      0.104     4.4249     38.618     38.212  28.455931     1.0978      7.853   265.9031 3.6726e+00    10.4250      3.252      4.718    12.3081 0.0000e+00
      3.324      0.081     4.3886     37.259     38.198  28.443246     1.0728      7.852   266.0414 3.6267e+00    10.4261      3.261      4.730    12.2700 0.0000e+00
      3.333      0.056     4.3385     35.740     38.185  28.431721     1.0417      7.850   266.0262 3.6037e+00    10.3486      3.268      4.740    12.2463 0.0000e+00
      3.342      0.038     4.2646     34.243     38.203  28.443348     1.0215      7.850   265.7197 3.5798e+00    10.3069      3.278      4.755    12.2360 0.0000e+00
      3.350      0.029     4.1527     32.890     38.223  28.457053     1.0119      7.850   265.5181 3.5448e+00    10.3318      3.286      4.767    12.2307 0.0000e+00
      3.356      0.027     4.0003     31.749     38.241  28.470646     1.0592      7.849   265.7406 3.5248e+00    10.3079      3.292      4.775    12.2288 0.0000e+00
      3.359      0.025     3.8297     30.855     38.253  28.480912     1.1436      7.846   266.0870 3.5166e+00    10.1888      3.294      4.778    12.2267 0.0000e+00
      3.364      0.021     3.6659     30.245     38.216  28.454401     1.1749      7.842   266.1789 3.4796e+00    10.0874      3.297      4.783    12.2231 0.0000e+00
      3.374      0.017     3.5179     29.915     38.141  28.403668     1.1720      7.841   266.0774 3.4232e+00    10.0383      3.308      4.799    12.2217 0.0000e+00
      3.383      0.013     3.3953     29.766     38.090  28.374633     1.1661      7.842   266.1503 3.4135e+00    10.0735      3.322      4.818    12.2226 0.0000e+00
      3.385      0.009     3.2976     29.701     38.055  28.356911     1.1457      7.840   266.2861 3.4530e+00    10.1382      3.323      4.819    12.2239 0.0000e+00
      3.380      0.004     3.2304     29.687     37.990  28.316185     1.1247      7.836   266.2557 3.4668e+00    10.1029      3.313      4.804    12.2241 0.0000e+00
      3.379     -0.001     3.2006     29.750     37.904  28.262565     1.1124      7.833   266.2129 3.4473e+00    10.0557      3.312      4.802    12.2300 0.0000e+00
      3.382     -0.006     3.1873     29.918     37.819  28.215717     1.1209      7.830   266.1988 3.4505e+00    10.0463      3.318      4.812    12.2432 0.0000e+00
      3.383     -0.007     3.1807     30.178     37.761  28.193484     1.1529      7.829   266.1713 3.4829e+00    10.0581      3.320      4.814    12.2566 0.0000e+00
      3.378     -0.007     3.1772     30.547     37.721  28.183937     1.1827      7.828   266.2246 3.5048e+00    10.0953      3.313      4.805    12.2644 0.0000e+00
      3.373     -0.008     3.1807     31.043     37.675  28.163697     1.1903      7.826   266.3281 3.5045e+00    10.0861      3.307      4.796    12.2748 0.0000e+00
      3.370     -0.008     3.2001     31.685     37.630  28.138942     1.1952      7.825   266.3037 3.5091e+00    10.0834      3.305      4.793    12.2986 0.0000e+00
      3.369     -0.007     3.2232     32.491     37.619  28.138202     1.2247      7.823   266.2736 3.5111e+00    10.1317      3.303      4.791    12.3286 0.0000e+00
      3.368     -0.006     3.2602     33.425     37.632  28.154761     1.2559      7.821   266.3951 3.4940e+00    10.1569      3.303      4.790    12.3581 0.0000e+00
      3.367     -0.006     3.3119     34.409     37.615  28.148997     1.2641      7.818   266.3946 3.4831e+00    10.1496      3.303      4.790    12.3767 0.0000e+00
      3.366     -0.006     3.3775     35.380     37.581  28.131907     1.2575      7.817   266.1817 3.4827e+00    10.1115      3.301      4.788    12.3849 0.0000e+00
      3.366     -0.006     3.4649     36.297     37.582  28.138298     1.2766      7.818   266.1444 3.4901e+00    10.0716      3.301      4.789    12.3965 0.0000e+00
      3.363     -0.005     3.5672     37.114     37.616  28.162889     1.3290      7.819   266.4596 3.5215e+00    10.0090      3.299      4.786    12.4064 0.0000e+00
      3.358     -0.004     3.6742     37.791     37.641  28.175671     1.3575      7.816   266.7237 3.5468e+00     9.9008      3.292      4.775    12.4128 0.0000e+00
      3.356     -0.004     3.7774     38.315     37.634  28.166064     1.3552      7.812   266.5838 3.5256e+00     9.8233      3.288      4.769    12.4253 0.0000e+00
      3.359     -0.003     3.8769     38.709     37.641  28.173502     1.3182      7.811   266.4033 3.4925e+00     9.7889      3.293      4.777    12.4367 0.0000e+00
      3.362     -0.001     3.9654     38.979     37.671  28.202221     1.2596      7.811   266.5206 3.5026e+00     9.7922      3.300      4.787    12.4346 0.0000e+00
      3.361      0.003     4.0396     39.114     37.663  28.196364     1.2461      7.809   266.7974 3.5467e+00     9.8284      3.297      4.783    12.4235 0.0000e+00
      3.356      0.004     4.0950     39.145     37.630  28.166075     1.2616      7.805   267.0824 3.5521e+00     9.8516      3.288      4.769    12.4138 0.0000e+00
      3.356      0.003     4.1357     39.125     37.619  28.152934     1.2815      7.800   267.1270 3.5020e+00     9.8680      3.288      4.770    12.4194 0.0000e+00
      3.363      0.003     4.1654     39.074     37.633  28.164251     1.3199      7.798   266.9927 3.4727e+00     9.8894      3.298      4.784    12.4330 0.0000e+00
      3.368      0.005     4.1774     38.963     37.641  28.176122     1.3524      7.798   267.0927 3.4837e+00     9.8714      3.303      4.791    12.4336 0.0000e+00
      3.368      0.006     4.1798     38.778     37.624  28.169706     1.3577      7.798   267.3900 3.4959e+00     9.8557      3.304      4.792    12.4220 0.0000e+00
      3.365      0.006     4.1774     38.599     37.590  28.150070     1.3510      7.794   267.5761 3.4940e+00     9.8699      3.299      4.786    12.4111 0.0000e+00
      3.364      0.004     4.1735     38.495     37.552  28.128875     1.3537      7.790   267.5364 3.4810e+00     9.8716      3.296      4.781    12.4131 0.0000e+00
      3.368      0.002     4.1626     38.459     37.507  28.103620     1.3655      7.787   267.3393 3.4495e+00     9.8765      3.302      4.790    12.4252 0.0000e+00
      3.373      0.002     4.1372     38.477     37.487  28.098271     1.3692      7.785   267.2593 3.4180e+00     9.8605      3.310      4.801    12.4340 0.0000e+00
      3.373      0.002     4.1141     38.544     37.518  28.127603     1.3064      7.784   267.3436 3.4122e+00     9.9860      3.309      4.799    12.4398 0.0000e+00
      3.370      0.001     4.1041     38.675     37.536  28.141333     1.1811      7.784   267.4116 3.4090e+00    10.2678      3.305      4.792    12.4492 0.0000e+00
      3.369      0.000     4.0992     38.907     37.536  28.137504     1.1107      7.784   267.4794 3.3950e+00    10.4320      3.302      4.789    12.4612 0.0000e+00
      3.369      0.000     4.0999     39.212     37.559  28.144693     1.1128      7.783   267.5600 3.3723e+00    10.5025      3.304      4.791    12.4764 0.0000e+00
      3.370      0.001     4.1066     39.504     37.601  28.164850     1.1148      7.782   267.5257 3.3523e+00    10.5740      3.306      4.795    12.4851 0.0000e+00
      3.372      0.002     4.1172     39.735     37.644  28.191040     1.0768      7.783   267.2377 3.3431e+00    10.7831      3.306      4.796    12.4850 0.0000e+00
      3.373      0.004     4.1437     39.881     37.668  28.207795     1.0196      7.783   267.0025 3.3352e+00    11.1184      3.307      4.796    12.4808 0.0000e+00
      3.373      0.008     4.1823     39.909     37.716  28.240655     0.9971      7.784   267.1780 3.3252e+00    11.3147      3.308      4.798    12.4651 0.0000e+00
      3.373      0.016     4.2165     39.825     37.860  28.334792     1.0045      7.787   267.5524 3.3104e+00    11.3459      3.307      4.798    12.4464 0.0000e+00
      3.374      0.027     4.2420     39.638     38.069  28.458524     1.0335      7.788   267.9154 3.2934e+00    11.4268      3.307      4.796    12.4388 0.0000e+00
      3.380      0.037     4.2601     39.335     38.220  28.532244     1.0826      7.788   268.1246 3.2604e+00    11.6442      3.311      4.804    12.4398 0.0000e+00
      3.393      0.045     4.2622     38.930     38.254  28.528801     1.1149      7.786   268.1892 3.1990e+00    11.7878      3.326      4.824    12.4400 0.0000e+00
      3.411      0.049     4.2528     38.402     38.210  28.480255     1.1247      7.783   268.2672 3.1233e+00    11.7963      3.344      4.850    12.4281 0.0000e+00
      3.431      0.047     4.2403     37.668     38.094  28.388991     1.1093      7.780   268.2071 3.0571e+00    11.8159      3.365      4.881    12.3804 0.0000e+00
      3.446      0.039     4.2113     36.656     37.979  28.312787     1.0706      7.778   268.2367 3.0222e+00    11.8877      3.383      4.907    12.3136 0.0000e+00
      3.454      0.029     4.1728     35.446     37.965  28.319571     1.0484      7.776   268.5394 3.0029e+00    11.9478      3.388      4.914    12.2790 0.0000e+00
      3.456      0.019     4.1206     34.242     37.982  28.344247     1.0484      7.775   268.5971 2.9878e+00    11.9954      3.390      4.916    12.2626 0.0000e+00
      3.456      0.009     4.0481     33.191     37.992  28.357602     1.0368      7.774   268.4179 2.9943e+00    12.0533      3.389      4.915    12.2502 0.0000e+00
      3.457      0.003     3.9358     32.419     37.985  28.354275     1.0079      7.773   268.4381 3.0058e+00    12.0331      3.390      4.916    12.2672 0.0000e+00
      3.457      0.001     3.7912     32.002     37.912  28.304018     0.9909      7.771   268.4971 3.0098e+00    11.9907      3.391      4.918    12.2990 0.0000e+00
      3.456      0.000     3.6592     31.902     37.834  28.257070     0.9976      7.769   268.4429 3.0253e+00    12.0199      3.388      4.914    12.3132 0.0000e+00
      3.456 1.7875e-08     3.5404     32.066     37.864  28.293769     1.0474      7.769   268.4709 3.0171e+00    12.0442      3.388      4.913    12.3176 0.0000e+00
      3.457 1.9662e-07     3.4526     32.413     37.960  28.367416     1.1267      7.767   268.4914 2.9941e+00    12.0109      3.391      4.919    12.3206 0.0000e+00
      3.457 -1.759e-07     3.4129     32.849     38.003  28.386857     1.1660      7.766   268.4332 3.0106e+00    11.9588      3.391      4.918    12.3202 0.0000e+00
      3.456      0.000     3.4010     33.326     38.044  28.402041     1.1645      7.766   268.5409 3.0223e+00    11.9609      3.388      4.913    12.3375 0.0000e+00
      3.456      0.000     3.4193     33.766     38.089  28.424196     1.1588      7.765   268.6757 3.0093e+00    11.9679      3.390      4.916    12.3680 0.0000e+00
      3.456     -0.001     3.4617     34.088     38.066  28.401167     1.1137      7.765   268.6012 3.0028e+00    11.8045      3.391      4.917    12.3716 0.0000e+00
      3.455     -0.001     3.5093     34.249     38.032  28.377156     1.0349      7.765   268.4135 2.9968e+00    11.5562      3.388      4.913    12.3453 0.0000e+00
      3.455     -0.001     3.5667     34.254     38.036  28.387433     0.9971      7.766   268.2986 2.9809e+00    11.4593      3.388      4.914    12.3222 0.0000e+00
      3.455     -0.001     3.6178     34.101     38.042  28.398655     0.9973      7.766   268.4173 2.9714e+00    11.4869      3.389      4.916    12.3089 0.0000e+00
      3.454      0.000     3.6553     33.802     38.027  28.386074     1.0210      7.766   268.6445 2.9765e+00    11.6509      3.387      4.913    12.2991 0.0000e+00
      3.453      0.001     3.6709     33.452     38.001  28.362088     1.0505      7.765   268.8938 2.9699e+00    11.9050      3.385      4.910    12.2999 0.0000e+00
      3.455      0.001     3.6704     33.147     38.003  28.362202     1.0464      7.763   269.1086 2.9596e+00    11.9970      3.388      4.913    12.3152 0.0000e+00
      3.457      0.001     3.6545     32.927     38.036  28.387448     1.0378      7.761   269.1769 2.9661e+00    11.9785      3.390      4.917    12.3273 0.0000e+00
      3.457      0.001     3.6174     32.780     38.071  28.413783     1.0543      7.761   269.2892 2.9676e+00    11.9545      3.390      4.917    12.3220 0.0000e+00
      3.457     -0.000     3.5772     32.705     38.094  28.427057     1.0716      7.759   269.1764 2.9544e+00    11.8775      3.390      4.917    12.3129 0.0000e+00
      3.456     -0.001     3.5426     32.698     38.092  28.421152     1.0641      7.759   268.6731 2.9431e+00    11.7982      3.389      4.915    12.3113 0.0000e+00
      3.456      0.002     3.5211     32.731     38.157  28.469158     1.0465      7.762   268.6242 2.9589e+00    11.7474      3.389      4.915    12.3148 0.0000e+00
      3.455      0.008     3.5041     32.764     38.291  28.563773     1.0500      7.762   269.1882 2.9913e+00    11.7078      3.389      4.916    12.3156 0.0000e+00
      3.454      0.013     3.4967     32.753     38.298  28.550880     1.0654      7.757   269.5550 2.9958e+00    11.6262      3.386      4.911    12.3093 0.0000e+00
      3.456      0.015     3.4985     32.688     38.172  28.440020     1.0741      7.754   269.4455 2.9547e+00    11.5463      3.383      4.907    12.2999 0.0000e+00
      3.466      0.015     3.5023     32.553     38.062  28.364380     1.0716      7.753   269.2411 2.8915e+00    11.5279      3.397      4.927    12.3028 0.0000e+00
      3.479      0.014     3.5091     32.322     37.989  28.333619     1.0857      7.753   269.2346 2.8710e+00    11.3006      3.418      4.957    12.3057 0.0000e+00
      3.483      0.012     3.5091     31.978     37.942  28.321686     1.1363      7.752   269.4527 2.9069e+00    10.8830      3.419      4.959    12.2718 0.0000e+00
      3.479      0.008     3.5064     31.583     37.952  28.346910     1.1756      7.752   269.6408 2.9392e+00    10.6457      3.409      4.945    12.2331 0.0000e+00
      3.476      0.003     3.4917     31.307     37.994  28.385056     1.1866      7.752   269.6158 2.9476e+00    10.5837      3.406      4.942    12.2498 0.0000e+00
      3.477     -0.001     3.4644     31.239     38.021  28.402580     1.1861      7.750   269.6671 2.9411e+00    10.5769      3.409      4.945    12.2921 0.0000e+00
      3.479     -0.002     3.4255     31.397     38.071  28.432003     1.2285      7.749   269.8309 2.9305e+00    10.5976      3.413      4.950    12.3210 0.0000e+00
      3.480     -0.002     3.3698     31.755     38.164  28.487239     1.3243      7.749   269.7029 2.9294e+00    10.6299      3.414      4.952    12.3482 0.0000e+00
      3.478     -0.002     3.3382     32.196     38.294  28.563299     1.3704      7.749   269.4106 2.9299e+00    10.6256      3.411      4.946    12.3589 0.0000e+00
      3.477     -0.002     3.3318     32.610     38.446  28.654321     1.3530      7.749   269.3941 2.9444e+00    10.5791      3.409      4.944    12.3470 0.0000e+00
      3.476      0.000     3.3477     32.903     38.536  28.700288     1.3136      7.748   269.5890 2.9787e+00    10.6829      3.409      4.945    12.3416 0.0000e+00
      3.473      0.002     3.3952     32.987     38.524  28.675320     1.2599      7.747   269.7029 2.9851e+00    10.9249      3.405      4.938    12.3234 0.0000e+00
