Data/DataNotYetUploadedToEDI/Raw_CTD/RawDownloads/110822_fcr50_S7809003.cnv
* Sea-Bird SBE19plus  Data File:
* FileName = C:\R\Reservoirs\Data\DataNotYetUploadedToEDI\Raw_CTD\RawDownloads\110122_fcr50_S7809_0003.hex
* Software version 2.8.0.119
* Temperature SN = 7809
* Conductivity SN = 7809
* System UpLoad Time = Nov 18 2022 12:29:03
* <ApplicationData>
* <Seaterm232>
# nquan = 15
# nvalues = 1966                        
# units = specified
# name 0 = depFM: Depth [fresh water, m]
# name 1 = dz/dtM: Descent Rate [m/s]
# name 2 = sbeox0Mg/L: Oxygen, SBE 43 [mg/l]
# name 3 = sbeox0PS: Oxygen, SBE 43 [% saturation]
# name 4 = specc: Specific Conductance [uS/cm]
# name 5 = c0uS/cm: Conductivity [uS/cm]
# name 6 = flECO-AFL: Fluorescence, WET Labs ECO-AFL/FL [mg/m^3]
# name 7 = ph: pH
# name 8 = orp: Oxidation Reduction Potential [mV]
# name 9 = par/sat/log: PAR/Logarithmic, Satlantic
# name 10 = turbWETntu0: Turbidity, WET Labs ECO [NTU]
# name 11 = prdM: Pressure, Strain Gauge [db]
# name 12 = prdE: Pressure, Strain Gauge [psi]
# name 13 = tv290C: Temperature [ITS-90, deg C]
# name 14 = flag:  0.000e+00
# span 0 =     -0.517,      9.384       
# span 1 =     -0.227,      0.669       
# span 2 =     3.1332,     8.1623       
# span 3 =     29.326,     82.113       
# span 4 =      0.258,     46.117       
# span 5 =   0.203881,  34.452014       
# span 6 =    -1.5703,    14.4852       
# span 7 =     -1.865,      8.244       
# span 8 = -1240.6894,  1240.2295       
# span 9 = 1.2367e-01, 1.9115e+03       
# span 10 =    -5.8437,   279.9435      
# span 11 =     -0.507,      9.203      
# span 12 =     -0.735,     13.348      
# span 13 =    12.3496,    15.7255      
# span 14 = 0.0000e+00, 0.0000e+00      
# interval = seconds: 0.25
# start_time = Nov 08 2022 10:12:20 [Instrument's time stamp, header]
# bad_flag = -9.990e-29
*END*
[from data line 482]
      1.267      0.021     8.0546     81.155     41.665  33.917241     8.8360      8.026   245.8939 1.5575e+02     2.6734      1.243      1.803    15.6973 0.0000e+00
      1.271      0.020     8.0502     81.210     41.673  33.923477     8.9022      8.028   246.2452 1.5902e+02     2.6802      1.246      1.808    15.6979 0.0000e+00
      1.274      0.019     8.0470     81.240     41.673  33.923477     8.9265      8.031   246.5577 1.5653e+02     2.6270      1.249      1.811    15.6982 0.0000e+00
      1.278      0.020     8.0513     81.292     41.665  33.917241     8.9388      8.033   246.5744 1.4939e+02     2.5762      1.252      1.817    15.6984 0.0000e+00
      1.284      0.024     8.0624     81.335     41.658  33.911481     9.1254      8.035   246.4472 1.4665e+02     2.5788      1.258      1.825    15.6985 0.0000e+00
      1.291      0.031     8.0681     81.298     41.664  33.917246     9.4596      8.038   246.3104 1.4633e+02     2.6253      1.266      1.837    15.6983 0.0000e+00
      1.298      0.038     8.0675     81.233     41.672  33.923539     9.6334      8.039   246.3837 1.4453e+02     2.6254      1.273      1.847    15.6982 0.0000e+00
      1.306      0.043     8.0736     81.210     41.672  33.924163     9.6371      8.041   246.3867 1.4358e+02     2.5794      1.279      1.855    15.6984 0.0000e+00
      1.319      0.044     8.0839     81.209     41.673  33.924787     9.6794      8.041   246.1747 1.4449e+02     2.5818      1.291      1.872    15.6986 0.0000e+00
      1.338      0.042     8.0758     81.206     41.681  33.931079     9.7699      8.041   246.5732 1.4417e+02     2.6198      1.314      1.905    15.6987 0.0000e+00
      1.353      0.038     8.0651     81.181     41.688  33.936844     9.8162      8.043   247.5917 1.4021e+02     2.6301      1.332      1.932    15.6990 0.0000e+00
      1.361      0.035     8.0663     81.124     41.682  33.931080     9.8153      8.046   247.9921 1.3916e+02     2.6041      1.336      1.938    15.6997 0.0000e+00
      1.364      0.031     8.0657     81.084     41.674  33.924788     9.7758      8.046   247.8876 1.3878e+02     2.5783      1.337      1.939    15.6998 0.0000e+00
      1.367      0.030     8.0664     81.068     41.675  33.924174     9.7206      8.048   247.6181 1.3448e+02     2.5912      1.338      1.941    15.6995 0.0000e+00
      1.373      0.035     8.0659     81.048     41.680  33.923654     9.7141      8.050   247.2286 1.3172e+02     2.6234      1.344      1.950    15.6995 0.0000e+00
      1.383      0.043     8.0557     81.033     41.684  33.918496     9.7307      8.052   248.0823 1.3017e+02     2.6596      1.355      1.965    15.6993 0.0000e+00
      1.396      0.049     8.0526     81.051     41.703  33.925205     9.7133      8.054   250.0249 1.2769e+02     2.6534      1.367      1.982    15.6991 0.0000e+00
      1.412      0.050     8.0531     81.113     41.730  33.941355     9.6198      8.055   251.0131 1.2489e+02     2.6164      1.383      2.006    15.6995 0.0000e+00
      1.431      0.047     8.0505     81.183     41.711  33.923544     9.4998      8.056   250.9969 1.2315e+02     2.6231      1.405      2.037    15.6941 0.0000e+00
      1.446      0.041     8.0512     81.226     41.684  33.900063     9.4608      8.056   250.6030 1.2287e+02     2.6656      1.421      2.062    15.6808 0.0000e+00
      1.453      0.034     8.0528     81.237     41.699  33.911072     9.4732      8.057   249.9500 1.2182e+02     2.6521      1.427      2.069    15.6693 0.0000e+00
      1.456      0.025     8.0630     81.215     41.722  33.929837     9.4911      8.059   250.1568 1.2227e+02     2.5276      1.428      2.071    15.6632 0.0000e+00
      1.459      0.017     8.0715     81.165     41.730  33.936735     9.5275      8.061   251.2108 1.2318e+02     2.4255      1.431      2.076    15.6602 0.0000e+00
      1.463      0.012     8.0758     81.118     41.721  33.931074     9.5635      8.062   251.8529 1.2057e+02     2.4076      1.436      2.083    15.6588 0.0000e+00
      1.467      0.010     8.0771     81.077     41.711  33.924799     9.5853      8.064   251.8974 1.1943e+02     2.4137      1.439      2.087    15.6582 0.0000e+00
      1.469      0.010     8.0753     81.010     41.710  33.924271     9.6332      8.066   251.7495 1.1951e+02     2.4653      1.440      2.089    15.6581 0.0000e+00
      1.470      0.010     8.0684     80.935     41.710  33.924687     9.7179      8.068   251.5274 1.1827e+02     2.5528      1.441      2.090    15.6586 0.0000e+00
      1.472      0.011     8.0625     80.859     41.715  33.929827     9.7602      8.071   251.0188 1.1808e+02     2.6179      1.444      2.094    15.6600 0.0000e+00
      1.475      0.014     8.0616     80.769     41.706  33.923013     9.7614      8.075   250.5900 1.1676e+02     2.6382      1.446      2.098    15.6624 0.0000e+00
      1.478      0.019     8.0522     80.692     41.685  33.905710     9.8076      8.075   250.8171 1.1533e+02     2.6262      1.449      2.101    15.6641 0.0000e+00
      1.483      0.023     8.0446     80.652     41.692  33.910842     9.8862      8.075   251.2688 1.1548e+02     2.6096      1.453      2.107    15.6642 0.0000e+00
      1.489      0.026     8.0386     80.657     41.706  33.921651     9.9293      8.076   251.5779 1.1400e+02     2.6088      1.458      2.115    15.6646 0.0000e+00
      1.499      0.026     8.0271     80.721     41.690  33.909584     9.9542      8.076   251.7151 1.1174e+02     2.6504      1.470      2.132    15.6664 0.0000e+00
      1.510      0.024     8.0190     80.811     41.666  33.891762    10.1627      8.077   250.9486 1.1059e+02     2.7033      1.483      2.151    15.6663 0.0000e+00
      1.516      0.021     8.0159     80.873     41.670  33.896392    10.5357      8.079   249.5378 1.0973e+02     2.7008      1.488      2.158    15.6635 0.0000e+00
      1.520      0.018     8.0148     80.888     41.677  33.902153    10.7265      8.081   249.1118 1.0913e+02     2.6543      1.490      2.161    15.6624 0.0000e+00
      1.522      0.017     8.0224     80.890     41.672  33.898004    10.7387      8.082   249.4115 1.0901e+02     2.6196      1.492      2.164    15.6645 0.0000e+00
      1.522      0.019     8.0334     80.919     41.686  33.909637    10.7414      8.083   249.7198 1.0900e+02     2.6234      1.493      2.165    15.6674 0.0000e+00
      1.525      0.025     8.0401     80.975     41.695  33.915996    10.7679      8.086   249.4842 1.0789e+02     2.6323      1.494      2.167    15.6691 0.0000e+00
      1.532      0.036     8.0403     81.045     41.691  33.911484    10.8342      8.089   248.2827 1.0614e+02     2.6253      1.500      2.176    15.6681 0.0000e+00
      1.542      0.051     8.0378     81.109     41.701  33.918487    10.8691      8.089   247.4105 1.0422e+02     2.6063      1.513      2.194    15.6679 0.0000e+00
      1.555      0.065     8.0419     81.171     41.725  33.937252    10.8318      8.089   247.2840 1.0173e+02     2.5732      1.524      2.211    15.6701 0.0000e+00
      1.573      0.072     8.0471     81.231     41.740  33.948147    10.5076      8.090   247.6135 9.8346e+01     2.5672      1.537      2.230    15.6686 0.0000e+00
      1.600      0.072     8.0566     81.261     41.711  33.923409     9.9206      8.092   248.2118 9.3935e+01     2.6016      1.565      2.270    15.6651 0.0000e+00
      1.631      0.066     8.0623     81.254     41.672  33.891774     9.5944      8.093   248.3224 9.0708e+01     2.6128      1.605      2.329    15.6640 0.0000e+00
      1.650      0.057     8.0676     81.222     41.661  33.882674     9.5603      8.095   247.9194 8.9258e+01     2.6005      1.624      2.355    15.6635 0.0000e+00
      1.656      0.046     8.0768     81.186     41.654  33.876796     9.5241      8.097   247.5550 8.8640e+01     2.6238      1.625      2.356    15.6622 0.0000e+00
      1.658      0.036     8.0788     81.149     41.663  33.884108     9.4562      8.098   247.4443 8.8425e+01     2.6555      1.626      2.359    15.6611 0.0000e+00
      1.662      0.028     8.0785     81.097     41.692  33.907683     9.4138      8.099   247.5268 8.7708e+01     2.6423      1.628      2.361    15.6606 0.0000e+00
      1.669      0.025     8.0739     81.028     41.693  33.908213     9.4117      8.099   247.6062 8.6314e+01     2.6012      1.634      2.370    15.6604 0.0000e+00
      1.680      0.025     8.0703     80.947     41.671  33.890505     9.5381      8.100   247.9733 8.5018e+01     2.5001      1.649      2.391    15.6607 0.0000e+00
      1.689      0.024     8.0677     80.873     41.663  33.883807     9.7940      8.102   248.6100 8.4276e+01     2.3763      1.659      2.406    15.6609 0.0000e+00
      1.694      0.023     8.0618     80.825     41.671  33.890630     9.9418      8.103   248.8520 8.4161e+01     2.3682      1.661      2.410    15.6610 0.0000e+00
      1.696      0.021     8.0558     80.810     41.694  33.909586     9.9443      8.105   248.7483 8.4209e+01     2.4011      1.663      2.413    15.6609 0.0000e+00
      1.699      0.021     8.0461     80.800     41.711  33.922785     9.8982      8.106   248.5609 8.3981e+01     2.3985      1.665      2.415    15.6609 0.0000e+00
      1.703      0.022     8.0383     80.757     41.711  33.923408     9.8424      8.107   248.4793 8.3564e+01     2.4050      1.670      2.422    15.6610 0.0000e+00
      1.710      0.023     8.0331     80.701     41.704  33.917125     9.8269      8.109   248.9655 8.2599e+01     2.4116      1.676      2.431    15.6610 0.0000e+00
      1.719      0.023     8.0324     80.662     41.695  33.910217     9.8282      8.110   249.7936 8.1384e+01     2.4099      1.685      2.443    15.6608 0.0000e+00
      1.727      0.023     8.0345     80.660     41.686  33.903292     9.8081      8.110   250.1468 8.0774e+01     2.3839      1.695      2.458    15.6606 0.0000e+00
      1.732      0.022     8.0279     80.685     41.678  33.896799     9.7337      8.110   250.1378 8.0580e+01     2.4052      1.699      2.464    15.6606 0.0000e+00
      1.736      0.019     8.0220     80.730     41.675  33.895118     9.6274      8.111   250.0287 8.0312e+01     2.5312      1.701      2.468    15.6605 0.0000e+00
      1.741      0.015     8.0166     80.819     41.660  33.882966     9.5888      8.112   249.7750 8.0032e+01     2.6096      1.707      2.476    15.6609 0.0000e+00
      1.745      0.011     8.0166     80.899     41.652  33.876682     9.6076      8.113   249.9951 7.9756e+01     2.6015      1.711      2.482    15.6613 0.0000e+00
      1.747      0.009     8.0213     80.905     41.659  33.882551     9.6304      8.114   250.7115 7.9289e+01     2.5355      1.713      2.485    15.6614 0.0000e+00
      1.749      0.007     8.0217     80.877     41.669  33.890526     9.6643      8.115   251.1232 7.9091e+01     2.3922      1.715      2.487    15.6616 0.0000e+00
      1.750      0.005     8.0338     80.853     41.693  33.909689     9.7017      8.117   251.1873 7.8981e+01     2.3381      1.716      2.489    15.6620 0.0000e+00
      1.750      0.004     8.0461     80.848     41.711  33.924031     9.7238      8.117   251.0560 7.8798e+01     2.3941      1.717      2.490    15.6624 0.0000e+00
      1.751      0.004     8.0427     80.881     41.727  33.937128     9.7571      8.118   250.8266 7.8931e+01     2.4192      1.717      2.491    15.6622 0.0000e+00
      1.752      0.004     8.0392     80.943     41.732  33.941231     9.8126      8.119   250.8227 7.9042e+01     2.4023      1.719      2.492    15.6620 0.0000e+00
      1.753      0.005     8.0370     81.023     41.694  33.910228     9.8460      8.120   250.9229 7.8987e+01     2.3618      1.719      2.492    15.6621 0.0000e+00
      1.754      0.006     8.0345     81.104     41.656  33.879306     9.8610      8.121   250.9189 7.8726e+01     2.3392      1.720      2.494    15.6620 0.0000e+00
      1.756      0.008     8.0393     81.143     41.662  33.884390     9.8692      8.123   250.7751 7.8425e+01     2.3341      1.722      2.498    15.6619 0.0000e+00
      1.759      0.011     8.0453     81.123     41.691  33.908287     9.8539      8.126   250.7324 7.8145e+01     2.2991      1.725      2.502    15.6619 0.0000e+00
      1.761      0.016     8.0535     81.064     41.698  33.914617     9.8422      8.128   250.5744 7.7919e+01     2.2584      1.727      2.504    15.6618 0.0000e+00
      1.763      0.020     8.0640     80.997     41.677  33.897527     9.8610      8.129   249.9840 7.7651e+01     2.2855      1.728      2.506    15.6618 0.0000e+00
      1.769      0.023     8.0684     80.953     41.669  33.891876     9.9818      8.131   249.7021 7.6471e+01     2.4216      1.732      2.513    15.6620 0.0000e+00
      1.778      0.027     8.0651     80.950     41.691  33.909698    10.1792      8.132   249.9199 7.5251e+01     2.5377      1.744      2.530    15.6624 0.0000e+00
      1.787      0.029     8.0585     80.971     41.708  33.922785    10.2746      8.133   250.1218 7.5099e+01     2.5620      1.754      2.544    15.6627 0.0000e+00
      1.794      0.030     8.0504     80.986     41.708  33.923305    10.2692      8.134   250.1642 7.4615e+01     2.6133      1.758      2.550    15.6635 0.0000e+00
      1.801      0.030     8.0449     80.993     41.698  33.915981    10.1728      8.135   249.9167 7.3589e+01     2.6453      1.765      2.560    15.6640 0.0000e+00
      1.810      0.031     8.0455     81.017     41.675  33.897641     9.9910      8.136   249.6249 7.2837e+01     2.6073      1.776      2.577    15.6637 0.0000e+00
      1.817      0.032     8.0492     81.057     41.668  33.891774     9.8865      8.136   249.6474 7.2067e+01     2.5977      1.783      2.586    15.6638 0.0000e+00
      1.823      0.032     8.0507     81.077     41.688  33.908453     9.8736      8.136   249.6722 7.1207e+01     2.5983      1.787      2.591    15.6643 0.0000e+00
      1.833      0.030     8.0496     81.077     41.688  33.909085     9.8850      8.136   249.5806 7.0142e+01     2.5801      1.797      2.605    15.6649 0.0000e+00
      1.844      0.026     8.0515     81.060     41.676  33.899418     9.9913      8.136   249.5722 6.9285e+01     2.5479      1.810      2.625    15.6654 0.0000e+00
      1.852      0.022     8.0585     81.008     41.700  33.918383    10.1764      8.137   249.5711 6.9120e+01     2.4828      1.819      2.638    15.6656 0.0000e+00
      1.856      0.017     8.0593     80.933     41.736  33.948166    10.2757      8.139   249.3941 6.9024e+01     2.4075      1.821      2.641    15.6658 0.0000e+00
      1.858      0.014     8.0586     80.840     41.729  33.942489    10.2854      8.141   249.1529 6.8839e+01     2.3553      1.822      2.643    15.6660 0.0000e+00
      1.858      0.013     8.0593     80.736     41.693  33.913139    10.3430      8.143   249.1507 6.8725e+01     2.3647      1.823      2.643    15.6660 0.0000e+00
      1.859      0.014     8.0521     80.654     41.690  33.910333    10.4559      8.145   249.1955 6.8565e+01     2.3840      1.823      2.644    15.6661 0.0000e+00
      1.862      0.017     8.0453     80.615     41.687  33.908567    10.5104      8.145   249.1780 6.8048e+01     2.3497      1.824      2.645    15.6660 0.0000e+00
      1.868      0.019     8.0359     80.602     41.667  33.891785    10.4947      8.145   249.2837 6.6976e+01     2.3262      1.830      2.654    15.6659 0.0000e+00
      1.878      0.020     8.0241     80.616     41.674  33.897643    10.3653      8.146   249.3548 6.6233e+01     2.4069      1.843      2.672    15.6659 0.0000e+00
      1.884      0.020     8.0145     80.681     41.697  33.915993    10.1362      8.147   249.3489 6.6149e+01     2.5737      1.850      2.683    15.6660 0.0000e+00
      1.887      0.019     8.0122     80.782     41.706  33.923430    10.0133      8.148   249.3848 6.6066e+01     2.6692      1.851      2.685    15.6662 0.0000e+00
      1.890      0.016     8.0111     80.892     41.707  33.924157    10.0028      8.148   249.4451 6.5812e+01     2.6396      1.854      2.689    15.6662 0.0000e+00
