Data/DataNotYetUploadedToEDI/Raw_CTD/RawDownloads/110822_bvr50_S8188002.cnv
* Sea-Bird SBE19plus  Data File:
* FileName = C:\R\Reservoirs\Data\DataNotYetUploadedToEDI\Raw_CTD\RawDownloads\110122_fcr50_S8188_0002.hex
* Software version 2.8.0.119
* Temperature SN = 8188
* Conductivity SN = 8188
* System UpLoad Time = Nov 18 2022 12:44:36
* <ApplicationData>
* <Seaterm232>
# nquan = 16
# nvalues = 2315                        
# units = specified
# name 0 = depFM: Depth [fresh water, m]
# name 1 = dz/dtM: Descent Rate [m/s]
# name 2 = sbeox0Mg/L: Oxygen, SBE 43 [mg/l]
# name 3 = sbeox0PS: Oxygen, SBE 43 [% saturation]
# name 4 = specc: Specific Conductance [uS/cm]
# name 5 = c0uS/cm: Conductivity [uS/cm]
# name 6 = wetCDOM: Fluorescence, WET Labs CDOM [mg/m^3]
# name 7 = flECO-AFL: Fluorescence, WET Labs ECO-AFL/FL [mg/m^3]
# name 8 = flECO-AFL1: Fluorescence, WET Labs ECO-AFL/FL, 2 [mg/m^3]
# name 9 = flECO-AFL2: Fluorescence, WET Labs ECO-AFL/FL, 3 [mg/m^3]
# name 10 = par/sat/log: PAR/Logarithmic, Satlantic
# name 11 = turbWETntu0: Turbidity, WET Labs ECO [NTU]
# name 12 = prdM: Pressure, Strain Gauge [db]
# name 13 = prdE: Pressure, Strain Gauge [psi]
# name 14 = tv290C: Temperature [ITS-90, deg C]
# name 15 = flag:  0.000e+00
# span 0 =     -0.594,      7.386       
# span 1 =     -0.194,      0.151       
# span 2 =    -0.2430,     8.7821       
# span 3 =     -2.239,     88.519       
# span 4 =      2.606,    101.607       
# span 5 =   2.054459,  73.612251       
# span 6 =    -4.5000,     9.4500       
# span 7 =    -1.5765,     3.8213       
# span 8 =    -2.1300,     5.5380       
# span 9 =    -3.6801,    11.2518       
# span 10 = 1.1597e-01, 1.3525e+03      
# span 11 =    -6.7511,    38.9255      
# span 12 =     -0.583,      7.244      
# span 13 =     -0.845,     10.506      
# span 14 =    11.2190,    15.8001      
# span 15 = 0.0000e+00, 0.0000e+00      
# interval = seconds: 0.25
# start_time = Nov 08 2022 07:46:47 [Instrument's time stamp, header]
# bad_flag = -9.990e-29
*END*
[from data line 1537]
      4.993      0.019     0.2588      2.255     43.856  32.156505     7.6500     0.5712     0.6816     0.2961 2.2915e-01    23.6699      4.896      7.101    11.6608 0.0000e+00
      4.998      0.019     0.2532      2.266     43.877  32.171402     7.6500     0.5445     0.6390     0.2115 2.2623e-01    23.5347      4.901      7.108    11.6603 0.0000e+00
      5.003      0.018     0.2485      2.291     43.880  32.172987     7.6500     0.5826     0.6390     0.2115 2.4683e-01    23.6850      4.906      7.115    11.6597 0.0000e+00
      5.007      0.018     0.2457      2.321     43.859  32.157723     7.6500     0.5445     0.6390     0.2115 2.3839e-01    23.5948      4.910      7.122    11.6591 0.0000e+00
      5.012      0.018     0.2449      2.345     43.821  32.129460     7.6500     0.5521     0.6390     0.2115 2.5116e-01    23.7000      4.915      7.128    11.6585 0.0000e+00
      5.016      0.017     0.2461      2.354     43.780  32.100465     7.6500     0.5445     0.6390     0.2115 2.1988e-01    23.6248      4.919      7.134    11.6579 0.0000e+00
      5.020      0.017     0.2488      2.347     43.739  32.070925     7.7400     0.5902     0.6816     0.2115 2.3266e-01    23.5046      4.923      7.140    11.6574 0.0000e+00
      5.024      0.017     0.2521      2.326     43.698  32.040884     7.7400     0.5521     0.6816     0.2115 2.2890e-01    23.9405      4.927      7.146    11.6572 0.0000e+00
      5.029      0.018     0.2546      2.297     43.688  32.034016     7.7400     0.5597     0.6816     0.2115 2.4074e-01    23.9405      4.931      7.152    11.6574 0.0000e+00
      5.033      0.019     0.2556      2.264     43.718  32.056409     7.7400     0.5712     0.6816     0.2115 2.3281e-01    23.8503      4.936      7.159    11.6581 0.0000e+00
      5.038      0.020     0.2549      2.228     43.764  32.090272     7.6500     0.5559     0.6390     0.2115 2.3582e-01    23.8052      4.940      7.166    11.6588 0.0000e+00
      5.043      0.021     0.2526      2.188     43.811  32.124834     7.6500     0.5712     0.6390     0.2115 2.3566e-01    23.3242      4.945      7.173    11.6593 0.0000e+00
      5.049      0.021     0.2494      2.148     43.851  32.153469     7.6500     0.5712     0.6390     0.2115 2.0245e-01    23.3693      4.951      7.181    11.6598 0.0000e+00
      5.055      0.022     0.2458      2.110     43.883  32.175892     7.6500     0.5483     0.6390     0.2115 2.0798e-01    23.3092      4.957      7.189    11.6602 0.0000e+00
      5.060      0.022     0.2419      2.072     43.909  32.194121     7.7400     0.5635     0.6816     0.2115 2.4152e-01    23.3092      4.962      7.197    11.6603 0.0000e+00
      5.066      0.022     0.2376      2.036     43.925  32.205098     7.7400     0.6475     0.6816     0.2115 2.1399e-01    23.3693      4.968      7.205    11.6600 0.0000e+00
      5.072      0.021     0.2333      2.007     43.929  32.207788     7.7400     0.6436     0.6816     0.2115 2.0794e-01    23.3693      4.973      7.213    11.6592 0.0000e+00
      5.077      0.021     0.2291      1.986     43.928  32.206870     7.7400     0.6093     0.6816     0.2115 1.9288e-01    23.3393      4.979      7.221    11.6583 0.0000e+00
      5.082      0.020     0.2250      1.970     43.925  32.204079     7.7400     0.6322     0.6816     0.2115 2.1140e-01    23.3994      4.984      7.228    11.6574 0.0000e+00
      5.087      0.020     0.2212      1.960     43.921  32.200651     7.7400     0.6475     0.6390     0.2961 1.9146e-01    23.3844      4.989      7.236    11.6567 0.0000e+00
      5.093      0.019     0.2180      1.951     43.923  32.201611     7.7400     0.6093     0.6390     0.2961 1.7063e-01    23.3543      4.994      7.243    11.6559 0.0000e+00
      5.098      0.019     0.2157      1.940     43.922  32.201277     7.7400     0.6208     0.6390     0.2961 2.1670e-01    23.2791      4.999      7.250    11.6552 0.0000e+00
      5.103      0.018     0.2140      1.923     43.914  32.195598     7.7400     0.6208     0.6390     0.2961 1.8153e-01    23.3393      5.004      7.257    11.6547 0.0000e+00
      5.107      0.017     0.2129      1.903     43.902  32.187019     7.7400     0.6284     0.6390     0.2538 2.2017e-01    23.7000      5.008      7.263    11.6543 0.0000e+00
      5.111      0.017     0.2119      1.882     43.899  32.185136     7.7400     0.6360     0.6390     0.2538 2.0467e-01    23.5797      5.012      7.269    11.6542 0.0000e+00
      5.115      0.017     0.2107      1.862     43.921  32.201327     7.7400     0.6093     0.6390     0.2538 2.1108e-01    23.5647      5.016      7.275    11.6543 0.0000e+00
      5.120      0.017     0.2089      1.846     43.952  32.224067     7.7400     0.6284     0.6390     0.2538 1.7926e-01    23.6699      5.020      7.281    11.6546 0.0000e+00
      5.124      0.017     0.2067      1.836     43.971  32.237639     7.6500     0.5216     0.6816     0.3384 1.9596e-01    23.3844      5.025      7.287    11.6551 0.0000e+00
      5.128      0.018     0.2043      1.835     43.971  32.237740     7.6500     0.4834     0.6816     0.3384 1.9905e-01    23.4896      5.029      7.294    11.6554 0.0000e+00
      5.133      0.019     0.2022      1.841     43.954  32.226378     7.6500     0.4987     0.6816     0.3384 2.0444e-01    23.3693      5.034      7.300    11.6554 0.0000e+00
      5.138      0.020     0.2005      1.849     43.936  32.214384     7.6500     0.5025     0.6816     0.3384 1.8292e-01    23.3994      5.038      7.307    11.6553 0.0000e+00
      5.143      0.020     0.1994      1.854     43.928  32.210441     7.7400     0.5712     0.6390     0.2115 1.9046e-01    23.6248      5.043      7.315    11.6553 0.0000e+00
      5.148      0.021     0.1992      1.858     43.924  32.207559     7.7400     0.5521     0.6390     0.2115 1.8914e-01    23.6699      5.048      7.322    11.6556 0.0000e+00
      5.154      0.022     0.2000      1.866     43.920  32.204967     7.7400     0.5788     0.6390     0.2115 1.8706e-01    23.6248      5.054      7.330    11.6566 0.0000e+00
      5.160      0.022     0.2008      1.873     43.933  32.213856     7.7400     0.5521     0.6390     0.2115 1.7056e-01    23.5948      5.060      7.339    11.6582 0.0000e+00
      5.166      0.022     0.2013      1.875     43.957  32.230656     7.7400     0.7009     0.6390     0.2115 1.9363e-01    23.6850      5.066      7.347    11.6596 0.0000e+00
      5.172      0.022     0.2018      1.870     43.979  32.245985     7.7400     0.6970     0.6816     0.1269 1.7059e-01    23.6699      5.071      7.355    11.6603 0.0000e+00
      5.177      0.022     0.2026      1.862     44.002  32.261951     7.7400     0.6970     0.6816     0.1269 1.7044e-01    23.7300      5.077      7.363    11.6602 0.0000e+00
      5.183      0.022     0.2034      1.853     44.032  32.282811     7.7400     0.6856     0.6816     0.1269 1.7279e-01    23.5647      5.082      7.371    11.6597 0.0000e+00
      5.188      0.022     0.2036      1.844     44.072  32.310166     7.7400     0.5635     0.6816     0.1269 1.8252e-01    23.5497      5.087      7.379    11.6592 0.0000e+00
      5.194      0.021     0.2031      1.836     44.123  32.345372     7.6500     0.5788     0.6390     0.2115 1.6426e-01    23.6248      5.093      7.387    11.6584 0.0000e+00
      5.199      0.021     0.2022      1.829     44.165  32.374053     7.6500     0.5635     0.6390     0.2115 1.5865e-01    23.5647      5.098      7.395    11.6573 0.0000e+00
      5.204      0.020     0.2013      1.823     44.175  32.380094     7.6500     0.5826     0.6390     0.2115 1.5927e-01    23.6098      5.104      7.402    11.6555 0.0000e+00
      5.210      0.020     0.2003      1.820     44.161  32.369067     7.6500     0.5483     0.6390     0.2115 1.5029e-01    23.6699      5.109      7.409    11.6533 0.0000e+00
      5.215      0.020     0.1995      1.818     44.143  32.355852     7.6500     0.5597     0.6390     0.2961 1.7922e-01    23.6248      5.113      7.417    11.6509 0.0000e+00
      5.220      0.020     0.1987      1.812     44.136  32.350789     7.6500     0.5712     0.6390     0.2961 1.7111e-01    23.6549      5.118      7.424    11.6487 0.0000e+00
      5.224      0.020     0.1980      1.802     44.135  32.350546     7.6500     0.5521     0.6390     0.2961 1.8480e-01    23.5797      5.123      7.431    11.6471 0.0000e+00
      5.229      0.020     0.1977      1.786     44.143  32.357040     7.6500     0.5063     0.6390     0.2961 1.5602e-01    23.3994      5.128      7.438    11.6463 0.0000e+00
      5.234      0.021     0.1975      1.768     44.179  32.383884     7.6500     0.4872     0.6390     0.2115 1.7059e-01    23.3994      5.133      7.445    11.6461 0.0000e+00
      5.240      0.021     0.1969      1.755     44.227  32.418434     7.6500     0.4872     0.6390     0.2115 1.6126e-01    23.3092      5.138      7.453    11.6465 0.0000e+00
      5.245      0.022     0.1958      1.745     44.250  32.434257     7.6500     0.4949     0.6390     0.2115 1.7033e-01    23.3693      5.144      7.460    11.6471 0.0000e+00
      5.251      0.022     0.1940      1.736     44.247  32.431612     7.6500     0.5063     0.6390     0.2115 1.6066e-01    23.3393      5.149      7.469    11.6477 0.0000e+00
      5.257      0.022     0.1920      1.729     44.239  32.425637     7.6500     0.5063     0.6390     0.2115 1.2828e-01    23.2491      5.155      7.477    11.6479 0.0000e+00
      5.263      0.021     0.1906      1.727     44.246  32.430581     7.6500     0.5101     0.6390     0.2538 1.6084e-01    23.3693      5.161      7.485    11.6474 0.0000e+00
      5.268      0.021     0.1896      1.728     44.263  32.443800     7.6500     0.5101     0.6390     0.2538 1.1612e-01    23.4144      5.166      7.493    11.6464 0.0000e+00
      5.273      0.020     0.1886      1.728     44.281  32.456939     7.6500     0.4491     0.6390     0.2538 1.4646e-01    23.3994      5.171      7.500    11.6457 0.0000e+00
      5.278      0.020     0.1878      1.723     44.304  32.473502     7.6500     0.4567     0.6390     0.2538 1.3230e-01    23.3693      5.176      7.507    11.6455 0.0000e+00
      5.283      0.020     0.1876      1.714     44.327  32.489984     7.7400     0.4262     0.6390     0.2115 1.4014e-01    23.3693      5.181      7.514    11.6456 0.0000e+00
      5.288      0.020     0.1877      1.704     44.346  32.502859     7.7400     0.4415     0.6390     0.2115 1.4662e-01    23.4445      5.186      7.521    11.6458 0.0000e+00
      5.293      0.020     0.1877      1.693     44.370  32.519521     7.7400     0.4376     0.6390     0.2115 1.5855e-01    23.1589      5.190      7.528    11.6458 0.0000e+00
      5.298      0.020     0.1872      1.680     44.400  32.540453     7.7400     0.4453     0.6390     0.2115 1.5227e-01    23.0837      5.195      7.535    11.6455 0.0000e+00
      5.303      0.020     0.1862      1.666     44.422  32.555394     7.7400     0.4605     0.6816     0.1692 1.2338e-01    23.1439      5.201      7.543    11.6449 0.0000e+00
      5.309      0.021     0.1850      1.656     44.436  32.564368     7.7400     0.4300     0.6816     0.1692 1.1909e-01    23.2190      5.206      7.551    11.6441 0.0000e+00
      5.314      0.021     0.1839      1.653     44.450  32.573729     7.7400     0.4300     0.6816     0.1692 1.3847e-01    23.1288      5.211      7.559    11.6429 0.0000e+00
      5.320      0.021     0.1825      1.654     44.462  32.582013     7.7400     0.4872     0.6816     0.1692 1.5844e-01    23.7000      5.217      7.566    11.6415 0.0000e+00
      5.325      0.020     0.1810      1.653     44.470  32.587467     7.7400     0.4911     0.6390     0.1269 1.3221e-01    23.6699      5.222      7.574    11.6401 0.0000e+00
      5.330      0.020     0.1800      1.648     44.482  32.595506     7.7400     0.5216     0.6390     0.1269 1.5527e-01    23.5647      5.227      7.581    11.6390 0.0000e+00
      5.335      0.020     0.1796      1.638     44.506  32.612236     7.7400     0.5101     0.6390     0.1269 1.4646e-01    23.5497      5.232      7.588    11.6381 0.0000e+00
      5.340      0.019     0.1796      1.627     44.542  32.638157     7.7400     0.5788     0.6390     0.1269 1.5538e-01    23.6699      5.237      7.596    11.6373 0.0000e+00
      5.345      0.019     0.1796      1.619     44.584  32.668299     7.7400     0.5673     0.6390     0.1269 1.2319e-01    23.6248      5.241      7.603    11.6366 0.0000e+00
      5.350      0.019     0.1790      1.614     44.627  32.698820     7.7400     0.5635     0.6390     0.2115 1.3453e-01    23.5797      5.246      7.609    11.6360 0.0000e+00
      5.355      0.020     0.1780      1.613     44.672  32.729935     7.7400     0.5673     0.6390     0.2115 1.3247e-01    23.7000      5.251      7.616    11.6355 0.0000e+00
      5.360      0.021     0.1768      1.618     44.715  32.760041     7.7400     0.5063     0.6390     0.2115 1.3754e-01    23.4144      5.256      7.623    11.6349 0.0000e+00
      5.365      0.022     0.1759      1.630     44.752  32.785285     7.7400     0.5178     0.6390     0.2115 1.5527e-01    23.4294      5.261      7.631    11.6341 0.0000e+00
      5.371      0.023     0.1753      1.642     44.776  32.802496     7.6500     0.5025     0.6390     0.1692 1.3241e-01    23.3844      5.267      7.639    11.6327 0.0000e+00
      5.377      0.025     0.1753      1.646     44.785  32.808343     7.6500     0.4872     0.6390     0.1692 1.4322e-01    23.4445      5.273      7.648    11.6310 0.0000e+00
      5.384      0.026     0.1759      1.636     44.774  32.800424     7.6500     0.4415     0.6390     0.1692 1.4425e-01    23.2190      5.279      7.657    11.6292 0.0000e+00
      5.391      0.026     0.1771      1.615     44.755  32.786529     7.6500     0.4491     0.6390     0.1692 1.2462e-01    23.0687      5.286      7.667    11.6276 0.0000e+00
      5.397      0.027     0.1784      1.589     44.741  32.776816     7.6500     0.4491     0.6390     0.1692 1.3508e-01    23.0988      5.293      7.677    11.6265 0.0000e+00
      5.404      0.027     0.1789      1.562     44.734  32.772654     7.6500     0.4300     0.6390     0.1692 1.3221e-01    23.0837      5.300      7.687    11.6260 0.0000e+00
      5.411      0.027     0.1778      1.541     44.734  32.772933     7.6500     0.5139     0.6390     0.1692 1.4403e-01    23.0988      5.307      7.697    11.6259 0.0000e+00
      5.418      0.027     0.1755      1.525     44.740  32.777729     7.6500     0.4834     0.6390     0.1692 1.2411e-01    23.1288      5.313      7.706    11.6263 0.0000e+00
      5.425      0.027     0.1727      1.516     44.757  32.790300     7.7400     0.4834     0.6390     0.2115 1.4084e-01    23.0687      5.320      7.716    11.6268 0.0000e+00
      5.431      0.028     0.1698      1.515     44.798  32.819941     7.7400     0.5063     0.6390     0.2115 1.4090e-01    22.9635      5.326      7.725    11.6275 0.0000e+00
      5.438      0.028     0.1674      1.519     44.861  32.864652     7.7400     0.4949     0.6390     0.2115 1.1623e-01    23.5797      5.333      7.735    11.6281 0.0000e+00
      5.446      0.028     0.1657      1.521     44.913  32.900712     7.7400     0.5025     0.6390     0.2115 1.1600e-01    23.5948      5.340      7.745    11.6285 0.0000e+00
      5.453      0.029     0.1648      1.521     44.931  32.911992     7.7400     0.5216     0.6390     0.2115 1.1630e-01    23.5948      5.347      7.756    11.6285 0.0000e+00
      5.461      0.029     0.1647      1.522     44.929  32.909422     7.7400     0.5063     0.5964     0.2961 1.1620e-01    23.6549      5.355      7.767    11.6279 0.0000e+00
      5.468      0.028     0.1651      1.524     44.934  32.912119     7.7400     0.4491     0.5964     0.2961 1.2013e-01    23.2491      5.362      7.777    11.6265 0.0000e+00
      5.475      0.027     0.1653      1.528     44.952  32.924764     7.7400     0.4415     0.5964     0.2961 1.1607e-01    23.0837      5.369      7.788    11.6245 0.0000e+00
