Data/DataNotYetUploadedToEDI/Raw_CTD/RawDownloads/110822_fcr50_S8188003.cnv
* Sea-Bird SBE19plus  Data File:
* FileName = C:\R\Reservoirs\Data\DataNotYetUploadedToEDI\Raw_CTD\RawDownloads\110122_fcr50_S8188_0003.hex
* Software version 2.8.0.119
* Temperature SN = 8188
* Conductivity SN = 8188
* System UpLoad Time = Nov 18 2022 12:45:04
* <ApplicationData>
* <Seaterm232>
# nquan = 16
# nvalues = 1913                        
# units = specified
# name 0 = depFM: Depth [fresh water, m]
# name 1 = dz/dtM: Descent Rate [m/s]
# name 2 = sbeox0Mg/L: Oxygen, SBE 43 [mg/l]
# name 3 = sbeox0PS: Oxygen, SBE 43 [% saturation]
# name 4 = specc: Specific Conductance [uS/cm]
# name 5 = c0uS/cm: Conductivity [uS/cm]
# name 6 = wetCDOM: Fluorescence, WET Labs CDOM [mg/m^3]
# name 7 = flECO-AFL: Fluorescence, WET Labs ECO-AFL/FL [mg/m^3]
# name 8 = flECO-AFL1: Fluorescence, WET Labs ECO-AFL/FL, 2 [mg/m^3]
# name 9 = flECO-AFL2: Fluorescence, WET Labs ECO-AFL/FL, 3 [mg/m^3]
# name 10 = par/sat/log: PAR/Logarithmic, Satlantic
# name 11 = turbWETntu0: Turbidity, WET Labs ECO [NTU]
# name 12 = prdM: Pressure, Strain Gauge [db]
# name 13 = prdE: Pressure, Strain Gauge [psi]
# name 14 = tv290C: Temperature [ITS-90, deg C]
# name 15 = flag:  0.000e+00
# span 0 =     -0.513,      9.390       
# span 1 =     -0.247,      0.117       
# span 2 =     4.0477,    11.0758       
# span 3 =     37.864,    111.622       
# span 4 =      0.682,     46.363       
# span 5 =   0.536469,  34.637930       
# span 6 =   -12.6900,    14.1300       
# span 7 =    -0.5008,   245.2038       
# span 8 =    -4.3026,     2.0022       
# span 9 =    -2.9187,    10.1520       
# span 10 = 1.1590e-01, 1.9680e+03      
# span 11 =    -8.7200,   966.3751      
# span 12 =     -0.503,      9.209      
# span 13 =     -0.730,     13.356      
# span 14 =    12.3495,    15.7477      
# span 15 = 0.0000e+00, 0.0000e+00      
# interval = seconds: 0.25
# start_time = Nov 08 2022 10:25:07 [Instrument's time stamp, header]
# bad_flag = -9.990e-29
*END*
[from data line 272]
      0.054      0.001    10.2119    103.004     42.005  34.232452     4.2300     5.1374     0.0000     1.2267 1.4556e+03     1.9814      0.053      0.077    15.7453 0.0000e+00
      0.055      0.001    10.2144    103.015     42.008  34.233921     4.2300     5.1298     0.0000     1.2267 1.4518e+03     2.0416      0.054      0.078    15.7452 0.0000e+00
      0.055      0.001    10.2172    103.026     42.012  34.237516     4.2300     5.1145     0.0000     1.2267 1.4543e+03     2.0416      0.054      0.078    15.7449 0.0000e+00
      0.055      0.002    10.2195    103.038     42.016  34.240235     4.2300     5.1451     0.0426     1.4382 1.4606e+03     2.0265      0.054      0.079    15.7446 0.0000e+00
      0.056      0.002    10.2211    103.052     42.017  34.240823     4.2300     5.3358     0.0426     1.4382 1.4499e+03     2.2670      0.055      0.080    15.7442 0.0000e+00
      0.056      0.002    10.2223    103.069     42.022  34.245378     4.2300     5.3129     0.0426     1.4382 1.4464e+03     2.2370      0.055      0.080    15.7438 0.0000e+00
      0.057      0.002    10.2235    103.091     42.031  34.253133     4.2300     5.2938     0.0426     1.4382 1.4578e+03     2.2971      0.056      0.081    15.7434 0.0000e+00
      0.057      0.002    10.2247    103.119     42.040  34.260217     4.1400     5.3167     0.0426     1.2267 1.4499e+03     2.2971      0.056      0.082    15.7431 0.0000e+00
      0.058      0.003    10.2261    103.145     42.050  34.268518     4.1400     5.5456     0.0426     1.2267 1.4486e+03     2.2971      0.057      0.083    15.7430 0.0000e+00
      0.059      0.003    10.2278    103.162     42.054  34.272327     4.1400     5.5799     0.0426     1.2267 1.4568e+03     2.2069      0.058      0.084    15.7430 0.0000e+00
      0.060      0.004    10.2300    103.165     42.049  34.268700     4.1400     5.5685     0.0426     1.2267 1.4423e+03     2.2971      0.058      0.085    15.7432 0.0000e+00
      0.061      0.005    10.2327    103.148     42.044  34.264591     4.1400     5.5647     0.0000     1.1421 1.4562e+03     2.3121      0.059      0.086    15.7435 0.0000e+00
      0.062      0.006    10.2352    103.112     42.042  34.262866     4.1400     5.6791     0.0000     1.1421 1.4530e+03     1.9965      0.061      0.088    15.7439 0.0000e+00
      0.064      0.007    10.2368    103.065     42.037  34.259103     4.1400     5.6944     0.0000     1.1421 1.4533e+03     2.0716      0.062      0.091    15.7442 0.0000e+00
      0.065      0.008    10.2370    103.014     42.026  34.250318     4.1400     5.7020     0.0000     1.1421 1.4597e+03     2.0265      0.064      0.093    15.7445 0.0000e+00
      0.068      0.010    10.2352    102.965     42.018  34.244072     4.1400     5.6791     0.0000     1.1421 1.4568e+03     2.0566      0.066      0.096    15.7448 0.0000e+00
      0.070      0.012    10.2316    102.926     42.018  34.244639     4.2300     5.4388     0.0426     1.1421 1.4448e+03     2.1317      0.069      0.100    15.7451 0.0000e+00
      0.073      0.015    10.2269    102.900     42.020  34.246230     4.2300     5.4388     0.0426     1.1421 1.4277e+03     2.0716      0.072      0.104    15.7453 0.0000e+00
      0.077      0.018    10.2217    102.893     42.021  34.247288     4.2300     5.4502     0.0426     1.1421 1.4537e+03     2.1167      0.076      0.110    15.7456 0.0000e+00
      0.082      0.020    10.2169    102.906     42.019  34.246116     4.2300     5.4312     0.0426     1.1421 1.4622e+03     1.9514      0.081      0.117    15.7458 0.0000e+00
      0.089      0.022    10.2130    102.937     42.010  34.238439     4.1400     5.3205     0.0852     1.1421 4.7535e+02     2.3572      0.087      0.126    15.7460 0.0000e+00
      0.095      0.023    10.2103    102.977     42.000  34.230132     4.1400     5.3205     0.0852     1.1421 1.2111e+03     2.3121      0.093      0.136    15.7463 0.0000e+00
      0.102      0.022    10.2094    103.016     41.997  34.226903     4.1400     5.2938     0.0852     1.1421 9.8866e+02     2.3572      0.100      0.145    15.7466 0.0000e+00
      0.108      0.021    10.2107    103.044     41.999  34.227890     4.1400     5.3167     0.0852     1.1421 7.8067e+02     2.2670      0.106      0.153    15.7469 0.0000e+00
      0.113      0.020    10.2138    103.057     42.004  34.231374     4.2300     5.7516     0.0852     1.0152 1.2233e+03     2.0416      0.110      0.160    15.7468 0.0000e+00
      0.117      0.019    10.2179    103.047     42.011  34.236306     4.2300     5.7592     0.0852     1.0152 1.6023e+03     2.0265      0.115      0.167    15.7464 0.0000e+00
      0.121      0.018    10.2220    103.011     42.016  34.240039     4.2300     5.7249     0.0852     1.0152 1.1664e+03     2.0416      0.119      0.172    15.7455 0.0000e+00
      0.125      0.019    10.2250    102.957     42.016  34.239607     4.2300     5.7821     0.0852     1.0152 5.4014e+02     1.9213      0.123      0.178    15.7446 0.0000e+00
      0.130      0.020    10.2264    102.906     42.017  34.240838     4.2300     5.7402     0.0852     1.0152 1.3864e+03     2.0416      0.127      0.184    15.7438 0.0000e+00
      0.134      0.022    10.2256    102.872     42.024  34.246039     4.2300     5.7516     0.0426     0.9729 1.1621e+03     2.0716      0.132      0.191    15.7432 0.0000e+00
      0.140      0.026    10.2222    102.860     42.025  34.246696     4.2300     5.7554     0.0426     0.9729 8.7767e+02     2.0416      0.137      0.199    15.7428 0.0000e+00
      0.146      0.029    10.2168    102.868     42.018  34.241004     4.2300     5.7325     0.0426     0.9729 1.0599e+03     1.9814      0.144      0.208    15.7426 0.0000e+00
      0.154      0.033    10.2117    102.888     42.011  34.235365     4.2300     5.8737     0.0426     0.9729 1.1396e+03     2.2670      0.152      0.220    15.7425 0.0000e+00
      0.164      0.036    10.2084    102.910     42.007  34.232238     4.1400     5.8584     0.0426     0.9729 1.9680e+03     2.2670      0.161      0.233    15.7425 0.0000e+00
      0.174      0.040    10.2072    102.926     42.005  34.230788     4.1400     5.8813     0.0426     0.9729 6.9257e+02     2.2520      0.171      0.247    15.7424 0.0000e+00
      0.184      0.042    10.2080    102.934     42.005  34.230629     4.1400     5.8889     0.0426     0.9729 8.4144e+02     2.2670      0.181      0.263    15.7424 0.0000e+00
      0.196      0.044    10.2101    102.938     42.006  34.231717     4.1400     5.8966     0.0426     0.9729 7.7526e+02     2.0716      0.192      0.279    15.7423 0.0000e+00
      0.207      0.046    10.2123    102.943     42.012  34.236325     4.1400     5.8584     0.0852     0.9729 1.2140e+03     2.0416      0.204      0.295    15.7423 0.0000e+00
      0.219      0.047    10.2138    102.950     42.021  34.243700     4.1400     5.8317     0.0852     0.9729 1.2391e+03     2.0115      0.215      0.312    15.7422 0.0000e+00
      0.232      0.048    10.2146    102.961     42.024  34.245907     4.1400     5.8699     0.0852     0.9729 7.2130e+02     2.1017      0.227      0.330    15.7421 0.0000e+00
      0.244      0.050    10.2150    102.984     42.022  34.243534     4.1400     5.7440     0.0852     0.9729 1.1743e+03     2.2069      0.240      0.347    15.7421 0.0000e+00
      0.257      0.051    10.2156    103.019     42.025  34.245850     4.2300     5.7554     0.0426     1.0575 7.5991e+02     2.0866      0.252      0.365    15.7419 0.0000e+00
      0.270      0.053    10.2163    103.058     42.031  34.251494     4.2300     5.7516     0.0426     1.0575 1.0745e+03     2.1468      0.265      0.384    15.7417 0.0000e+00
      0.283      0.055    10.2174    103.092     42.032  34.252066     4.2300     5.7402     0.0426     1.0575 5.7740e+02     2.1317      0.278      0.403    15.7415 0.0000e+00
      0.297      0.056    10.2198    103.107     42.029  34.249702     4.2300     5.3129     0.0426     1.0575 6.8927e+02     2.5225      0.292      0.423    15.7412 0.0000e+00
      0.313      0.056    10.2232    103.096     42.029  34.249711     4.2300     5.3091     0.0426     1.0575 5.2544e+02     2.5977      0.307      0.445    15.7411 0.0000e+00
      0.328      0.056    10.2271    103.064     42.030  34.250115     4.2300     5.3091     0.0426     1.1421 7.9799e+02     2.6277      0.322      0.467    15.7411 0.0000e+00
      0.343      0.056    10.2304    103.022     42.029  34.249043     4.2300     5.3129     0.0426     1.1421 5.6918e+02     2.5977      0.336      0.487    15.7411 0.0000e+00
      0.356      0.055    10.2319    102.987     42.026  34.246207     4.2300     5.4769     0.0426     1.1421 9.9535e+02     2.3271      0.349      0.507    15.7411 0.0000e+00
      0.370      0.054    10.2309    102.969     42.021  34.240852     4.2300     5.4312     0.0426     1.1421 7.4019e+02     2.2971      0.362      0.526    15.7410 0.0000e+00
      0.383      0.053    10.2277    102.971     42.011  34.231548     4.2300     5.4464     0.0426     1.0998 6.3602e+02     2.3121      0.376      0.545    15.7407 0.0000e+00
      0.397      0.052    10.2237    102.995     42.001  34.221758     4.2300     5.4388     0.0426     1.0998 1.1657e+03     2.4474      0.389      0.565    15.7404 0.0000e+00
      0.411      0.050    10.2204    103.037     41.997  34.216791     4.2300     5.4960     0.0426     1.0998 6.2792e+02     2.0265      0.403      0.584    15.7398 0.0000e+00
      0.424      0.048    10.2188    103.088     41.996  34.215322     4.2300     5.5036     0.0426     1.0998 8.8687e+02     1.9814      0.416      0.603    15.7390 0.0000e+00
      0.436      0.045    10.2193    103.131     41.995  34.213001     4.2300     5.5075     0.0426     1.0998 6.8718e+02     2.0866      0.427      0.620    15.7376 0.0000e+00
      0.447      0.041    10.2220    103.153     41.991  34.209206     4.2300     5.5151     0.0426     1.0998 5.2032e+02     1.9664      0.438      0.636    15.7358 0.0000e+00
      0.456      0.038    10.2266    103.153     41.989  34.206888     4.2300     5.6982     0.0426     1.0998 7.6057e+02     2.1017      0.448      0.650    15.7339 0.0000e+00
      0.465      0.035    10.2320    103.140     41.988  34.205427     4.2300     5.6906     0.0426     1.0998 4.6463e+02     2.1017      0.457      0.662    15.7323 0.0000e+00
      0.473      0.032    10.2366    103.125     41.985  34.202455     4.2300     5.6982     0.0426     1.1421 9.0912e+02     2.0716      0.464      0.673    15.7311 0.0000e+00
      0.481      0.030    10.2390    103.109     41.982  34.199158     4.2300     5.6906     0.0426     1.1421 7.6755e+02     2.0416      0.472      0.684    15.7302 0.0000e+00
      0.489      0.028    10.2391    103.093     41.979  34.196638     4.2300     5.7669     0.0426     1.1421 5.5779e+02     1.9814      0.479      0.695    15.7294 0.0000e+00
      0.496      0.026    10.2380    103.083     41.981  34.198183     4.2300     5.7592     0.0426     1.1421 5.9085e+02     1.9814      0.486      0.706    15.7286 0.0000e+00
      0.503      0.024    10.2367    103.083     41.994  34.208168     4.2300     5.7478     0.0426     1.1421 6.2154e+02     2.0416      0.493      0.715    15.7278 0.0000e+00
      0.509      0.021    10.2352    103.089     42.008  34.219351     4.1400     5.7363     0.0852     1.1421 4.6121e+02     2.1017      0.499      0.723    15.7271 0.0000e+00
      0.514      0.018    10.2337    103.095     42.012  34.222832     4.1400     5.8012     0.0852     1.1421 7.9126e+02     1.9814      0.503      0.730    15.7267 0.0000e+00
      0.518      0.016    10.2327    103.097     42.011  34.221522     4.1400     5.7936     0.0852     1.1421 5.6278e+02     1.9814      0.507      0.736    15.7265 0.0000e+00
      0.521      0.013    10.2328    103.097     42.007  34.219030     4.1400     5.8241     0.0852     1.1421 4.8590e+02     2.0716      0.511      0.741    15.7264 0.0000e+00
      0.524      0.012    10.2334    103.103     42.004  34.216673     4.2300     5.8012     0.0426     1.1844 4.6696e+02     2.1167      0.514      0.745    15.7261 0.0000e+00
      0.526      0.011    10.2341    103.112     42.003  34.215803     4.2300     5.6944     0.0426     1.1844 1.0747e+03     2.0716      0.516      0.749    15.7259 0.0000e+00
      0.529      0.010    10.2343    103.123     42.003  34.216187     4.2300     5.6906     0.0426     1.1844 7.4633e+02     2.0416      0.518      0.752    15.7258 0.0000e+00
      0.531      0.010    10.2343    103.133     42.000  34.213968     4.2300     5.6867     0.0426     1.1844 6.4746e+02     2.0416      0.521      0.755    15.7259 0.0000e+00
      0.534      0.011    10.2348    103.136     41.994  34.208554     4.1400     5.6753     0.0426     1.2267 6.9908e+02     2.1017      0.523      0.759    15.7261 0.0000e+00
      0.536      0.012    10.2357    103.131     41.994  34.208403     4.1400     5.5532     0.0426     1.2267 4.0404e+02     2.2670      0.526      0.763    15.7262 0.0000e+00
      0.539      0.014    10.2368    103.121     42.000  34.213473     4.1400     5.5685     0.0426     1.2267 5.8358e+02     2.2971      0.529      0.767    15.7263 0.0000e+00
      0.543      0.015    10.2378    103.104     42.005  34.217197     4.1400     5.5723     0.0426     1.2267 4.4554e+02     2.2670      0.532      0.772    15.7265 0.0000e+00
      0.547      0.017    10.2381    103.081     42.007  34.218587     4.2300     5.5723     0.0426     1.3959 5.1002e+02     2.3422      0.536      0.778    15.7266 0.0000e+00
      0.552      0.018    10.2376    103.053     42.009  34.219993     4.2300     5.8775     0.0426     1.3959 7.3939e+02     2.1017      0.541      0.785    15.7267 0.0000e+00
      0.557      0.019    10.2366    103.028     42.013  34.223772     4.2300     5.8699     0.0426     1.3959 4.0019e+02     2.0115      0.546      0.792    15.7265 0.0000e+00
      0.562      0.019    10.2350    103.012     42.022  34.230930     4.2300     5.8699     0.0426     1.3959 7.8305e+02     1.9514      0.551      0.799    15.7263 0.0000e+00
      0.567      0.020    10.2327    103.003     42.032  34.239415     4.2300     5.8584     0.0426     1.3959 6.0792e+02     2.0115      0.555      0.806    15.7261 0.0000e+00
      0.572      0.020    10.2299    102.992     42.035  34.241589     4.2300     5.9309     0.0426     1.2267 4.6241e+02     2.0265      0.560      0.813    15.7261 0.0000e+00
      0.577      0.019    10.2274    102.973     42.028  34.236051     4.2300     5.9462     0.0426     1.2267 4.1752e+02     2.1167      0.565      0.820    15.7262 0.0000e+00
      0.582      0.019    10.2258    102.948     42.022  34.231226     4.2300     5.9423     0.0426     1.2267 6.9817e+02     2.0416      0.570      0.828    15.7263 0.0000e+00
      0.587      0.020    10.2249    102.920     42.018  34.227807     4.2300     5.9194     0.0426     1.2267 3.5915e+02     2.0566      0.575      0.835    15.7264 0.0000e+00
      0.592      0.020    10.2238    102.887     42.015  34.224882     4.2300     5.9957     0.0426     1.2267 7.7796e+02     2.0566      0.580      0.841    15.7265 0.0000e+00
      0.596      0.020    10.2219    102.849     42.021  34.229595     4.2300     6.0034     0.0426     1.2267 5.4592e+02     2.0115      0.585      0.848    15.7265 0.0000e+00
      0.601      0.021    10.2195    102.809     42.031  34.237260     4.2300     5.9957     0.0426     1.2267 5.0847e+02     2.1167      0.590      0.856    15.7263 0.0000e+00
      0.607      0.022    10.2167    102.769     42.030  34.236058     4.2300     5.9652     0.0426     1.2267 7.8800e+02     1.9814      0.595      0.863    15.7262 0.0000e+00
      0.613      0.023    10.2134    102.726     42.020  34.227649     4.2300     6.0720     0.0426     1.3536 2.7194e+02     2.3271      0.601      0.872    15.7260 0.0000e+00
