Data/DataNotYetUploadedToEDI/Raw_CTD/RawDownloads/110822_fcr50_S8188003.cnv
* Sea-Bird SBE19plus  Data File:
* FileName = C:\R\Reservoirs\Data\DataNotYetUploadedToEDI\Raw_CTD\RawDownloads\110122_fcr50_S8188_0003.hex
* Software version 2.8.0.119
* Temperature SN = 8188
* Conductivity SN = 8188
* System UpLoad Time = Nov 18 2022 12:45:04
* <ApplicationData>
* <Seaterm232>
# nquan = 16
# nvalues = 1913                        
# units = specified
# name 0 = depFM: Depth [fresh water, m]
# name 1 = dz/dtM: Descent Rate [m/s]
# name 2 = sbeox0Mg/L: Oxygen, SBE 43 [mg/l]
# name 3 = sbeox0PS: Oxygen, SBE 43 [% saturation]
# name 4 = specc: Specific Conductance [uS/cm]
# name 5 = c0uS/cm: Conductivity [uS/cm]
# name 6 = wetCDOM: Fluorescence, WET Labs CDOM [mg/m^3]
# name 7 = flECO-AFL: Fluorescence, WET Labs ECO-AFL/FL [mg/m^3]
# name 8 = flECO-AFL1: Fluorescence, WET Labs ECO-AFL/FL, 2 [mg/m^3]
# name 9 = flECO-AFL2: Fluorescence, WET Labs ECO-AFL/FL, 3 [mg/m^3]
# name 10 = par/sat/log: PAR/Logarithmic, Satlantic
# name 11 = turbWETntu0: Turbidity, WET Labs ECO [NTU]
# name 12 = prdM: Pressure, Strain Gauge [db]
# name 13 = prdE: Pressure, Strain Gauge [psi]
# name 14 = tv290C: Temperature [ITS-90, deg C]
# name 15 = flag:  0.000e+00
# span 0 =     -0.513,      9.390       
# span 1 =     -0.247,      0.117       
# span 2 =     4.0477,    11.0758       
# span 3 =     37.864,    111.622       
# span 4 =      0.682,     46.363       
# span 5 =   0.536469,  34.637930       
# span 6 =   -12.6900,    14.1300       
# span 7 =    -0.5008,   245.2038       
# span 8 =    -4.3026,     2.0022       
# span 9 =    -2.9187,    10.1520       
# span 10 = 1.1590e-01, 1.9680e+03      
# span 11 =    -8.7200,   966.3751      
# span 12 =     -0.503,      9.209      
# span 13 =     -0.730,     13.356      
# span 14 =    12.3495,    15.7477      
# span 15 = 0.0000e+00, 0.0000e+00      
# interval = seconds: 0.25
# start_time = Nov 08 2022 10:25:07 [Instrument's time stamp, header]
# bad_flag = -9.990e-29
*END*
[from data line 1718]
      3.703     -0.103     5.0391     47.365     45.259  33.873655     4.5900     2.1581     0.0852     0.3384 7.8368e+00     3.2139      3.631      5.267    12.4126 0.0000e+00
      3.677     -0.104     5.0423     47.406     45.249  33.868471     4.5900     2.1276     0.0852     0.3384 8.2044e+00     3.2440      3.606      5.229    12.4133 0.0000e+00
      3.649     -0.104     5.0463     47.440     45.248  33.870840     4.5900     2.1543     0.0426     0.2961 8.6174e+00     3.1838      3.578      5.190    12.4145 0.0000e+00
      3.621     -0.101     5.0510     47.462     45.244  33.869513     4.5900     2.1505     0.0426     0.2961 9.0296e+00     3.3041      3.551      5.150    12.4164 0.0000e+00
      3.593     -0.096     5.0556     47.471     45.219  33.852251     4.5900     2.1505     0.0426     0.2961 9.7452e+00     3.2139      3.523      5.110    12.4191 0.0000e+00
      3.567     -0.088     5.0596     47.475     45.182  33.826335     4.5900     2.1314     0.0426     0.2961 1.0123e+01     3.1538      3.498      5.074    12.4222 0.0000e+00
      3.545     -0.078     5.0630     47.479     45.144  33.800698     4.5900     2.1734     0.0426     0.2961 1.0033e+01     3.1388      3.477      5.043    12.4249 0.0000e+00
      3.527     -0.068     5.0651     47.477     45.107  33.776423     4.5000     2.1428     0.0852     0.2961 1.0040e+01     3.1688      3.459      5.017    12.4270 0.0000e+00
      3.513     -0.059     5.0658     47.474     45.076  33.758920     4.5000     2.3679     0.0852     0.2961 1.0014e+01     3.2740      3.445      4.996    12.4286 0.0000e+00
      3.500     -0.053     5.0661     47.471     45.058  33.751444     4.5000     2.3717     0.0852     0.2961 9.9420e+00     3.1237      3.433      4.979    12.4304 0.0000e+00
      3.489     -0.049     5.0662     47.464     45.046  33.748041     4.5000     2.3984     0.0852     0.2961 1.0029e+01     3.2289      3.422      4.963    12.4332 0.0000e+00
      3.478     -0.049     5.0656     47.450     45.039  33.745822     4.5000     2.3794     0.0852     0.3807 9.9442e+00     3.1989      3.411      4.947    12.4377 0.0000e+00
      3.467     -0.053     5.0645     47.421     45.038  33.746177     4.5000     2.3908     0.0852     0.3807 9.9658e+00     3.1388      3.400      4.931    12.4439 0.0000e+00
      3.454     -0.059     5.0633     47.373     45.039  33.747220     4.5000     2.3717     0.0852     0.3807 9.9204e+00     3.1989      3.388      4.913    12.4506 0.0000e+00
      3.440     -0.068     5.0619     47.313     45.041  33.747249     4.5000     2.3908     0.0852     0.3807 9.9010e+00     3.1688      3.373      4.892    12.4562 0.0000e+00
      3.422     -0.078     5.0601     47.250     45.035  33.742310     4.5000     2.3870     0.0852     0.3384 9.9615e+00     3.1087      3.356      4.867    12.4598 0.0000e+00
      3.400     -0.088     5.0568     47.188     45.023  33.733066     4.5000     2.1047     0.0852     0.3384 1.0529e+01     3.1538      3.335      4.837    12.4612 0.0000e+00
      3.375     -0.096     5.0518     47.130     45.015  33.726956     4.5000     2.0665     0.0852     0.3384 1.1119e+01     3.2440      3.310      4.800    12.4609 0.0000e+00
      3.347     -0.100     5.0455     47.089     45.014  33.726310     4.5000     2.1238     0.0852     0.3384 1.1722e+01     3.2891      3.282      4.761    12.4599 0.0000e+00
      3.318     -0.101     5.0389     47.070     45.021  33.730956     4.5000     2.0780     0.0852     0.4230 1.2504e+01     3.1688      3.254      4.720    12.4590 0.0000e+00
      3.290     -0.097     5.0322     47.070     45.030  33.736191     4.5000     2.0017     0.0852     0.4230 1.3225e+01     2.9734      3.227      4.680    12.4587 0.0000e+00
      3.265     -0.092     5.0261     47.081     45.033  33.737471     4.5000     2.0093     0.0852     0.4230 1.3271e+01     2.9885      3.202      4.644    12.4590 0.0000e+00
      3.243     -0.085     5.0217     47.094     45.041  33.741078     4.5000     2.0322     0.0852     0.4230 1.3150e+01     2.8983      3.181      4.613    12.4591 0.0000e+00
      3.224     -0.080     5.0198     47.112     45.055  33.749954     4.5000     2.0246     0.0852     0.4230 1.3124e+01     2.9584      3.162      4.586    12.4583 0.0000e+00
      3.206     -0.078     5.0199     47.139     45.055  33.748642     4.5000     2.3259     0.0852     0.3384 1.3045e+01     3.0185      3.144      4.561    12.4569 0.0000e+00
      3.189     -0.079     5.0213     47.172     45.025  33.726891     4.5000     2.3298     0.0852     0.3384 1.2980e+01     3.0486      3.127      4.536    12.4552 0.0000e+00
      3.170     -0.084     5.0229     47.210     44.987  33.700684     4.5000     2.3298     0.0852     0.3384 1.2997e+01     2.9734      3.109      4.509    12.4532 0.0000e+00
      3.149     -0.091     5.0251     47.254     44.962  33.686797     4.5000     2.3298     0.0852     0.3384 1.3170e+01     2.9885      3.088      4.479    12.4511 0.0000e+00
      3.125     -0.098     5.0281     47.304     44.956  33.687470     4.5000     2.2001     0.0852     0.3384 1.3830e+01     2.8832      3.065      4.445    12.4496 0.0000e+00
      3.098     -0.106     5.0316     47.355     44.957  33.692980     4.5000     2.1962     0.0852     0.3384 1.4621e+01     2.9734      3.038      4.406    12.4501 0.0000e+00
      3.069     -0.112     5.0353     47.399     44.950  33.690933     4.5000     2.2077     0.0852     0.3384 1.5603e+01     3.0185      3.009      4.364    12.4532 0.0000e+00
      3.038     -0.117     5.0393     47.430     44.933  33.680785     4.5000     2.1772     0.0852     0.3384 1.6417e+01     2.9133      2.979      4.321    12.4586 0.0000e+00
      3.007     -0.120     5.0439     47.446     44.911  33.667750     4.5000     2.0932     0.0852     0.4230 1.6229e+01     3.0937      2.949      4.278    12.4644 0.0000e+00
      2.976     -0.121     5.0489     47.445     44.888  33.654294     4.5000     2.1009     0.0852     0.4230 1.7046e+01     3.0786      2.919      4.234    12.4691 0.0000e+00
      2.945     -0.119     5.0532     47.435     44.854  33.632867     4.5000     2.1009     0.0852     0.4230 1.8561e+01     2.9434      2.888      4.189    12.4727 0.0000e+00
      2.913     -0.115     5.0561     47.425     44.802  33.599737     4.5000     2.0932     0.0852     0.4230 1.9717e+01     2.8983      2.857      4.143    12.4759 0.0000e+00
      2.882     -0.110     5.0574     47.415     44.746  33.563893     4.5000     2.2153     0.0852     0.3384 2.0678e+01     2.8081      2.827      4.100    12.4794 0.0000e+00
      2.854     -0.103     5.0568     47.403     44.686  33.525677     4.5000     2.2153     0.0852     0.3384 2.1918e+01     2.7179      2.799      4.059    12.4836 0.0000e+00
      2.829     -0.095     5.0552     47.387     44.631  33.490743     4.5000     2.2039     0.0852     0.3384 2.1861e+01     2.8532      2.774      4.024    12.4886 0.0000e+00
      2.807     -0.089     5.0534     47.370     44.605  33.477499     4.5000     2.2001     0.0852     0.3384 2.1856e+01     2.7329      2.753      3.992    12.4947 0.0000e+00
      2.787     -0.085     5.0516     47.360     44.603  33.482415     4.5000     2.4824     0.0852     0.3384 2.1785e+01     2.8682      2.733      3.964    12.5020 0.0000e+00
      2.768     -0.084     5.0494     47.357     44.608  33.490959     4.4100     2.4251     0.0426     0.4230 2.1899e+01     2.7931      2.714      3.937    12.5097 0.0000e+00
      2.748     -0.086     5.0469     47.362     44.612  33.497488     4.4100     2.4442     0.0426     0.4230 2.1927e+01     2.8832      2.695      3.909    12.5169 0.0000e+00
      2.727     -0.090     5.0443     47.378     44.613  33.499783     4.4100     2.4556     0.0426     0.4230 2.2448e+01     2.7480      2.674      3.879    12.5239 0.0000e+00
      2.703     -0.096     5.0424     47.411     44.627  33.510338     4.4100     2.4289     0.0426     0.4230 2.4101e+01     2.7780      2.651      3.845    12.5308 0.0000e+00
      2.677     -0.103     5.0415     47.465     44.662  33.535928     4.5000     2.4480     0.0852     0.3384 2.5117e+01     2.8231      2.626      3.808    12.5364 0.0000e+00
      2.650     -0.111     5.0415     47.538     44.695  33.559612     4.5000     2.4366     0.0852     0.3384 2.5347e+01     2.8682      2.599      3.769    12.5400 0.0000e+00
      2.621     -0.118     5.0431     47.626     44.701  33.563943     4.5000     2.4366     0.0852     0.3384 2.6647e+01     2.7029      2.570      3.728    12.5416 0.0000e+00
      2.590     -0.125     5.0466     47.717     44.673  33.546113     4.5000     2.4595     0.0852     0.3384 2.7559e+01     2.9133      2.540      3.684    12.5417 0.0000e+00
      2.557     -0.132     5.0524     47.805     44.633  33.521172     4.4100     2.4442     0.0426     0.3384 2.8398e+01     2.8532      2.508      3.637    12.5407 0.0000e+00
      2.522     -0.138     5.0604     47.887     44.601  33.506234     4.4100     2.4213     0.0426     0.3384 3.0357e+01     2.8231      2.474      3.588    12.5396 0.0000e+00
      2.486     -0.144     5.0696     47.967     44.577  33.501277     4.4100     2.4289     0.0426     0.3384 3.3323e+01     2.8832      2.438      3.536    12.5399 0.0000e+00
      2.448     -0.150     5.0790     48.059     44.553  33.501017     4.4100     2.6426     0.0426     0.3384 3.3644e+01     2.6277      2.401      3.482    12.5429 0.0000e+00
      2.409     -0.155     5.0876     48.180     44.519  33.501425     4.4100     2.6311     0.0426     0.3384 3.6579e+01     2.5225      2.362      3.426    12.5493 0.0000e+00
      2.369     -0.160     5.0951     48.356     44.457  33.494689     4.4100     2.6159     0.0852     0.3384 3.8395e+01     2.5676      2.323      3.369    12.5595 0.0000e+00
      2.327     -0.165     5.1020     48.626     44.358  33.479012     4.4100     2.6426     0.0852     0.3384 4.0645e+01     2.5977      2.282      3.310    12.5739 0.0000e+00
      2.285     -0.171     5.1093     49.037     44.222  33.462099     4.4100     3.0736     0.0852     0.3384 4.2147e+01     2.3271      2.241      3.250    12.5941 0.0000e+00
      2.241     -0.178     5.1185     49.651     44.069  33.455284     4.4100     3.0813     0.0852     0.3384 4.4124e+01     2.2069      2.198      3.188    12.6241 0.0000e+00
      2.196     -0.185     5.1318     50.533     43.928  33.460717     4.4100     3.0660     0.0852     0.4230 4.7209e+01     2.2219      2.154      3.123    12.6693 0.0000e+00
      2.147     -0.191     5.1524     51.746     43.811  33.471931     4.4100     3.0279     0.0852     0.4230 5.2048e+01     2.2670      2.106      3.054    12.7368 0.0000e+00
      2.097     -0.198     5.1842     53.363     43.708  33.487959     4.4100     5.6105     0.0852     0.4230 5.6663e+01     2.2520      2.057      2.982    12.8342 0.0000e+00
      2.045     -0.204     5.2340     55.430     43.606  33.513076     4.4100     5.6105     0.0852     0.4230 6.1407e+01     2.2670      2.006      2.908    12.9578 0.0000e+00
      1.992     -0.208     5.3113     57.927     43.487  33.542100     4.4100     5.6219     0.0852     0.4653 6.4779e+01     2.2971      1.954      2.833    13.0855 0.0000e+00
      1.938     -0.211     5.4243     60.781     43.352  33.562972     4.4100     5.6181     0.0852     0.4653 6.9837e+01     2.3572      1.901      2.757    13.2003 0.0000e+00
      1.883     -0.212     5.5795     63.895     43.229  33.577306     4.4100     6.5527     0.0852     0.4653 7.6262e+01     2.2971      1.847      2.679    13.3085 0.0000e+00
      1.828     -0.212     5.7797     67.173     43.128  33.592886     4.4100     6.5451     0.0852     0.4653 9.1573e+01     2.2820      1.792      2.600    13.4269 0.0000e+00
      1.773     -0.211     6.0209     70.553     43.039  33.617831     4.3200     6.5641     0.0852     1.0152 9.0210e+01     2.2971      1.738      2.521    13.5652 0.0000e+00
      1.719     -0.208     6.2973     73.977     42.940  33.652853     4.3200     6.5374     0.0852     1.0152 1.0091e+02     2.2069      1.685      2.445    13.7091 0.0000e+00
      1.666     -0.204     6.6016     77.382     42.811  33.683529     4.3200     7.6666     0.0852     1.0152 1.0830e+02     2.4023      1.634      2.370    13.8358 0.0000e+00
      1.614     -0.199     6.9238     80.752     42.673  33.704185     4.3200     7.6590     0.0852     1.0152 1.2593e+02     2.3722      1.583      2.297    13.9447 0.0000e+00
      1.564     -0.192     7.2547     84.112     42.565  33.722317     4.3200     7.6437     0.0852     1.0152 1.2457e+02     2.2670      1.534      2.225    14.0546 0.0000e+00
      1.515     -0.185     7.5850     87.487     42.509  33.746725     4.2300     7.6323     0.0852     1.2267 1.5121e+02     2.2670      1.485      2.155    14.1857 0.0000e+00
      1.468     -0.178     7.9080     90.842     42.482  33.772037     4.2300     7.8192     0.0852     1.2267 1.4170e+02     2.0265      1.439      2.088    14.3391 0.0000e+00
      1.424     -0.170     8.2260     94.057     42.443  33.781238     4.2300     7.8230     0.0852     1.2267 1.7643e+02     2.0416      1.396      2.025    14.4905 0.0000e+00
      1.383     -0.163     8.5470     96.967     42.397  33.780742     4.2300     7.8535     0.0852     1.2267 1.4809e+02     2.0115      1.356      1.967    14.6114 0.0000e+00
      1.343     -0.155     8.8757     99.426     42.371  33.792204     4.3200     7.8383     0.0426     1.2267 1.7852e+02     2.0416      1.317      1.910    14.6919 0.0000e+00
      1.303     -0.147     9.2063    101.343     42.369  33.820661     4.3200     7.7315     0.0426     1.2267 1.6908e+02     2.2520      1.278      1.854    14.7465 0.0000e+00
      1.266     -0.140     9.5232    102.683     42.369  33.851918     4.3200     7.7162     0.0426     1.2267 2.1539e+02     2.3873      1.241      1.800    14.7932 0.0000e+00
      1.231     -0.132     9.8094    103.455     42.355  33.870548     4.3200     7.7048     0.0426     1.2267 1.8098e+02     2.2820      1.207      1.750    14.8358 0.0000e+00
      1.198     -0.123    10.0506    103.727     42.327  33.873597     4.3200     7.7391     0.0426     1.4382 1.9875e+02     2.2670      1.175      1.705    14.8729 0.0000e+00
      1.168     -0.114    10.2371    103.622     42.292  33.865842     4.3200     8.1740     0.0426     1.4382 2.0834e+02     2.3121      1.146      1.661    14.9083 0.0000e+00
      1.140     -0.105    10.3645    103.285     42.270  33.861057     4.3200     8.1511     0.0426     1.4382 2.5617e+02     2.2370      1.118      1.621    14.9451 0.0000e+00
      1.114     -0.097    10.4347    102.822     42.270  33.865889     4.3200     8.1587     0.0426     1.4382 2.1436e+02     2.3722      1.093      1.585    14.9808 0.0000e+00
      1.091     -0.088    10.4555    102.293     42.277  33.873705     4.3200     8.1740     0.0852     1.3536 2.8427e+02     2.2820      1.070      1.552    15.0112 0.0000e+00
      1.070     -0.080    10.4399    101.717     42.275  33.882626     4.3200     7.7505     0.0852     1.3536 2.0618e+02     2.1618      1.049      1.522    15.0348 0.0000e+00
      1.051     -0.072    10.4026    101.105     42.260  33.891072     4.3200     7.6819     0.0852     1.3536 2.2835e+02     2.0265      1.030      1.494    15.0498 0.0000e+00
      1.033     -0.064    10.3548    100.477     42.242  33.901296     4.3200     7.7315     0.0852     1.3536 2.4485e+02     2.1017      1.013      1.469    15.0554 0.0000e+00
      1.018     -0.058    10.3009     99.864     42.237  33.916026     4.3200     7.7315     0.0852     1.3536 2.1496e+02     2.0716      0.998      1.448    15.0584 0.0000e+00
      1.005     -0.053    10.2404     99.302     42.227  33.923347     4.2300     7.8230     0.0852     1.4805 2.5153e+02     2.2370      0.986      1.429    15.0702 0.0000e+00
