Data/DataNotYetUploadedToEDI/Raw_CTD/RawDownloads/110822_bvr50_S7809002.cnv
* Sea-Bird SBE19plus  Data File:
* FileName = C:\R\Reservoirs\Data\DataNotYetUploadedToEDI\Raw_CTD\RawDownloads\110122_fcr50_S7809_0002.hex
* Software version 2.8.0.119
* Temperature SN = 7809
* Conductivity SN = 7809
* System UpLoad Time = Nov 18 2022 12:28:12
* <ApplicationData>
* <Seaterm232>
# nquan = 15
# nvalues = 1822                        
# units = specified
# name 0 = depFM: Depth [fresh water, m]
# name 1 = dz/dtM: Descent Rate [m/s]
# name 2 = sbeox0Mg/L: Oxygen, SBE 43 [mg/l]
# name 3 = sbeox0PS: Oxygen, SBE 43 [% saturation]
# name 4 = specc: Specific Conductance [uS/cm]
# name 5 = c0uS/cm: Conductivity [uS/cm]
# name 6 = flECO-AFL: Fluorescence, WET Labs ECO-AFL/FL [mg/m^3]
# name 7 = ph: pH
# name 8 = orp: Oxidation Reduction Potential [mV]
# name 9 = par/sat/log: PAR/Logarithmic, Satlantic
# name 10 = turbWETntu0: Turbidity, WET Labs ECO [NTU]
# name 11 = prdM: Pressure, Strain Gauge [db]
# name 12 = prdE: Pressure, Strain Gauge [psi]
# name 13 = tv290C: Temperature [ITS-90, deg C]
# name 14 = flag:  0.000e+00
# span 0 =     -0.593,      7.399       
# span 1 =     -0.287,      0.175       
# span 2 =     0.0473,     7.6243       
# span 3 =      0.447,     76.428       
# span 4 =      1.467,    104.731       
# span 5 =   1.135956,  75.995159       
# span 6 =    -0.5942,     4.8795       
# span 7 =     -2.023,     11.091       
# span 8 = -1236.0882,  1138.8826       
# span 9 = 1.2368e-01, 1.6702e+03       
# span 10 =    -3.1835,    25.5716      
# span 11 =     -0.582,      7.256      
# span 12 =     -0.845,     10.523      
# span 13 =    11.2492,    15.8733      
# span 14 = 0.0000e+00, 0.0000e+00      
# interval = seconds: 0.25
# start_time = Nov 08 2022 08:09:27 [Instrument's time stamp, header]
# bad_flag = -9.990e-29
*END*
[from data line 97]
     -0.020     -0.004     6.3505     63.643     36.478  29.767541     1.8767      7.284   232.7702 9.3026e+02     8.1655     -0.020     -0.029    15.8017 0.0000e+00
     -0.020     -0.004     6.3365     63.476     36.476  29.766274     1.8712      7.284   233.2197 9.3045e+02     8.1920     -0.020     -0.029    15.8016 0.0000e+00
     -0.021     -0.004     6.3258     63.306     36.460  29.752441     1.8521      7.282   233.6063 9.2662e+02     8.2217     -0.020     -0.029    15.8003 0.0000e+00
     -0.023     -0.005     6.3210     63.135     36.431  29.727074     1.8371      7.278   234.0028 9.1679e+02     8.2179     -0.022     -0.033    15.7984 0.0000e+00
     -0.025     -0.005     6.3113     62.924     36.416  29.713137     1.8231      7.277   234.0561 9.0353e+02     8.1803     -0.025     -0.036    15.7979 0.0000e+00
     -0.027     -0.004     6.2904     62.694     36.417  29.710717     1.8075      7.278   233.9064 8.9149e+02     8.1771     -0.026     -0.038    15.7984 0.0000e+00
     -0.028     -0.003     6.2741     62.476     36.405  29.697811     1.8064      7.281   234.0004 8.8626e+02     8.1787     -0.027     -0.039    15.7985 0.0000e+00
     -0.028     -0.001     6.2605     62.266     36.391  29.683875     1.8681      7.286   233.9887 8.8906e+02     8.1659     -0.028     -0.040    15.7971 0.0000e+00
     -0.028     -0.001     6.2380     62.067     36.378  29.668995     1.9876      7.291   233.7645 8.9431e+02     8.1926     -0.028     -0.041    15.7939 0.0000e+00
     -0.027     -0.000     6.2141     61.887     36.353  29.644676     2.0531      7.297   233.6979 8.9828e+02     8.1940     -0.027     -0.039    15.7892 0.0000e+00
     -0.027     -0.000     6.1947     61.738     36.355  29.643410     2.0516      7.302   233.8724 8.9639e+02     8.1835     -0.025     -0.037    15.7845 0.0000e+00
     -0.028     -0.001     6.1730     61.608     36.371  29.653687     2.0114      7.305   234.0672 8.8884e+02     8.2019     -0.026     -0.039    15.7808 0.0000e+00
     -0.029     -0.003     6.1548     61.476     36.361  29.642142     1.9337      7.309   233.9026 8.8044e+02     8.2119     -0.028     -0.041    15.7758 0.0000e+00
     -0.029     -0.004     6.1366     61.347     36.351  29.630607     1.8775      7.314   233.6021 8.7282e+02     8.2015     -0.028     -0.041    15.7695 0.0000e+00
     -0.030     -0.004     6.1224     61.192     36.367  29.640989     1.8566      7.318   233.4460 8.6597e+02     8.1789     -0.028     -0.041    15.7649 0.0000e+00
     -0.031     -0.003     6.1124     60.987     36.368  29.640886     1.8133      7.320   233.2195 8.6137e+02     8.1772     -0.030     -0.045    15.7617 0.0000e+00
     -0.033     -0.002     6.0975     60.765     36.354  29.629360     1.7457      7.324   233.1010 8.5392e+02     8.2156     -0.033     -0.048    15.7569 0.0000e+00
     -0.034      0.001     6.0874     60.540     36.353  29.628415     1.7051      7.332   233.3031 8.3742e+02     8.2328     -0.034     -0.049    15.7517 0.0000e+00
     -0.034      0.004     6.0746     60.310     36.356  29.629462     1.6961      7.342   233.5126 8.1935e+02     8.2146     -0.034     -0.049    15.7488 0.0000e+00
     -0.032      0.007     6.0512     60.091     36.376  29.642019     1.7379      7.352   233.3970 8.0440e+02     8.2009     -0.032     -0.047    15.7472 0.0000e+00
     -0.029      0.012     6.0293     59.865     36.395  29.653450     1.8196      7.364   233.1095 7.9579e+02     8.2033     -0.027     -0.040    15.7465 0.0000e+00
     -0.025      0.017     6.0082     59.617     36.384  29.640877     1.8682      7.378   233.1353 8.0302e+02     8.2438     -0.024     -0.035    15.7475 0.0000e+00
     -0.022      0.021     5.9829     59.359     36.355  29.616777     1.8843      7.387   233.3638 8.2498e+02     8.2463     -0.022     -0.032    15.7457 0.0000e+00
     -0.017      0.022     5.9639     59.094     36.355  29.615632     1.8974      7.389   233.3773 8.4103e+02     8.2005     -0.018     -0.026    15.7403 0.0000e+00
     -0.009      0.021     5.9434     58.850     36.373  29.627034     1.9023      7.389   233.3842 7.5747e+02     8.2021     -0.010     -0.015    15.7339 0.0000e+00
      0.001      0.018     5.9172     58.633     36.379  29.627854     1.8938      7.389   233.5335 6.3549e+02     8.1963      0.002      0.003    15.7289 0.0000e+00
      0.008      0.012     5.8934     58.395     36.380  29.625539     1.8851      7.392   233.7193 6.0180e+02     8.1648      0.011      0.015    15.7285 0.0000e+00
      0.009      0.005     5.8649     58.121     36.351  29.599038     1.8890      7.396   233.9095 5.6015e+02     8.1634      0.010      0.014    15.7286 0.0000e+00
      0.007     -0.003     5.8405     57.843     36.309  29.561003     1.9584      7.399   233.8548 5.5259e+02     8.1789      0.007      0.011    15.7236 0.0000e+00
      0.004     -0.009     5.8229     57.580     36.295  29.546005     2.0914      7.402   233.4888 6.1099e+02     8.2164      0.005      0.007    15.7179 0.0000e+00
      0.000     -0.012     5.8003     57.346     36.298  29.544488     2.1650      7.405   233.1842 6.0009e+02     8.2402      0.000     -0.000    15.7141 0.0000e+00
     -0.005     -0.012     5.7713     57.121     36.300  29.542650     2.1744      7.407   233.2691 5.4146e+02     8.1934     -0.005     -0.008    15.7101 0.0000e+00
     -0.010     -0.009     5.7447     56.870     36.280  29.523776     2.2295      7.406   233.6547 4.9664e+02     8.1636     -0.010     -0.015    15.7050 0.0000e+00
     -0.012     -0.005     5.7178     56.606     36.261  29.506463     2.3406      7.405   234.0604 4.5575e+02     8.2211     -0.012     -0.018    15.6993 0.0000e+00
     -0.011     -0.001     5.6957     56.338     36.283  29.523492     2.4106      7.405   234.5616 4.2652e+02     8.2737     -0.012     -0.017    15.6938 0.0000e+00
     -0.009      0.002     5.6773     56.071     36.304  29.539494     2.4180      7.405   235.2396 4.2286e+02     8.2528     -0.009     -0.013    15.6888 0.0000e+00
     -0.007      0.003     5.6501     55.810     36.271  29.509764     2.4387      7.404   235.7194 4.3226e+02     8.2079     -0.006     -0.009    15.6844 0.0000e+00
     -0.007      0.003     5.6250     55.563     36.241  29.480985     2.4943      7.402   236.0611 4.4084e+02     8.2089     -0.006     -0.009    15.6822 0.0000e+00
     -0.006      0.002     5.5978     55.317     36.279  29.508490     2.5334      7.402   236.3588 4.3805e+02     8.2300     -0.006     -0.008    15.6818 0.0000e+00
     -0.005     -0.000     5.5716     55.049     36.303  29.525363     2.5369      7.403   235.7914 4.2226e+02     8.2583     -0.004     -0.006    15.6798 0.0000e+00
     -0.005     -0.001     5.5458     54.784     36.268  29.494805     2.5191      7.405   234.6221 4.1338e+02     8.2778     -0.005     -0.006    15.6750 0.0000e+00
     -0.007      0.000     5.5217     54.543     36.223  29.455983     2.4846      7.408   234.2662 4.1536e+02     8.2610     -0.007     -0.011    15.6695 0.0000e+00
     -0.008      0.002     5.5004     54.316     36.203  29.436323     2.4694      7.411   234.5850 4.1921e+02     8.2600     -0.007     -0.012    15.6648 0.0000e+00
     -0.008      0.004     5.4719     54.104     36.222  29.447264     2.4855      7.415   234.6045 4.2031e+02     8.2662     -0.009     -0.013    15.6608 0.0000e+00
     -0.007      0.006     5.4450     53.926     36.244  29.461484     2.5706      7.418   234.5021 3.9486e+02     8.2331     -0.008     -0.012    15.6592 0.0000e+00
     -0.003      0.008     5.4221     53.753     36.273  29.481473     2.7165      7.421   234.8957 3.4716e+02     8.1680     -0.002     -0.002    15.6570 0.0000e+00
      0.001      0.010     5.4008     53.565     36.299  29.498762     2.8005      7.422   235.3203 3.2765e+02     8.1621      0.002      0.003    15.6509 0.0000e+00
      0.003      0.010     5.3781     53.414     36.279  29.480341     2.8207      7.423   234.9895 3.2448e+02     8.2301      0.002      0.002    15.6446 0.0000e+00
      0.005      0.010     5.3628     53.308     36.242  29.448923     2.8189      7.426   234.5095 2.9938e+02     8.2376      0.004      0.006    15.6389 0.0000e+00
      0.008      0.009     5.3490     53.193     36.228  29.435852     2.8044      7.428   234.6794 3.0131e+02     8.1853      0.009      0.013    15.6338 0.0000e+00
      0.011      0.007     5.3259     53.050     36.247  29.449085     2.8037      7.427   235.4085 3.1908e+02     8.1792      0.011      0.016    15.6292 0.0000e+00
      0.012      0.003     5.3118     52.902     36.288  29.482131     2.8110      7.425   236.2696 2.7901e+02     8.1975      0.010      0.015    15.6256 0.0000e+00
      0.014     -0.006     5.3037     52.747     36.331  29.518449     2.8171      7.425   236.3157 2.2760e+02     8.2009      0.013      0.019    15.6254 0.0000e+00
      0.015     -0.021     5.2941     52.578     36.321  29.507850     2.7773      7.434   235.5356 2.3725e+02     8.1524      0.017      0.024    15.6231 0.0000e+00
      0.012     -0.038     5.2777     52.393     36.309  29.480764     2.6883      7.446   235.1826 2.8097e+02     8.0551      0.014      0.020    15.6190 0.0000e+00
      0.002     -0.054     5.2642     52.207     36.376  29.507887     2.6393      7.452   235.2320 3.2392e+02     8.0147      0.007      0.010    15.6166 0.0000e+00
     -0.019     -0.065     5.2483     52.074     36.423  29.518799     2.6432      7.456   234.8425 3.3147e+02     8.0055     -0.014     -0.020    15.6219 0.0000e+00
     -0.047     -0.068     5.2307     51.980     36.409  29.485886     2.6604      7.466   234.5169 2.6234e+02     8.0124     -0.049     -0.072    15.6261 0.0000e+00
     -0.072     -0.059     5.2166     51.889     36.434  29.490273     2.6809      7.481   235.0800 1.8366e+02     8.0647     -0.074     -0.106    15.5998 0.0000e+00
     -0.090     -0.041     5.1982     51.817     36.549  29.571818     2.6910      7.493   235.9727 1.5988e+02     8.0910     -0.089     -0.130    15.5539 0.0000e+00
     -0.101     -0.017     5.1915     51.802     36.712  29.711103     2.6989      7.497   236.3618 1.7264e+02     8.1257     -0.104     -0.152    15.5153 0.0000e+00
     -0.100      0.005     5.1872     51.980     36.811  29.843111     2.7264      7.496   236.5163 1.9721e+02     8.1768     -0.105     -0.151    15.4852 0.0000e+00
     -0.085      0.020     5.1796     52.768     36.778  29.900114     2.7583      7.490   236.8075 2.1708e+02     8.1627     -0.084     -0.123    15.4648 0.0000e+00
     -0.069      0.028     5.1721     54.610     36.678  29.893280     2.7675      7.484   236.7859 2.3760e+02     8.1599     -0.064     -0.093    15.4463 0.0000e+00
     -0.060      0.028     5.1722     57.542     36.617  29.887363     2.7629      7.481   236.4273 2.5055e+02     8.1770     -0.058     -0.083    15.4348 0.0000e+00
     -0.055      0.023     5.1635     61.137     36.594  29.892014     2.7609      7.478   236.3429 2.3433e+02     8.1646     -0.054     -0.078    15.5099 0.0000e+00
     -0.052      0.015     5.2047     64.769     36.573  29.886148     2.7608      7.474   236.5400 2.0627e+02     8.1807     -0.050     -0.073    15.6584 0.0000e+00
     -0.052      0.008     5.3760     68.059     36.559  29.879852     2.7530      7.474   236.6605 1.9683e+02     8.2002     -0.052     -0.075    15.7633 0.0000e+00
     -0.052      0.005     5.6752     70.830     36.555  29.879283     2.7500      7.478   236.7661 2.0113e+02     8.2292     -0.052     -0.074    15.8158 0.0000e+00
     -0.049      0.004     6.0571     72.900     36.553  29.879273     2.7485      7.482   237.0422 2.0475e+02     8.2587     -0.049     -0.070    15.8442 0.0000e+00
     -0.048      0.004     6.4251     74.181     36.553  29.879736     2.6610      7.486   237.2464 2.0670e+02     8.2150     -0.048     -0.068    15.8568 0.0000e+00
     -0.048      0.003     6.7527     74.816     36.559  29.884879     2.4992      7.489   236.9119 2.0534e+02     8.1447     -0.048     -0.069    15.8636 0.0000e+00
     -0.047      0.001     7.0353     75.014     36.550  29.878069     2.4069      7.494   236.0091 2.0922e+02     8.1266     -0.047     -0.066    15.8664 0.0000e+00
     -0.046      0.000     7.2447     74.928     36.529  29.860780     2.3940      7.504   235.3650 2.3012e+02     8.1664     -0.045     -0.064    15.8678 0.0000e+00
     -0.046      0.001     7.3645     74.718     36.535  29.866024     2.3433      7.514   235.5766 2.6207e+02     8.1823     -0.044     -0.064    15.8683 0.0000e+00
     -0.049      0.002     7.4176     74.478     36.549  29.878077     2.2339      7.519   235.9859 2.7962e+02     8.1480     -0.048     -0.068    15.8685 0.0000e+00
     -0.051      0.002     7.4354     74.233     36.551  29.879730     2.1707      7.523   236.0125 2.6607e+02     8.1276     -0.053     -0.077    15.8684 0.0000e+00
     -0.047      0.001     7.4182     74.018     36.559  29.886012     2.1692      7.529   236.0702 2.6066e+02     8.1401     -0.048     -0.070    15.8688 0.0000e+00
     -0.042      0.001     7.3949     73.828     36.565  29.890640     2.1910      7.535   236.4255 3.0656e+02     8.1632     -0.038     -0.056    15.8695 0.0000e+00
     -0.042      0.002     7.3719     73.653     36.542  29.872294     2.2270      7.540   236.7801 3.6459e+02     8.1675     -0.040     -0.057    15.8698 0.0000e+00
     -0.045      0.002     7.3444     73.524     36.520  29.854373     2.2377      7.542   237.0025 3.8603e+02     8.1575     -0.046     -0.066    15.8702 0.0000e+00
     -0.047      0.002     7.3243     73.460     36.531  29.864133     2.2288      7.542   237.1355 3.7360e+02     8.1446     -0.048     -0.069    15.8701 0.0000e+00
     -0.047      0.002     7.3069     73.446     36.530  29.863509     2.2193      7.541   237.0116 3.4062e+02     8.1829     -0.046     -0.068    15.8699 0.0000e+00
     -0.044      0.003     7.2869     73.438     36.510  29.846834     2.1982      7.541   236.7958 3.2104e+02     8.2447     -0.044     -0.063    15.8702 0.0000e+00
     -0.041      0.004     7.2738     73.400     36.517  29.852701     2.1816      7.541   236.9352 3.3644e+02     8.2086     -0.040     -0.057    15.8707 0.0000e+00
     -0.040      0.004     7.2681     73.370     36.540  29.871047     2.1761      7.539   237.2347 3.6858e+02     8.1562     -0.037     -0.054    15.8709 0.0000e+00
     -0.040      0.002     7.2679     73.376     36.549  29.878478     2.1736      7.538   237.1463 3.9675e+02     8.1918     -0.038     -0.055    15.8711 0.0000e+00
     -0.040     -0.002     7.2699     73.378     36.549  29.879148     2.1768      7.539   236.6414 4.0303e+02     8.2294     -0.039     -0.056    15.8712 0.0000e+00
     -0.040     -0.003     7.2637     73.349     36.549  29.879157     2.1723      7.544   236.3779 3.8400e+02     8.2001     -0.039     -0.056    15.8707 0.0000e+00
     -0.041     -0.002     7.2584     73.325     36.549  29.878581     2.1618      7.549   236.6276 3.6083e+02     8.1801     -0.040     -0.058    15.8705 0.0000e+00
     -0.044      0.000     7.2622     73.325     36.542  29.872191     2.1574      7.553   236.9073 3.5813e+02     8.1923     -0.044     -0.064    15.8710 0.0000e+00
     -0.046      0.003     7.2635     73.309     36.533  29.865285     2.1525      7.556   237.0077 3.7011e+02     8.2104     -0.047     -0.067    15.8714 0.0000e+00
     -0.044      0.006     7.2586     73.268     36.524  29.858474     2.1442      7.558   237.1532 3.7941e+02     8.2634     -0.044     -0.064    15.8711 0.0000e+00
     -0.040      0.008     7.2547     73.248     36.517  29.853229     2.1324      7.559   237.4607 3.9845e+02     8.2857     -0.039     -0.057    15.8708 0.0000e+00
     -0.036      0.009     7.2574     73.237     36.532  29.865274     2.1179      7.559   237.5427 4.3270e+02     8.2407     -0.035     -0.051    15.8708 0.0000e+00
