Data/DataNotYetUploadedToEDI/Raw_CTD/RawDownloads/110822_fcr50_S7809003.cnv
* Sea-Bird SBE19plus  Data File:
* FileName = C:\R\Reservoirs\Data\DataNotYetUploadedToEDI\Raw_CTD\RawDownloads\110122_fcr50_S7809_0003.hex
* Software version 2.8.0.119
* Temperature SN = 7809
* Conductivity SN = 7809
* System UpLoad Time = Nov 18 2022 12:29:03
* <ApplicationData>
* <Seaterm232>
# nquan = 15
# nvalues = 1966                        
# units = specified
# name 0 = depFM: Depth [fresh water, m]
# name 1 = dz/dtM: Descent Rate [m/s]
# name 2 = sbeox0Mg/L: Oxygen, SBE 43 [mg/l]
# name 3 = sbeox0PS: Oxygen, SBE 43 [% saturation]
# name 4 = specc: Specific Conductance [uS/cm]
# name 5 = c0uS/cm: Conductivity [uS/cm]
# name 6 = flECO-AFL: Fluorescence, WET Labs ECO-AFL/FL [mg/m^3]
# name 7 = ph: pH
# name 8 = orp: Oxidation Reduction Potential [mV]
# name 9 = par/sat/log: PAR/Logarithmic, Satlantic
# name 10 = turbWETntu0: Turbidity, WET Labs ECO [NTU]
# name 11 = prdM: Pressure, Strain Gauge [db]
# name 12 = prdE: Pressure, Strain Gauge [psi]
# name 13 = tv290C: Temperature [ITS-90, deg C]
# name 14 = flag:  0.000e+00
# span 0 =     -0.517,      9.384       
# span 1 =     -0.227,      0.669       
# span 2 =     3.1332,     8.1623       
# span 3 =     29.326,     82.113       
# span 4 =      0.258,     46.117       
# span 5 =   0.203881,  34.452014       
# span 6 =    -1.5703,    14.4852       
# span 7 =     -1.865,      8.244       
# span 8 = -1240.6894,  1240.2295       
# span 9 = 1.2367e-01, 1.9115e+03       
# span 10 =    -5.8437,   279.9435      
# span 11 =     -0.507,      9.203      
# span 12 =     -0.735,     13.348      
# span 13 =    12.3496,    15.7255      
# span 14 = 0.0000e+00, 0.0000e+00      
# interval = seconds: 0.25
# start_time = Nov 08 2022 10:12:20 [Instrument's time stamp, header]
# bad_flag = -9.990e-29
*END*
[from data line 1735]
      5.830     -0.148     3.3781     32.259     45.741  34.187177     2.5368      7.326   294.5222 6.0859e-01     4.6627      5.718      8.293    12.3666 0.0000e+00
      5.792     -0.145     3.3991     32.360     45.737  34.183703     2.5328      7.327   298.2050 6.3295e-01     4.6192      5.680      8.239    12.3669 0.0000e+00
      5.756     -0.143     3.4141     32.445     45.746  34.190146     2.5283      7.328   299.7909 6.6440e-01     4.5504      5.642      8.184    12.3676 0.0000e+00
      5.723     -0.143     3.4343     32.515     45.761  34.201674     2.5332      7.329   299.4999 6.9492e-01     4.4801      5.613      8.141    12.3679 0.0000e+00
      5.688     -0.143     3.4490     32.558     45.753  34.196259     2.5422      7.330   299.9350 7.2213e-01     4.4535      5.580      8.094    12.3676 0.0000e+00
      5.648     -0.145     3.4577     32.572     45.743  34.188089     2.5443      7.331   300.7499 7.5771e-01     4.4331      5.539      8.032    12.3667 0.0000e+00
      5.610     -0.149     3.4683     32.582     45.714  34.166307     2.5839      7.334   297.9104 8.0256e-01     4.4381      5.499      7.975    12.3667 0.0000e+00
      5.575     -0.151     3.4752     32.581     45.656  34.123121     2.6800      7.335   292.9627 8.5332e-01     4.5476      5.469      7.932    12.3673 0.0000e+00
      5.537     -0.151     3.4812     32.564     45.638  34.109787     2.7489      7.334   288.7657 9.1611e-01     4.6644      5.433      7.880    12.3671 0.0000e+00
      5.493     -0.149     3.4802     32.571     45.668  34.131897     2.7589      7.332   285.6241 9.7488e-01     4.6897      5.385      7.810    12.3669 0.0000e+00
      5.451     -0.146     3.4820     32.596     45.674  34.136818     2.7685      7.332   284.4891 1.0095e+00     4.5802      5.343      7.749    12.3670 0.0000e+00
      5.416     -0.141     3.4840     32.617     45.633  34.105879     2.8150      7.331   284.8516 1.0383e+00     4.3990      5.311      7.703    12.3673 0.0000e+00
      5.383     -0.134     3.4773     32.641     45.591  34.074862     2.8640      7.329   284.8447 1.0838e+00     4.3439      5.279      7.657    12.3674 0.0000e+00
      5.349     -0.128     3.4803     32.660     45.596  34.078840     2.8857      7.329   284.1479 1.1344e+00     4.3922      5.244      7.606    12.3670 0.0000e+00
      5.317     -0.126     3.4842     32.699     45.611  34.090555     2.8860      7.328   283.3092 1.1759e+00     4.3678      5.213      7.559    12.3667 0.0000e+00
      5.289     -0.128     3.4845     32.767     45.610  34.089692     2.9182      7.328   282.7916 1.2203e+00     4.2877      5.187      7.524    12.3669 0.0000e+00
      5.260     -0.131     3.4895     32.845     45.581  34.068410     3.0004      7.328   282.8796 1.2813e+00     4.2090      5.160      7.486    12.3674 0.0000e+00
      5.226     -0.135     3.4888     32.935     45.521  34.023467     3.0471      7.329   283.3416 1.3586e+00     4.1679      5.126      7.435    12.3679 0.0000e+00
      5.188     -0.140     3.4926     33.032     45.475  33.990139     3.0416      7.330   283.7306 1.4399e+00     4.2007      5.087      7.378    12.3681 0.0000e+00
      5.149     -0.142     3.5019     33.113     45.464  33.982483     2.9509      7.331   283.7979 1.5039e+00     4.1955      5.048      7.323    12.3680 0.0000e+00
      5.112     -0.139     3.5095     33.185     45.479  33.994311     2.7827      7.331   283.5528 1.5512e+00     4.1399      5.012      7.270    12.3677 0.0000e+00
      5.075     -0.133     3.5185     33.281     45.494  34.006337     2.6973      7.331   283.2619 1.6087e+00     4.1774      4.978      7.219    12.3680 0.0000e+00
      5.039     -0.127     3.5310     33.411     45.486  34.001081     2.7088      7.332   283.2059 1.6719e+00     4.2387      4.940      7.165    12.3689 0.0000e+00
      5.008     -0.122     3.5389     33.566     45.476  33.994164     2.7728      7.332   283.4788 1.7185e+00     4.1981      4.907      7.118    12.3701 0.0000e+00
      4.984     -0.120     3.5443     33.727     45.466  33.986117     2.8715      7.333   284.0662 1.7567e+00     4.1298      4.888      7.089    12.3712 0.0000e+00
      4.959     -0.120     3.5551     33.884     45.440  33.967189     2.9196      7.333   284.6289 1.8239e+00     4.1313      4.867      7.058    12.3717 0.0000e+00
      4.928     -0.122     3.5686     34.040     45.424  33.955537     2.9294      7.333   285.0343 1.9159e+00     4.2159      4.834      7.010    12.3723 0.0000e+00
      4.893     -0.127     3.5864     34.185     45.446  33.972044     2.9325      7.333   285.0100 1.9986e+00     4.2645      4.797      6.958    12.3726 0.0000e+00
      4.858     -0.131     3.6042     34.306     45.451  33.976545     2.9071      7.335   284.8515 2.0796e+00     4.2068      4.764      6.912    12.3726 0.0000e+00
      4.823     -0.131     3.6200     34.389     45.410  33.946560     2.8801      7.337   285.3550 2.1639e+00     4.1327      4.730      6.861    12.3728 0.0000e+00
      4.788     -0.127     3.6377     34.435     45.383  33.926537     2.8726      7.338   286.1072 2.2479e+00     4.1198      4.694      6.810    12.3730 0.0000e+00
      4.755     -0.122     3.6535     34.488     45.380  33.924664     2.9248      7.339   287.1500 2.3235e+00     4.1201      4.661      6.762    12.3734 0.0000e+00
      4.725     -0.120     3.6667     34.576     45.379  33.923918     3.0359      7.339   288.5840 2.3777e+00     4.0331      4.631      6.717    12.3740 0.0000e+00
      4.698     -0.121     3.6765     34.667     45.370  33.917520     3.1004      7.339   288.5614 2.4327e+00     3.9229      4.607      6.682    12.3745 0.0000e+00
      4.673     -0.124     3.6784     34.723     45.360  33.910714     3.0976      7.340   287.2208 2.5141e+00     3.8805      4.585      6.650    12.3751 0.0000e+00
      4.643     -0.129     3.6833     34.759     45.351  33.905035     3.0522      7.340   286.9158 2.6302e+00     3.8961      4.557      6.608    12.3756 0.0000e+00
      4.605     -0.133     3.6935     34.792     45.359  33.912261     2.9847      7.342   287.2821 2.7601e+00     3.9411      4.517      6.552    12.3754 0.0000e+00
      4.564     -0.136     3.7064     34.827     45.389  33.934684     2.9467      7.343   287.7779 2.8694e+00     3.9461      4.474      6.489    12.3756 0.0000e+00
      4.528     -0.136     3.7104     34.884     45.372  33.922521     2.9333      7.343   288.5225 2.9795e+00     3.8871      4.439      6.438    12.3767 0.0000e+00
      4.495     -0.132     3.7130     34.961     45.331  33.892018     2.9310      7.343   287.7680 3.1094e+00     3.8426      4.408      6.394    12.3779 0.0000e+00
      4.462     -0.125     3.7181     35.046     45.319  33.882910     2.9858      7.343   285.7097 3.2326e+00     3.8190      4.376      6.347    12.3786 0.0000e+00
      4.430     -0.120     3.7190     35.139     45.310  33.875802     3.0808      7.343   284.5440 3.3361e+00     3.7728      4.344      6.300    12.3788 0.0000e+00
      4.400     -0.120     3.7264     35.237     45.302  33.869490     3.1138      7.343   284.5140 3.4235e+00     3.7278      4.314      6.256    12.3792 0.0000e+00
      4.373     -0.124     3.7346     35.313     45.303  33.869998     3.0937      7.344   284.8310 3.5086e+00     3.6839      4.287      6.218    12.3795 0.0000e+00
      4.348     -0.130     3.7439     35.352     45.318  33.881941     3.0631      7.345   284.8486 3.6199e+00     3.6175      4.267      6.189    12.3797 0.0000e+00
      4.316     -0.137     3.7534     35.381     45.324  33.887072     3.0185      7.346   284.2113 3.7769e+00     3.5405      4.238      6.147    12.3792 0.0000e+00
      4.275     -0.144     3.7652     35.422     45.298  33.868634     3.0035      7.347   283.3203 3.9684e+00     3.5045      4.190      6.078    12.3786 0.0000e+00
      4.231     -0.149     3.7748     35.468     45.271  33.849234     3.0221      7.347   282.7644 4.1614e+00     3.4892      4.147      6.014    12.3789 0.0000e+00
      4.191     -0.150     3.7769     35.504     45.261  33.842741     3.1691      7.347   282.5674 4.3324e+00     3.4239      4.110      5.961    12.3795 0.0000e+00
      4.153     -0.146     3.7791     35.545     45.275  33.853533     3.4571      7.346   282.7444 4.4978e+00     3.3305      4.072      5.907    12.3798 0.0000e+00
      4.117     -0.140     3.7836     35.594     45.274  33.852898     3.6256      7.345   283.0979 4.6768e+00     3.2816      4.037      5.855    12.3808 0.0000e+00
      4.082     -0.135     3.7902     35.626     45.250  33.835075     3.6246      7.345   283.1426 4.8628e+00     3.2775      4.002      5.804    12.3820 0.0000e+00
      4.049     -0.131     3.7922     35.653     45.240  33.828263     3.4944      7.346   282.9409 5.0585e+00     3.3147      3.971      5.759    12.3830 0.0000e+00
      4.018     -0.127     3.7961     35.691     45.247  33.833941     3.2758      7.346   282.6373 5.2592e+00     3.3899      3.941      5.717    12.3838 0.0000e+00
      3.985     -0.124     3.8039     35.729     45.256  33.840315     3.1703      7.346   282.4838 5.4594e+00     3.4355      3.909      5.669    12.3840 0.0000e+00
      3.952     -0.124     3.8056     35.765     45.258  33.841923     3.1840      7.347   282.6332 5.6590e+00     3.4555      3.874      5.618    12.3840 0.0000e+00
      3.922     -0.127     3.8077     35.813     45.272  33.853382     3.1836      7.349   282.8956 5.8480e+00     3.4611      3.845      5.576    12.3844 0.0000e+00
      3.894     -0.130     3.8126     35.868     45.268  33.852062     3.1322      7.350   283.3330 6.0580e+00     3.4341      3.821      5.542    12.3846 0.0000e+00
      3.862     -0.132     3.8173     35.936     45.231  33.825966     3.0695      7.350   283.9642 6.3389e+00     3.4032      3.791      5.499    12.3843 0.0000e+00
      3.823     -0.134     3.8193     36.019     45.185  33.791486     3.0497      7.350   284.3323 6.6508e+00     3.4290      3.749      5.436    12.3844 0.0000e+00
      3.783     -0.136     3.8256     36.079     45.133  33.752199     3.0597      7.350   284.3418 6.9148e+00     3.4728      3.707      5.376    12.3857 0.0000e+00
      3.750     -0.137     3.8309     36.096     45.103  33.731384     3.0822      7.351   284.2509 7.1501e+00     3.4550      3.677      5.334    12.3876 0.0000e+00
      3.719     -0.136     3.8370     36.114     45.098  33.730048     3.1220      7.352   284.3522 7.4252e+00     3.4527      3.650      5.293    12.3894 0.0000e+00
      3.684     -0.136     3.8484     36.157     45.101  33.736040     3.1499      7.352   285.1358 7.7348e+00     3.4784      3.613      5.240    12.3902 0.0000e+00
      3.649     -0.139     3.8559     36.194     45.104  33.740438     3.1614      7.352   286.2405 8.0419e+00     3.4934      3.575      5.185    12.3893 0.0000e+00
      3.617     -0.144     3.8555     36.224     45.075  33.719823     3.2036      7.353   286.8684 8.3764e+00     3.4973      3.548      5.146    12.3893 0.0000e+00
      3.581     -0.149     3.8544     36.258     45.016  33.677006     3.2766      7.355   286.9637 8.7620e+00     3.4566      3.515      5.097    12.3934 0.0000e+00
      3.539     -0.150     3.8627     36.291     44.999  33.666590     3.3193      7.355   286.8756 9.1755e+00     3.4459      3.471      5.033    12.3979 0.0000e+00
      3.496     -0.149     3.8649     36.336     45.069  33.720704     3.3291      7.356   287.5235 9.6024e+00     3.4702      3.428      4.972    12.4006 0.0000e+00
      3.455     -0.145     3.8674     36.383     45.120  33.760629     3.3285      7.357   288.8605 1.0003e+01     3.3745      3.386      4.912    12.4018 0.0000e+00
      3.417     -0.139     3.8724     36.408     45.045  33.705471     3.3116      7.358   289.6203 1.0357e+01     3.1423      3.349      4.858    12.4023 0.0000e+00
      3.385     -0.132     3.8738     36.436     44.931  33.624459     3.2918      7.359   289.4818 1.0676e+01     2.9521      3.318      4.813    12.4051 0.0000e+00
      3.356     -0.127     3.8789     36.475     44.896  33.605406     3.2884      7.359   288.9930 1.0984e+01     2.9190      3.290      4.772    12.4083 0.0000e+00
      3.326     -0.126     3.8859     36.494     44.883  33.601936     3.2963      7.359   288.7874 1.1356e+01     2.9467      3.263      4.733    12.4092 0.0000e+00
      3.296     -0.130     3.8871     36.519     44.850  33.582504     3.3028      7.359   289.0600 1.1800e+01     2.9116      3.233      4.689    12.4088 0.0000e+00
      3.263     -0.137     3.8878     36.577     44.813  33.560681     3.3089      7.360   289.5362 1.2244e+01     2.8368      3.201      4.642    12.4123 0.0000e+00
      3.229     -0.146     3.8956     36.640     44.760  33.528304     3.3127      7.361   289.8126 1.2725e+01     2.7588      3.168      4.594    12.4237 0.0000e+00
      3.190     -0.151     3.8936     36.701     44.723  33.508070     3.3902      7.362   289.8208 1.3342e+01     2.6865      3.130      4.540    12.4317 0.0000e+00
      3.147     -0.152     3.8943     36.764     44.712  33.506261     3.5465      7.363   289.7211 1.4068e+01     2.6456      3.086      4.476    12.4344 0.0000e+00
      3.103     -0.150     3.9030     36.833     44.708  33.506436     3.6291      7.363   289.6396 1.4816e+01     2.6059      3.042      4.412    12.4425 0.0000e+00
      3.061     -0.145     3.9079     36.903     44.714  33.510193     3.6314      7.363   289.9546 1.5521e+01     2.5484      3.000      4.352    12.4503 0.0000e+00
      3.026     -0.141     3.9142     36.955     44.686  33.488287     3.6330      7.364   290.5185 1.6131e+01     2.5300      2.964      4.301    12.4579 0.0000e+00
      2.997     -0.139     3.9195     36.995     44.605  33.431787     3.6401      7.365   290.6068 1.6730e+01     2.5552      2.939      4.262    12.4678 0.0000e+00
      2.967     -0.137     3.9263     37.051     44.547  33.397709     3.6423      7.367   290.4194 1.7509e+01     2.5796      2.913      4.225    12.4716 0.0000e+00
      2.932     -0.136     3.9355     37.108     44.527  33.393296     3.6351      7.368   290.4043 1.8484e+01     2.5860      2.878      4.175    12.4685 0.0000e+00
      2.892     -0.137     3.9415     37.163     44.497  33.378437     3.6280      7.369   290.4238 1.9480e+01     2.5647      2.835      4.112    12.4656 0.0000e+00
      2.852     -0.138     3.9424     37.233     44.443  33.344874     3.6387      7.369   290.4833 2.0349e+01     2.5943      2.794      4.052    12.4695 0.0000e+00
      2.819     -0.138     3.9495     37.314     44.379  33.304522     3.6733      7.370   290.5206 2.1102e+01     2.7048      2.763      4.008    12.4824 0.0000e+00
      2.789     -0.137     3.9546     37.409     44.321  33.270985     3.7056      7.372   290.4446 2.1914e+01     2.8078      2.736      3.968    12.4958 0.0000e+00
      2.756     -0.137     3.9580     37.509     44.288  33.256415     3.7626      7.373   290.2538 2.2931e+01     2.8495      2.704      3.921    12.5033 0.0000e+00
      2.720     -0.139     3.9662     37.603     44.278  33.255182     4.3961      7.373   289.8481 2.4124e+01     2.7307      2.667      3.869    12.5107 0.0000e+00
      2.683     -0.142     3.9725     37.710     44.275  33.256090     5.5805      7.374   289.4966 2.5435e+01     2.5324      2.631      3.816    12.5193 0.0000e+00
      2.645     -0.142     3.9828     37.849     44.288  33.267397     6.2391      7.376   289.4459 2.6862e+01     2.4678      2.595      3.763    12.5302 0.0000e+00
      2.607     -0.140     3.9930     38.013     44.283  33.265091     6.3254      7.377   289.3208 2.8334e+01     2.4626      2.557      3.710    12.5446 0.0000e+00
      2.568     -0.137     4.0012     38.184     44.235  33.228210     6.5408      7.378   289.0166 2.9597e+01     2.4005      2.517      3.650    12.5522 0.0000e+00
      2.534     -0.132     4.0111     38.329     44.199  33.201902     6.9207      7.379   288.8658 3.0611e+01     2.3320      2.482      3.600    12.5528 0.0000e+00
