Data/DataNotYetUploadedToEDI/Raw_CTD/RawDownloads/110822_fcr50_S7809003.cnv
* Sea-Bird SBE19plus  Data File:
* FileName = C:\R\Reservoirs\Data\DataNotYetUploadedToEDI\Raw_CTD\RawDownloads\110122_fcr50_S7809_0003.hex
* Software version 2.8.0.119
* Temperature SN = 7809
* Conductivity SN = 7809
* System UpLoad Time = Nov 18 2022 12:29:03
* <ApplicationData>
* <Seaterm232>
# nquan = 15
# nvalues = 1966                        
# units = specified
# name 0 = depFM: Depth [fresh water, m]
# name 1 = dz/dtM: Descent Rate [m/s]
# name 2 = sbeox0Mg/L: Oxygen, SBE 43 [mg/l]
# name 3 = sbeox0PS: Oxygen, SBE 43 [% saturation]
# name 4 = specc: Specific Conductance [uS/cm]
# name 5 = c0uS/cm: Conductivity [uS/cm]
# name 6 = flECO-AFL: Fluorescence, WET Labs ECO-AFL/FL [mg/m^3]
# name 7 = ph: pH
# name 8 = orp: Oxidation Reduction Potential [mV]
# name 9 = par/sat/log: PAR/Logarithmic, Satlantic
# name 10 = turbWETntu0: Turbidity, WET Labs ECO [NTU]
# name 11 = prdM: Pressure, Strain Gauge [db]
# name 12 = prdE: Pressure, Strain Gauge [psi]
# name 13 = tv290C: Temperature [ITS-90, deg C]
# name 14 = flag:  0.000e+00
# span 0 =     -0.517,      9.384       
# span 1 =     -0.227,      0.669       
# span 2 =     3.1332,     8.1623       
# span 3 =     29.326,     82.113       
# span 4 =      0.258,     46.117       
# span 5 =   0.203881,  34.452014       
# span 6 =    -1.5703,    14.4852       
# span 7 =     -1.865,      8.244       
# span 8 = -1240.6894,  1240.2295       
# span 9 = 1.2367e-01, 1.9115e+03       
# span 10 =    -5.8437,   279.9435      
# span 11 =     -0.507,      9.203      
# span 12 =     -0.735,     13.348      
# span 13 =    12.3496,    15.7255      
# span 14 = 0.0000e+00, 0.0000e+00      
# interval = seconds: 0.25
# start_time = Nov 08 2022 10:12:20 [Instrument's time stamp, header]
# bad_flag = -9.990e-29
*END*
[from data line 1543]
      7.975      0.191     3.4888     31.597     45.942  34.329096     2.3517      7.399   293.6615 1.2373e-01     6.0572      7.824     11.348    12.3526 0.0000e+00
      7.971      0.085     3.4700     31.308     45.926  34.317669     2.3813      7.397   293.5982 1.2369e-01     6.0031      7.813     11.331    12.3538 0.0000e+00
      7.971      0.030     3.4432     31.080     45.941  34.329208     2.4476      7.396   293.3520 1.2371e-01     5.9003      7.816     11.337    12.3562 0.0000e+00
      7.972      0.015     3.4127     30.919     45.958  34.341788     2.4798      7.395   293.0079 1.2375e-01     5.8391      7.820     11.342    12.3577 0.0000e+00
      7.972      0.023     3.3758     30.826     45.961  34.342951     2.4792      7.393   292.4481 1.2373e-01     5.8102      7.817     11.337    12.3587 0.0000e+00
      7.975      0.040     3.3437     30.794     45.962  34.343274     2.5488      7.391   292.5206 1.2374e-01     5.8236      7.818     11.338    12.3596 0.0000e+00
      7.986      0.062     3.3196     30.813     45.966  34.345685     2.6892      7.391   293.1963 1.2379e-01     5.9323      7.830     11.356    12.3600 0.0000e+00
      8.003      0.090     3.3017     30.861     46.003  34.372107     2.7702      7.391   293.3913 1.2381e-01     6.0318      7.846     11.380    12.3592 0.0000e+00
      8.026      0.116     3.2930     30.897     46.055  34.409105     2.7698      7.391   293.0707 1.2383e-01     6.0355      7.867     11.410    12.3582 0.0000e+00
      8.061      0.134     3.2895     30.900     46.061  34.412565     2.7178      7.390   292.6748 1.2385e-01     5.9775      7.900     11.458    12.3575 0.0000e+00
      8.109      0.142     3.2920     30.863     46.064  34.413937     2.6330      7.390   292.3903 1.2384e-01     5.9112      7.951     11.532    12.3567 0.0000e+00
      8.159      0.142     3.2996     30.783     46.080  34.425694     2.5853      7.390   292.4704 1.2384e-01     5.8832      8.006     11.611    12.3554 0.0000e+00
      8.200      0.136     3.3043     30.672     46.083  34.427896     2.5819      7.390   292.7838 1.2381e-01     5.8779      8.047     11.672    12.3536 0.0000e+00
      8.228      0.126     3.3041     30.518     46.101  34.440561     2.5838      7.389   292.9957 1.2379e-01     5.8469      8.072     11.708    12.3523 0.0000e+00
      8.249      0.114     3.3015     30.323     46.117  34.452004     2.5664      7.387   293.0535 1.2379e-01     5.9867      8.087     11.731    12.3518 0.0000e+00
      8.273      0.105     3.2911     30.138     46.100  34.439437     2.5466      7.386   293.0526 1.2373e-01     6.3722      8.110     11.763    12.3514 0.0000e+00
      8.301      0.102     3.2806     29.978     46.068  34.415435     2.5441      7.386   293.0710 1.2372e-01     6.5806      8.141     11.808    12.3511 0.0000e+00
      8.331      0.105     3.2651     29.833     46.068  34.415435     2.5445      7.385   293.0178 1.2378e-01     6.5241      8.171     11.851    12.3506 0.0000e+00
      8.356      0.112     3.2400     29.697     46.100  34.439438     2.5263      7.385   292.9256 1.2381e-01     6.5775      8.194     11.886    12.3502 0.0000e+00
      8.381      0.120     3.2209     29.572     46.116  34.452014     2.4899      7.385   292.9889 1.2381e-01     6.8164      8.217     11.918    12.3502 0.0000e+00
      8.409      0.126     3.2045     29.477     46.101  34.440674     2.4715      7.384   293.0954 1.2384e-01     7.0221      8.244     11.957    12.3501 0.0000e+00
      8.443      0.128     3.1888     29.428     46.086  34.429135     2.4702      7.383   293.1801 1.2386e-01     7.0492      8.277     12.005    12.3501 0.0000e+00
      8.483      0.124     3.1745     29.393     46.101  34.439312     2.4581      7.382   293.2379 1.2383e-01     6.8702      8.318     12.064    12.3501 0.0000e+00
      8.524      0.115     3.1604     29.348     46.098  34.436912     2.4323      7.382   292.8479 1.2379e-01     6.6347      8.363     12.131    12.3501 0.0000e+00
      8.557      0.101     3.1488     29.326     46.048  34.400115     2.4165      7.382   292.1658 1.2378e-01     6.5587      8.397     12.178    12.3500 0.0000e+00
      8.577      0.086     3.1453     29.334     46.014  34.374855     2.4255      7.381   291.9598 1.2373e-01     6.5661      8.414     12.203    12.3496 0.0000e+00
      8.589      0.073     3.1440     29.342     46.027  34.385127     2.4570      7.380   292.2490 1.2373e-01     6.4506      8.424     12.218    12.3496 0.0000e+00
      8.599      0.063     3.1360     29.350     46.042  34.397494     2.4982      7.380   292.6520 1.2380e-01     6.2893      8.431     12.228    12.3498 0.0000e+00
      8.612      0.058     3.1332     29.364     46.042  34.397579     2.5165      7.380   292.3575 1.2384e-01     6.2210      8.443     12.246    12.3498 0.0000e+00
      8.630      0.059     3.1371     29.395     46.027  34.386145     2.5195      7.380   291.3554 1.2384e-01     6.2396      8.463     12.275    12.3502 0.0000e+00
      8.648      0.062     3.1361     29.447     46.026  34.386070     2.5432      7.381   290.9456 1.2385e-01     6.3096      8.482     12.302    12.3508 0.0000e+00
      8.663      0.063     3.1379     29.502     46.040  34.396655     2.5697      7.381   291.1886 1.2383e-01     6.3163      8.495     12.321    12.3512 0.0000e+00
      8.678      0.062     3.1382     29.552     46.028  34.387318     2.5747      7.380   291.6273 1.2375e-01     6.2865      8.508     12.341    12.3513 0.0000e+00
      8.695      0.058     3.1411     29.604     46.045  34.399990     2.5775      7.379   292.1202 1.2370e-01     6.3250      8.526     12.367    12.3516 0.0000e+00
      8.712      0.054     3.1484     29.663     46.075  34.423055     2.5867      7.379   292.0716 1.2374e-01     6.4061      8.545     12.394    12.3517 0.0000e+00
      8.726      0.051     3.1538     29.720     46.060  34.412565     2.5945      7.378   291.5566 1.2376e-01     6.4807      8.558     12.413    12.3518 0.0000e+00
      8.736      0.047     3.1593     29.776     46.043  34.399980     2.5968      7.378   291.2266 1.2378e-01     6.5103      8.567     12.426    12.3521 0.0000e+00
      8.746      0.042     3.1637     29.816     46.040  34.397701     2.5899      7.378   291.2656 1.2383e-01     6.5588      8.576     12.439    12.3523 0.0000e+00
      8.757      0.039     3.1717     29.839     46.022  34.385012     2.5857      7.377   291.4260 1.2387e-01     6.6572      8.588     12.456    12.3526 0.0000e+00
      8.767      0.039     3.1762     29.872     46.005  34.373369     2.5714      7.376   291.5305 1.2389e-01     6.8465      8.598     12.471    12.3530 0.0000e+00
      8.776      0.044     3.1835     29.911     46.018  34.383754     2.5336      7.376   291.8410 1.2388e-01     7.1049      8.606     12.482    12.3532 0.0000e+00
      8.784      0.053     3.1888     29.933     46.018  34.383754     2.5191      7.377   291.9970 1.2387e-01     7.2201      8.614     12.493    12.3537 0.0000e+00
      8.794      0.061     3.1884     29.943     46.005  34.373368     2.5294      7.377   291.5240 1.2384e-01     7.2143      8.622     12.506    12.3543 0.0000e+00
      8.810      0.067     3.1930     29.952     46.021  34.385000     2.5174      7.377   291.1122 1.2380e-01     7.1723      8.635     12.525    12.3547 0.0000e+00
      8.835      0.069     3.1983     29.968     46.037  34.397573     2.4901      7.376   290.9767 1.2380e-01     7.0535      8.661     12.562    12.3553 0.0000e+00
      8.862      0.068     3.1999     29.982     46.037  34.398573     2.4737      7.376   290.7455 1.2383e-01     6.9386      8.696     12.611    12.3560 0.0000e+00
      8.882      0.066     3.2007     29.980     46.034  34.397094     2.4608      7.376   290.8976 1.2381e-01     6.9104      8.716     12.641    12.3558 0.0000e+00
      8.892      0.063     3.2013     29.980     46.010  34.379689     2.4260      7.375   291.2663 1.2377e-01     6.8836      8.720     12.647    12.3552 0.0000e+00
      8.900      0.063     3.2029     29.992     45.925  34.314949     2.3776      7.373   290.8154 1.2377e-01     6.8190      8.726     12.656    12.3558 0.0000e+00
      8.912      0.074     3.2063     30.001     45.751  34.184993     2.3496      7.371   289.8344 1.2382e-01     6.7781      8.737     12.673    12.3571 0.0000e+00
      8.929      0.097     3.2037     30.001     45.605  34.076561     2.3368      7.371   288.7831 1.2386e-01     6.7312      8.755     12.698    12.3581 0.0000e+00
      8.951      0.123     3.2037     30.000     45.609  34.081849     2.3652      7.370   287.7406 1.2384e-01     6.8336      8.775     12.728    12.3583 0.0000e+00
      8.983      0.142     3.2060     30.022     45.661  34.122112     2.4422      7.369   287.8121 1.2382e-01     7.1273      8.800     12.763    12.3576 0.0000e+00
      9.033      0.150     3.2071     30.115     45.656  34.119522     2.4858      7.368   288.7879 1.2386e-01     7.2767      8.853     12.840    12.3562 0.0000e+00
      9.093      0.146     3.2072     30.318     45.648  34.113947     2.4763      7.368   288.9557 1.2389e-01     7.2392      8.924     12.944    12.3567 0.0000e+00
      9.142      0.134     3.2054     30.620     45.653  34.118113     2.4688      7.368   288.1203 1.2383e-01     7.1857      8.975     13.018    12.3602 0.0000e+00
      9.167      0.114     3.2064     30.993     45.638  34.106483     2.4958      7.368   287.1190 1.2378e-01     7.1429      8.994     13.044    12.3625 0.0000e+00
      9.181      0.086     3.2132     31.397     45.630  34.100144     2.5272      7.368   286.9157 1.2384e-01     7.0974      9.000     13.054    12.3628 0.0000e+00
      9.196      0.059     3.2367     31.797     45.636  34.104883     2.5324      7.367   287.4690 1.2388e-01     7.0450      9.016     13.077    12.3636 0.0000e+00
      9.212      0.039     3.2694     32.160     45.629  34.100376     2.5251      7.365   287.7005 1.2382e-01     6.9874      9.037     13.107    12.3641 0.0000e+00
      9.222      0.028     3.3113     32.426     45.640  34.109052     2.5395      7.364   287.6490 1.2375e-01     6.9140      9.047     13.122    12.3635 0.0000e+00
      9.223      0.019     3.3561     32.581     45.690  34.146369     2.5808      7.364   287.5351 1.2375e-01     6.8414      9.044     13.118    12.3632 0.0000e+00
      9.222      0.010     3.3985     32.672     45.723  34.171133     2.6006      7.364   287.1837 1.2379e-01     6.7916      9.042     13.114    12.3634 0.0000e+00
      9.224      0.004     3.4416     32.747     45.702  34.154841     2.5958      7.363   287.1867 1.2381e-01     6.7560      9.045     13.120    12.3640 0.0000e+00
      9.225      0.001     3.4700     32.793     45.681  34.139603     2.5974      7.363   287.8289 1.2380e-01     6.6845      9.047     13.122    12.3644 0.0000e+00
      9.225     -0.003     3.4844     32.793     45.731  34.177116     2.5956      7.363   288.4090 1.2379e-01     6.5759      9.046     13.119    12.3645 0.0000e+00
      9.225     -0.008     3.4910     32.759     45.799  34.227957     2.5904      7.363   288.4368 1.2379e-01     6.5369      9.045     13.119    12.3643 0.0000e+00
      9.225     -0.014     3.5008     32.705     45.825  34.247060     2.5845      7.362   288.1654 1.2376e-01     6.5537      9.047     13.122    12.3642 0.0000e+00
      9.222     -0.020     3.5071     32.648     45.872  34.281269     2.5570      7.361   287.8804 1.2378e-01     6.5405      9.045     13.119    12.3643 0.0000e+00
      9.213     -0.023     3.5048     32.568     45.930  34.324530     2.5170      7.360   287.2275 1.2383e-01     6.5142      9.037     13.105    12.3644 0.0000e+00
      9.202     -0.023     3.5026     32.451     45.933  34.326272     2.5004      7.360   286.5524 1.2376e-01     6.5424      9.023     13.085    12.3646 0.0000e+00
      9.192     -0.021     3.4941     32.306     45.901  34.302324     2.5141      7.360   286.6867 1.2371e-01     6.6088      9.012     13.071    12.3644 0.0000e+00
      9.187     -0.016     3.4903     32.126     45.882  34.288616     2.5407      7.360   287.0447 1.2377e-01     6.5989      9.008     13.066    12.3634 0.0000e+00
      9.186     -0.010     3.4827     31.936     45.880  34.287355     2.5646      7.359   287.2673 1.2380e-01     6.5258      9.007     13.064    12.3627 0.0000e+00
      9.187     -0.005     3.4679     31.740     45.880  34.287071     2.5778      7.358   287.3998 1.2378e-01     6.4760      9.009     13.067    12.3626 0.0000e+00
      9.187     -0.001     3.4555     31.525     45.877  34.285188     2.5913      7.358   286.5813 1.2383e-01     6.4754      9.010     13.069    12.3629 0.0000e+00
      9.187      0.001     3.4329     31.329     45.849  34.264592     2.6288      7.358   285.3724 1.2390e-01     6.4841      9.010     13.068    12.3635 0.0000e+00
      9.187      0.002     3.4132     31.197     45.800  34.228262     2.6817      7.358   285.1734 1.2390e-01     6.4790      9.009     13.067    12.3636 0.0000e+00
      9.187      0.005     3.3937     31.131     45.798  34.226382     2.7071      7.358   285.4650 1.2385e-01     6.5161      9.009     13.067    12.3637 0.0000e+00
      9.187      0.012     3.3682     31.102     45.818  34.241855     2.7107      7.358   285.9728 1.2381e-01     6.5569      9.010     13.068    12.3636 0.0000e+00
      9.188      0.022     3.3456     31.116     45.796  34.225118     2.7175      7.357   286.8396 1.2386e-01     6.5280      9.010     13.068    12.3637 0.0000e+00
      9.193      0.032     3.3306     31.165     45.782  34.214241     2.7557      7.356   286.3941 1.2388e-01     6.4396      9.013     13.072    12.3641 0.0000e+00
      9.204      0.041     3.3269     31.240     45.814  34.237154     2.8224      7.355   284.6301 1.2379e-01     6.3423      9.023     13.088    12.3645 0.0000e+00
      9.220      0.049     3.3217     31.342     45.829  34.248522     2.8501      7.356   283.6656 1.2373e-01     6.3084      9.041     13.114    12.3648 0.0000e+00
      9.238      0.057     3.3239     31.433     45.798  34.224874     2.8568      7.357   283.7672 1.2378e-01     6.3368      9.061     13.142    12.3643 0.0000e+00
      9.252      0.063     3.3307     31.506     45.771  34.204865     2.8705      7.357   284.0519 1.2382e-01     6.4464      9.075     13.163    12.3634 0.0000e+00
      9.265      0.068     3.3363     31.581     45.761  34.196824     2.8745      7.356   283.4082 1.2383e-01     6.6085      9.084     13.176    12.3629 0.0000e+00
      9.281      0.070     3.3513     31.661     45.753  34.191056     2.8802      7.355   281.8347 1.2380e-01     6.6920      9.099     13.196    12.3623 0.0000e+00
      9.302      0.070     3.3601     31.739     45.763  34.198522     2.8812      7.354   280.8583 1.2380e-01     6.7387      9.121     13.230    12.3619 0.0000e+00
      9.326      0.066     3.3665     31.800     45.797  34.223688     2.8535      7.352   280.6358 1.2384e-01     6.7977      9.147     13.265    12.3618 0.0000e+00
      9.346      0.058     3.3756     31.844     45.821  34.241709     2.7945      7.352   280.6937 1.2379e-01     6.7905      9.167     13.295    12.3618 0.0000e+00
      9.361      0.048     3.3832     31.871     45.800  34.226184     2.7507      7.352   281.0423 1.2376e-01     6.7540      9.183     13.318    12.3621 0.0000e+00
      9.370      0.035     3.3934     31.884     45.800  34.226203     2.7407      7.352   281.2374 1.2388e-01     6.7323      9.192     13.331    12.3623 0.0000e+00
      9.374      0.024     3.3991     31.894     45.820  34.241937     2.7061      7.352   280.9869 1.2394e-01     6.5963      9.194     13.334    12.3616 0.0000e+00
      9.376      0.014     3.4040     31.907     45.798  34.226203     2.6399      7.352   280.5953 1.2384e-01     6.4079      9.194     13.335    12.3611 0.0000e+00
