Data/DataNotYetUploadedToEDI/Raw_CTD/RawDownloads/110822_bvr50_S7809002.cnv
* Sea-Bird SBE19plus  Data File:
* FileName = C:\R\Reservoirs\Data\DataNotYetUploadedToEDI\Raw_CTD\RawDownloads\110122_fcr50_S7809_0002.hex
* Software version 2.8.0.119
* Temperature SN = 7809
* Conductivity SN = 7809
* System UpLoad Time = Nov 18 2022 12:28:12
* <ApplicationData>
* <Seaterm232>
# nquan = 15
# nvalues = 1822                        
# units = specified
# name 0 = depFM: Depth [fresh water, m]
# name 1 = dz/dtM: Descent Rate [m/s]
# name 2 = sbeox0Mg/L: Oxygen, SBE 43 [mg/l]
# name 3 = sbeox0PS: Oxygen, SBE 43 [% saturation]
# name 4 = specc: Specific Conductance [uS/cm]
# name 5 = c0uS/cm: Conductivity [uS/cm]
# name 6 = flECO-AFL: Fluorescence, WET Labs ECO-AFL/FL [mg/m^3]
# name 7 = ph: pH
# name 8 = orp: Oxidation Reduction Potential [mV]
# name 9 = par/sat/log: PAR/Logarithmic, Satlantic
# name 10 = turbWETntu0: Turbidity, WET Labs ECO [NTU]
# name 11 = prdM: Pressure, Strain Gauge [db]
# name 12 = prdE: Pressure, Strain Gauge [psi]
# name 13 = tv290C: Temperature [ITS-90, deg C]
# name 14 = flag:  0.000e+00
# span 0 =     -0.593,      7.399       
# span 1 =     -0.287,      0.175       
# span 2 =     0.0473,     7.6243       
# span 3 =      0.447,     76.428       
# span 4 =      1.467,    104.731       
# span 5 =   1.135956,  75.995159       
# span 6 =    -0.5942,     4.8795       
# span 7 =     -2.023,     11.091       
# span 8 = -1236.0882,  1138.8826       
# span 9 = 1.2368e-01, 1.6702e+03       
# span 10 =    -3.1835,    25.5716      
# span 11 =     -0.582,      7.256      
# span 12 =     -0.845,     10.523      
# span 13 =    11.2492,    15.8733      
# span 14 = 0.0000e+00, 0.0000e+00      
# interval = seconds: 0.25
# start_time = Nov 08 2022 08:09:27 [Instrument's time stamp, header]
# bad_flag = -9.990e-29
*END*
[from data line 579]
      0.503      0.020     7.2485     73.227     36.547  29.849961     3.1131      7.993   245.1210 1.5716e+02     8.2060      0.492      0.713    15.8342 0.0000e+00
      0.509      0.023     7.2432     73.284     36.525  29.831614     3.1213      7.993   245.4904 1.5187e+02     8.1965      0.498      0.722    15.8342 0.0000e+00
      0.517      0.024     7.2460     73.343     36.515  29.824188     3.1189      7.992   245.5838 1.4437e+02     8.2322      0.507      0.736    15.8341 0.0000e+00
      0.527      0.023     7.2485     73.394     36.514  29.823564     3.1344      7.992   245.3897 1.4361e+02     8.2614      0.517      0.750    15.8341 0.0000e+00
      0.535      0.020     7.2513     73.440     36.515  29.824074     3.1666      7.992   245.2943 1.4580e+02     8.2426      0.527      0.764    15.8341 0.0000e+00
      0.539      0.016     7.2582     73.456     36.523  29.830346     3.1754      7.990   245.4636 1.3555e+02     8.2091      0.531      0.770    15.8340 0.0000e+00
      0.539      0.011     7.2648     73.425     36.530  29.836005     3.1754      7.988   245.6291 1.2829e+02     8.1988      0.529      0.766    15.8341 0.0000e+00
      0.539      0.007     7.2684     73.360     36.522  29.829108     3.2075      7.986   245.6616 1.3185e+02     8.1516      0.528      0.765    15.8341 0.0000e+00
      0.541      0.004     7.2750     73.287     36.499  29.810352     3.2639      7.985   245.7705 1.2891e+02     8.0827      0.532      0.770    15.8342 0.0000e+00
      0.543      0.002     7.2771     73.226     36.485  29.799402     3.2912      7.984   245.9133 1.2409e+02     8.0142      0.534      0.774    15.8340 0.0000e+00
      0.544      0.002     7.2735     73.183     36.515  29.823502     3.2887      7.983   245.8400 1.2033e+02     7.9390      0.534      0.774    15.8334 0.0000e+00
      0.544      0.001     7.2664     73.167     36.545  29.848169     3.2833      7.984   245.5722 1.1585e+02     7.9591      0.533      0.773    15.8330 0.0000e+00
      0.543     -0.001     7.2577     73.179     36.540  29.844073     3.2008      7.985   245.4281 1.1897e+02     8.0864      0.533      0.773    15.8330 0.0000e+00
      0.542     -0.001     7.2521     73.217     36.532  29.837366     3.0410      7.986   245.4751 1.2192e+02     8.1809      0.532      0.771    15.8336 0.0000e+00
      0.542     -0.001     7.2470     73.301     36.523  29.830469     2.9488      7.988   245.3657 1.2263e+02     8.1784      0.531      0.770    15.8340 0.0000e+00
      0.542      0.000     7.2455     73.410     36.515  29.824084     2.9340      7.990   245.0513 1.3529e+02     8.1589      0.532      0.771    15.8337 0.0000e+00
      0.542      0.000     7.2477     73.501     36.514  29.823555     2.9460      7.990   244.9438 1.4404e+02     8.1840      0.532      0.771    15.8334 0.0000e+00
      0.543      0.001     7.2492     73.564     36.515  29.824075     2.9774      7.990   245.1836 1.3425e+02     8.2428      0.532      0.772    15.8340 0.0000e+00
      0.543      0.001     7.2583     73.584     36.522  29.830368     2.9970      7.990   245.2839 1.2895e+02     8.2888      0.532      0.772    15.8345 0.0000e+00
      0.543      0.001     7.2722     73.574     36.529  29.836244     3.0001      7.991   245.2103 1.2861e+02     8.2618      0.532      0.771    15.8345 0.0000e+00
      0.544      0.001     7.2798     73.559     36.524  29.831738     3.0399      7.991   245.3263 1.3032e+02     8.1896      0.532      0.772    15.8345 0.0000e+00
      0.545      0.001     7.2877     73.542     36.533  29.839278     3.1279      7.991   245.3096 1.4059e+02     8.2026      0.534      0.775    15.8342 0.0000e+00
      0.545      0.000     7.2892     73.524     36.563  29.864011     3.1821      7.991   245.0086 1.4564e+02     8.2813      0.534      0.775    15.8343 0.0000e+00
      0.545     -0.001     7.2862     73.521     36.578  29.877209     3.1875      7.992   244.7845 1.5077e+02     8.2873      0.534      0.774    15.8346 0.0000e+00
      0.544     -0.001     7.2856     73.531     36.570  29.872069     3.1677      7.993   244.7500 1.5897e+02     8.2412      0.535      0.775    15.8349 0.0000e+00
      0.543     -0.001     7.2839     73.520     36.560  29.865267     3.1267      7.993   244.7635 1.5612e+02     8.2359      0.532      0.772    15.8351 0.0000e+00
      0.542     -0.001     7.2810     73.462     36.550  29.858352     3.1081      7.993   244.6904 1.5172e+02     8.2582      0.530      0.769    15.8353 0.0000e+00
      0.542      0.000     7.2803     73.387     36.542  29.851867     3.1257      7.993   244.5536 1.6077e+02     8.2714      0.531      0.770    15.8363 0.0000e+00
      0.543      0.001     7.2829     73.351     36.540  29.850242     3.1392      7.993   244.4002 1.7507e+02     8.2589      0.532      0.772    15.8387 0.0000e+00
      0.543      0.002     7.2825     73.366     36.526  29.838707     3.1141      7.993   244.3855 1.7277e+02     8.2436      0.533      0.772    15.8414 0.0000e+00
      0.544      0.002     7.2756     73.376     36.526  29.839179     3.0723      7.994   244.5477 1.5742e+02     8.2572      0.533      0.773    15.8426 0.0000e+00
      0.544      0.002     7.2652     73.361     36.546  29.855953     3.0576      7.994   244.6397 1.5868e+02     8.2525      0.534      0.774    15.8428 0.0000e+00
      0.544      0.002     7.2605     73.362     36.540  29.851342     3.0608      7.994   244.7239 1.7397e+02     8.2551      0.534      0.774    15.8425 0.0000e+00
      0.545      0.001     7.2656     73.374     36.534  29.846827     3.0859      7.993   244.7054 1.7093e+02     8.2544      0.535      0.776    15.8423 0.0000e+00
      0.546      0.001     7.2682     73.374     36.555  29.864747     3.1365      7.994   244.3301 1.5973e+02     8.2097      0.536      0.777    15.8424 0.0000e+00
      0.546      0.001     7.2627     73.369     36.571  29.877841     3.1735      7.995   243.8866 1.6011e+02     8.2267      0.535      0.776    15.8424 0.0000e+00
      0.546      0.001     7.2641     73.361     36.571  29.878351     3.1840      7.998   243.5582 1.6026e+02     8.2558      0.535      0.776    15.8425 0.0000e+00
      0.546      0.000     7.2669     73.357     36.562  29.870915     3.1629      7.999   243.3716 1.5911e+02     8.1855      0.536      0.777    15.8434 0.0000e+00
      0.546      0.000     7.2650     73.380     36.538  29.851331     3.1265      7.999   243.5229 1.7089e+02     8.1277      0.535      0.776    15.8446 0.0000e+00
      0.546      0.001     7.2651     73.431     36.514  29.831738     3.1113      7.997   243.8386 1.8093e+02     8.1725      0.536      0.777    15.8456 0.0000e+00
      0.546      0.002     7.2641     73.481     36.505  29.824193     3.1123      7.997   244.0056 1.7686e+02     8.2490      0.536      0.777    15.8459 0.0000e+00
      0.546      0.002     7.2625     73.514     36.505  29.823506     3.1125      7.996   244.1652 1.8116e+02     8.2668      0.536      0.777    15.8458 0.0000e+00
      0.547      0.002     7.2643     73.534     36.505  29.823436     3.1141      7.995   244.3919 1.8281e+02     8.2514      0.537      0.779    15.8457 0.0000e+00
      0.549      0.002     7.2712     73.531     36.505  29.823336     3.1150      7.994   244.4233 1.9983e+02     8.2328      0.538      0.781    15.8458 0.0000e+00
      0.549      0.002     7.2770     73.500     36.504  29.822296     3.1145      7.996   244.2862 2.1408e+02     8.2136      0.539      0.781    15.8455 0.0000e+00
      0.549      0.002     7.2793     73.431     36.491  29.810865     3.1176      7.996   244.1975 1.7893e+02     8.2239      0.539      0.781    15.8449 0.0000e+00
      0.550      0.002     7.2824     73.341     36.492  29.811915     3.1194      7.996   244.2111 1.5656e+02     8.2209      0.540      0.782    15.8445 0.0000e+00
      0.551      0.002     7.2818     73.278     36.521  29.834982     3.1190      7.996   244.2789 1.6275e+02     8.1759      0.541      0.784    15.8442 0.0000e+00
      0.551      0.002     7.2794     73.257     36.523  29.836196     3.1209      7.998   244.2426 1.7350e+02     8.1588      0.540      0.784    15.8440 0.0000e+00
      0.552      0.002     7.2728     73.269     36.511  29.826592     3.1255      7.999   244.2024 2.1223e+02     8.1856      0.541      0.785    15.8437 0.0000e+00
      0.552      0.002     7.2608     73.309     36.534  29.845651     3.1915      7.999   244.3945 2.4428e+02     8.2262      0.541      0.785    15.8434 0.0000e+00
      0.552      0.001     7.2547     73.375     36.571  29.876459     3.3200      7.999   244.5005 2.1908e+02     8.2397      0.541      0.785    15.8430 0.0000e+00
      0.552      0.001     7.2530     73.435     36.578  29.882119     3.3888      8.001   244.3664 1.9798e+02     8.1783      0.542      0.785    15.8428 0.0000e+00
      0.553      0.001     7.2544     73.470     36.540  29.850698     3.3984      8.003   244.4073 1.9606e+02     8.1671      0.542      0.786    15.8428 0.0000e+00
      0.553      0.000     7.2579     73.492     36.495  29.813513     3.4363      8.003   244.5648 1.7073e+02     8.2750      0.543      0.788    15.8427 0.0000e+00
      0.553      0.000     7.2660     73.500     36.494  29.812881     3.4896      8.003   244.5495 1.5819e+02     8.3553      0.543      0.787    15.8425 0.0000e+00
      0.553     -0.001     7.2736     73.518     36.531  29.843055     3.5102      8.003   244.3948 1.5799e+02     8.3526      0.542      0.785    15.8426 0.0000e+00
      0.553     -0.002     7.2744     73.548     36.553  29.861374     3.5106      8.004   244.0715 1.5804e+02     8.3452      0.542      0.786    15.8426 0.0000e+00
      0.553     -0.002     7.2792     73.561     36.533  29.844188     3.4773      8.005   243.8238 1.7422e+02     8.3345      0.542      0.786    15.8423 0.0000e+00
      0.552     -0.001     7.2775     73.557     36.510  29.825444     3.4076      8.007   243.8940 1.8788e+02     8.2575      0.541      0.785    15.8421 0.0000e+00
      0.551      0.000     7.2792     73.545     36.510  29.824924     3.3577      8.007   243.8877 1.9133e+02     8.1650      0.540      0.783    15.8424 0.0000e+00
      0.551      0.000     7.2845     73.529     36.525  29.837904     3.3319      8.007   243.6617 1.9189e+02     8.1724      0.539      0.782    15.8424 0.0000e+00
      0.552      0.001     7.2844     73.513     36.546  29.855599     3.3375      8.007   243.6570 1.8382e+02     8.2449      0.540      0.784    15.8421 0.0000e+00
      0.553      0.003     7.2846     73.486     36.538  29.848692     3.3751      8.007   243.9173 1.6820e+02     8.2898      0.542      0.786    15.8419 0.0000e+00
      0.553      0.003     7.2828     73.440     36.500  29.817791     3.4049      8.006   244.0553 1.6348e+02     8.2709      0.543      0.787    15.8418 0.0000e+00
      0.554      0.003     7.2810     73.393     36.477  29.798940     3.4149      8.006   244.0358 2.2508e+02     8.1877      0.542      0.786    15.8420 0.0000e+00
      0.555      0.002     7.2797     73.356     36.492  29.810938     3.4292      8.008   243.9396 2.8237e+02     8.1712      0.544      0.789    15.8425 0.0000e+00
      0.556      0.001     7.2782     73.326     36.523  29.836077     3.4612      8.010   243.7522 2.8290e+02     8.2430      0.547      0.793    15.8427 0.0000e+00
      0.556      0.000     7.2721     73.301     36.539  29.849322     3.4765      8.011   243.7484 2.8270e+02     8.2365      0.546      0.791    15.8425 0.0000e+00
      0.555      0.000     7.2675     73.289     36.534  29.844290     3.4727      8.010   243.8940 2.3110e+02     8.1603      0.544      0.788    15.8424 0.0000e+00
      0.555     -0.001     7.2634     73.304     36.527  29.838632     3.4661      8.007   243.7925 1.8210e+02     8.1423      0.544      0.789    15.8424 0.0000e+00
      0.555     -0.001     7.2612     73.342     36.534  29.844301     3.4044      8.002   243.7252 1.8195e+02     8.1543      0.543      0.788    15.8422 0.0000e+00
      0.555     -0.001     7.2585     73.392     36.541  29.849441     3.3018      7.997   244.1130 1.8567e+02     8.1004      0.544      0.789    15.8421 0.0000e+00
      0.554      0.000     7.2561     73.451     36.526  29.837385     3.2401      7.992   244.5227 1.8432e+02     8.0036      0.544      0.788    15.8418 0.0000e+00
      0.554      0.000     7.2584     73.511     36.511  29.825330     3.2158      7.990   244.5501 1.6463e+02     7.9396      0.542      0.786    15.8412 0.0000e+00
      0.554      0.000     7.2623     73.545     36.517  29.830470     3.1917      7.991   244.6157 1.6179e+02     7.9762      0.543      0.787    15.8408 0.0000e+00
      0.555      0.001     7.2678     73.560     36.524  29.836129     3.1648      7.992   244.8860 1.7423e+02     8.1042      0.545      0.790    15.8405 0.0000e+00
      0.555      0.001     7.2732     73.594     36.518  29.830357     3.1564      7.992   244.9787 1.6708e+02     8.2236      0.545      0.790    15.8404 0.0000e+00
      0.555      0.001     7.2808     73.625     36.511  29.824075     3.1577      7.993   244.8764 1.7588e+02     8.2581      0.544      0.788    15.8406 0.0000e+00
      0.555      0.000     7.2845     73.624     36.511  29.823564     3.1384      7.995   244.6808 2.0014e+02     8.2145      0.544      0.788    15.8405 0.0000e+00
      0.556      0.000     7.2825     73.603     36.512  29.824187     3.1146      7.999   244.3346 2.0181e+02     8.2090      0.546      0.791    15.8401 0.0000e+00
      0.556      0.001     7.2881     73.554     36.521  29.831602     3.1109      8.001   243.9604 2.0838e+02     8.2600      0.545      0.790    15.8390 0.0000e+00
      0.555      0.002     7.2937     73.481     36.544  29.849826     3.1194      8.006   243.5120 2.2426e+02     8.2841      0.544      0.789    15.8377 0.0000e+00
      0.555      0.005     7.2910     73.416     36.551  29.854342     3.1264      8.012   242.9568 2.3681e+02     8.2616      0.545      0.790    15.8376 0.0000e+00
      0.556      0.009     7.2905     73.364     36.513  29.822817     3.1360      8.019   242.7537 2.2988e+02     8.2265      0.545      0.790    15.8378 0.0000e+00
      0.557      0.016     7.2858     73.310     36.467  29.785623     3.1528      8.026   242.9492 2.0017e+02     8.2015      0.546      0.792    15.8374 0.0000e+00
      0.561      0.024     7.2765     73.272     36.467  29.784999     3.1712      8.032   243.1697 1.9568e+02     8.1979      0.549      0.796    15.8366 0.0000e+00
      0.567      0.031     7.2704     73.281     36.504  29.815278     3.2750      8.037   243.2687 2.0533e+02     8.2176      0.554      0.804    15.8356 0.0000e+00
      0.578      0.037     7.2665     73.331     36.528  29.834758     3.4677      8.039   243.2866 2.0516e+02     8.2006      0.566      0.821    15.8350 0.0000e+00
      0.591      0.042     7.2604     73.395     36.523  29.830345     3.5701      8.040   243.4719 1.9566e+02     8.1635      0.581      0.842    15.8350 0.0000e+00
      0.605      0.044     7.2545     73.449     36.518  29.825305     3.5801      8.040   243.8739 1.7188e+02     8.1784      0.594      0.861    15.8346 0.0000e+00
      0.617      0.043     7.2565     73.490     36.534  29.837214     3.5886      8.039   244.1899 1.6952e+02     8.2095      0.605      0.879    15.8343 0.0000e+00
      0.628      0.038     7.2622     73.522     36.549  29.847546     3.6152      8.036   244.3672 1.8064e+02     8.1990      0.615      0.893    15.8345 0.0000e+00
      0.638      0.032     7.2697     73.537     36.520  29.823442     3.6692      8.033   244.5545 1.6549e+02     8.1880      0.626      0.908    15.8344 0.0000e+00
      0.646      0.024     7.2754     73.547     36.491  29.799342     3.6915      8.029   244.5615 1.7127e+02     8.2135      0.636      0.922    15.8332 0.0000e+00
