Data/DataNotYetUploadedToEDI/Raw_CTD/RawDownloads/110822_fcr50_S8188003.cnv
* Sea-Bird SBE19plus  Data File:
* FileName = C:\R\Reservoirs\Data\DataNotYetUploadedToEDI\Raw_CTD\RawDownloads\110122_fcr50_S8188_0003.hex
* Software version 2.8.0.119
* Temperature SN = 8188
* Conductivity SN = 8188
* System UpLoad Time = Nov 18 2022 12:45:04
* <ApplicationData>
* <Seaterm232>
# nquan = 16
# nvalues = 1913                        
# units = specified
# name 0 = depFM: Depth [fresh water, m]
# name 1 = dz/dtM: Descent Rate [m/s]
# name 2 = sbeox0Mg/L: Oxygen, SBE 43 [mg/l]
# name 3 = sbeox0PS: Oxygen, SBE 43 [% saturation]
# name 4 = specc: Specific Conductance [uS/cm]
# name 5 = c0uS/cm: Conductivity [uS/cm]
# name 6 = wetCDOM: Fluorescence, WET Labs CDOM [mg/m^3]
# name 7 = flECO-AFL: Fluorescence, WET Labs ECO-AFL/FL [mg/m^3]
# name 8 = flECO-AFL1: Fluorescence, WET Labs ECO-AFL/FL, 2 [mg/m^3]
# name 9 = flECO-AFL2: Fluorescence, WET Labs ECO-AFL/FL, 3 [mg/m^3]
# name 10 = par/sat/log: PAR/Logarithmic, Satlantic
# name 11 = turbWETntu0: Turbidity, WET Labs ECO [NTU]
# name 12 = prdM: Pressure, Strain Gauge [db]
# name 13 = prdE: Pressure, Strain Gauge [psi]
# name 14 = tv290C: Temperature [ITS-90, deg C]
# name 15 = flag:  0.000e+00
# span 0 =     -0.513,      9.390       
# span 1 =     -0.247,      0.117       
# span 2 =     4.0477,    11.0758       
# span 3 =     37.864,    111.622       
# span 4 =      0.682,     46.363       
# span 5 =   0.536469,  34.637930       
# span 6 =   -12.6900,    14.1300       
# span 7 =    -0.5008,   245.2038       
# span 8 =    -4.3026,     2.0022       
# span 9 =    -2.9187,    10.1520       
# span 10 = 1.1590e-01, 1.9680e+03      
# span 11 =    -8.7200,   966.3751      
# span 12 =     -0.503,      9.209      
# span 13 =     -0.730,     13.356      
# span 14 =    12.3495,    15.7477      
# span 15 = 0.0000e+00, 0.0000e+00      
# interval = seconds: 0.25
# start_time = Nov 08 2022 10:25:07 [Instrument's time stamp, header]
# bad_flag = -9.990e-29
*END*
[from data line 1085]
      4.652      0.047     5.3071     49.763     45.245  33.847550     4.5000     2.5014     0.0852     0.2961 2.7063e+00     3.0937      4.562      6.616    12.4067 0.0000e+00
      4.663      0.045     5.3112     49.746     45.248  33.849707     4.5000     2.5091     0.0852     0.2961 2.7222e+00     3.2139      4.573      6.632    12.4048 0.0000e+00
      4.674      0.044     5.3135     49.722     45.234  33.838569     4.5000     2.3794     0.0852     0.2961 2.7075e+00     3.2891      4.584      6.648    12.4034 0.0000e+00
      4.685      0.043     5.3142     49.696     45.214  33.823048     4.5000     2.3870     0.0852     0.2961 2.6864e+00     3.2740      4.594      6.664    12.4025 0.0000e+00
      4.696      0.043     5.3137     49.669     45.203  33.814847     4.5000     2.4022     0.0852     0.2538 2.6343e+00     3.2139      4.605      6.679    12.4020 0.0000e+00
      4.707      0.043     5.3119     49.643     45.205  33.815742     4.5000     2.4022     0.0852     0.2538 2.5833e+00     3.2740      4.616      6.695    12.4016 0.0000e+00
      4.718      0.043     5.3094     49.617     45.214  33.822009     4.5000     2.5091     0.0852     0.2538 2.5833e+00     3.2440      4.627      6.710    12.4011 0.0000e+00
      4.728      0.043     5.3067     49.585     45.221  33.827399     4.5000     2.5243     0.0852     0.2538 2.5671e+00     3.1688      4.637      6.725    12.4005 0.0000e+00
      4.738      0.045     5.3039     49.544     45.225  33.829388     4.5900     2.4938     0.0426     0.3384 2.6121e+00     3.1989      4.647      6.740    12.4000 0.0000e+00
      4.749      0.047     5.3012     49.496     45.229  33.832467     4.5900     2.5091     0.0426     0.3384 2.5643e+00     3.1838      4.658      6.756    12.3996 0.0000e+00
      4.761      0.049     5.2984     49.442     45.242  33.841418     4.5900     2.4480     0.0426     0.3384 2.4961e+00     3.3943      4.670      6.773    12.3993 0.0000e+00
      4.774      0.052     5.2951     49.385     45.255  33.850706     4.5900     2.4595     0.0426     0.3384 2.4219e+00     3.3492      4.683      6.792    12.3989 0.0000e+00
      4.788      0.054     5.2907     49.329     45.261  33.854886     4.5900     2.4328     0.0426     0.3384 2.3869e+00     3.4394      4.696      6.812    12.3984 0.0000e+00
      4.803      0.056     5.2856     49.278     45.266  33.859034     4.5000     2.4366     0.0852     0.4230 2.3616e+00     3.3792      4.711      6.832    12.3979 0.0000e+00
      4.818      0.056     5.2799     49.234     45.274  33.864256     4.5000     2.4404     0.0852     0.4230 2.3371e+00     3.4995      4.725      6.853    12.3975 0.0000e+00
      4.832      0.056     5.2738     49.204     45.279  33.867984     4.5000     2.4442     0.0852     0.4230 2.2646e+00     3.4845      4.739      6.874    12.3972 0.0000e+00
      4.847      0.054     5.2679     49.188     45.289  33.875172     4.5000     2.4442     0.0852     0.4230 2.1834e+00     3.3943      4.753      6.894    12.3970 0.0000e+00
      4.861      0.052     5.2625     49.179     45.300  33.883777     4.5900     2.4709     0.0426     0.2961 2.1267e+00     3.4995      4.767      6.915    12.3968 0.0000e+00
      4.874      0.050     5.2578     49.170     45.300  33.884211     4.5900     2.5777     0.0426     0.2961 2.1120e+00     3.4243      4.780      6.933    12.3966 0.0000e+00
      4.886      0.047     5.2546     49.158     45.290  33.876589     4.5900     2.5854     0.0426     0.2961 2.1079e+00     3.5295      4.792      6.950    12.3964 0.0000e+00
      4.897      0.046     5.2529     49.141     45.282  33.870761     4.5900     2.5854     0.0426     0.2961 2.1047e+00     3.4694      4.802      6.966    12.3963 0.0000e+00
      4.908      0.044     5.2519     49.121     45.286  33.873096     4.5900     2.5777     0.0852     0.4230 2.1028e+00     3.4093      4.813      6.981    12.3964 0.0000e+00
      4.919      0.043     5.2510     49.100     45.296  33.880254     4.5900     2.5434     0.0852     0.4230 2.0707e+00     3.4394      4.824      6.996    12.3966 0.0000e+00
      4.930      0.042     5.2497     49.080     45.309  33.890185     4.5900     2.5091     0.0852     0.4230 2.0003e+00     3.5295      4.835      7.012    12.3967 0.0000e+00
      4.941      0.040     5.2479     49.061     45.320  33.897613     4.5900     2.5167     0.0852     0.4230 1.9548e+00     3.4845      4.846      7.028    12.3966 0.0000e+00
      4.952      0.038     5.2458     49.041     45.318  33.896599     4.5900     2.5319     0.0852     0.3384 1.9003e+00     3.4544      4.856      7.044    12.3963 0.0000e+00
      4.962      0.036     5.2436     49.022     45.310  33.890832     4.5900     2.5014     0.0852     0.3384 1.8700e+00     3.4093      4.866      7.058    12.3959 0.0000e+00
      4.970      0.033     5.2415     49.006     45.299  33.882737     4.5900     2.4900     0.0852     0.3384 1.8847e+00     3.5446      4.874      7.070    12.3956 0.0000e+00
      4.978      0.031     5.2395     48.992     45.282  33.870154     4.5900     2.4976     0.0852     0.3384 1.9157e+00     3.5145      4.882      7.081    12.3954 0.0000e+00
      4.985      0.030     5.2373     48.979     45.260  33.853688     4.5900     2.5281     0.0852     0.3384 1.8892e+00     3.5295      4.889      7.091    12.3953 0.0000e+00
      4.992      0.029     5.2353     48.969     45.243  33.840831     4.5900     2.3450     0.0852     0.3807 1.9132e+00     3.1688      4.895      7.101    12.3954 0.0000e+00
      4.999      0.029     5.2336     48.964     45.237  33.836077     4.5900     2.3527     0.0852     0.3807 1.8583e+00     3.1989      4.902      7.111    12.3956 0.0000e+00
      5.007      0.030     5.2320     48.964     45.240  33.838157     4.5900     2.3374     0.0852     0.3807 1.8386e+00     3.1688      4.910      7.121    12.3958 0.0000e+00
      5.015      0.031     5.2306     48.970     45.253  33.847626     4.5900     2.3336     0.0852     0.3807 1.7839e+00     3.1688      4.918      7.133    12.3959 0.0000e+00
      5.023      0.032     5.2296     48.983     45.269  33.859087     4.5900     2.3984     0.0426     0.2538 1.7928e+00     3.4093      4.926      7.144    12.3959 0.0000e+00
      5.031      0.034     5.2290     49.001     45.275  33.863715     4.5900     2.3946     0.0426     0.2538 1.8338e+00     3.4694      4.934      7.156    12.3958 0.0000e+00
      5.040      0.035     5.2290     49.023     45.279  33.866704     4.5900     2.3946     0.0426     0.2538 1.7823e+00     3.4995      4.942      7.168    12.3958 0.0000e+00
      5.049      0.036     5.2298     49.048     45.287  33.872813     4.5900     2.3946     0.0426     0.2538 1.7418e+00     3.4394      4.951      7.181    12.3957 0.0000e+00
      5.059      0.037     5.2311     49.074     45.286  33.871786     4.5900     2.4022     0.0852     0.3384 1.6525e+00     3.3943      4.961      7.195    12.3956 0.0000e+00
      5.069      0.037     5.2331     49.102     45.280  33.867313     4.5900     2.3870     0.0852     0.3384 1.6768e+00     3.3943      4.971      7.210    12.3954 0.0000e+00
      5.078      0.037     5.2355     49.133     45.284  33.870081     4.5900     2.3870     0.0852     0.3384 1.6739e+00     3.5295      4.980      7.223    12.3952 0.0000e+00
      5.087      0.036     5.2382     49.159     45.293  33.876869     4.5900     2.3946     0.0852     0.3384 1.6550e+00     3.3943      4.989      7.236    12.3950 0.0000e+00
      5.096      0.035     5.2409     49.177     45.305  33.885525     4.5000     2.0818     0.0426     0.3384 1.6482e+00     3.4394      4.998      7.249    12.3949 0.0000e+00
      5.105      0.034     5.2440     49.187     45.312  33.890438     4.5000     2.0704     0.0426     0.3384 1.6027e+00     3.3642      5.006      7.261    12.3948 0.0000e+00
      5.114      0.034     5.2473     49.184     45.310  33.888955     4.5000     2.0894     0.0426     0.3384 1.5902e+00     3.3943      5.015      7.274    12.3946 0.0000e+00
      5.122      0.034     5.2500     49.159     45.315  33.892563     4.5000     2.0856     0.0426     0.3384 1.5757e+00     3.3642      5.023      7.286    12.3944 0.0000e+00
      5.131      0.034     5.2520     49.108     45.323  33.898265     4.5000     2.1695     0.0426     0.3384 1.5816e+00     3.4694      5.031      7.298    12.3942 0.0000e+00
      5.139      0.034     5.2531     49.029     45.314  33.891738     4.5000     2.1581     0.0852     0.3384 1.5871e+00     3.4694      5.040      7.310    12.3940 0.0000e+00
      5.148      0.034     5.2528     48.927     45.302  33.883122     4.5000     2.1428     0.0852     0.3384 1.5563e+00     3.4093      5.048      7.322    12.3939 0.0000e+00
      5.157      0.033     5.2502     48.809     45.306  33.885964     4.5000     2.1657     0.0852     0.3384 1.4856e+00     3.4544      5.058      7.336    12.3938 0.0000e+00
      5.167      0.032     5.2447     48.686     45.315  33.893100     4.5000     2.1428     0.0852     0.3384 1.4321e+00     3.6949      5.067      7.349    12.3938 0.0000e+00
      5.175      0.030     5.2363     48.560     45.316  33.894550     4.5900     2.1428     0.0426     0.2961 1.4889e+00     3.6949      5.075      7.361    12.3937 0.0000e+00
      5.183      0.027     5.2253     48.438     45.310  33.890702     4.5900     2.1352     0.0426     0.2961 1.4680e+00     3.6798      5.082      7.371    12.3938 0.0000e+00
      5.189      0.024     5.2127     48.337     45.306  33.888451     4.5900     2.1619     0.0426     0.2961 1.4676e+00     3.6498      5.088      7.380    12.3940 0.0000e+00
      5.194      0.022     5.1995     48.267     45.304  33.887197     4.5900     2.0284     0.0426     0.2961 1.4805e+00     3.4694      5.093      7.387    12.3944 0.0000e+00
      5.199      0.020     5.1860     48.227     45.302  33.886606     4.5900     2.0284     0.0852     0.2961 1.4626e+00     3.4394      5.098      7.394    12.3951 0.0000e+00
      5.204      0.019     5.1729     48.212     45.301  33.886519     4.5900     1.9941     0.0852     0.2961 1.4240e+00     3.3041      5.103      7.401    12.3958 0.0000e+00
      5.208      0.018     5.1620     48.215     45.295  33.882952     4.5900     2.0208     0.0852     0.2961 1.4380e+00     3.4243      5.107      7.408    12.3966 0.0000e+00
      5.213      0.017     5.1545     48.234     45.294  33.882876     4.5900     2.0856     0.0852     0.2961 1.3982e+00     3.3642      5.112      7.414    12.3973 0.0000e+00
      5.217      0.016     5.1501     48.271     45.303  33.890232     4.5900     2.1161     0.0852     0.2961 1.3837e+00     3.4995      5.116      7.420    12.3981 0.0000e+00
      5.221      0.015     5.1484     48.319     45.308  33.895099     4.5000     2.1657     0.0852     0.2538 1.3780e+00     3.5295      5.120      7.426    12.3988 0.0000e+00
      5.225      0.014     5.1486     48.368     45.307  33.894814     4.5000     2.1352     0.0852     0.2538 1.4052e+00     3.5596      5.124      7.432    12.3994 0.0000e+00
      5.228      0.013     5.1506     48.416     45.308  33.897222     4.5000     2.1428     0.0852     0.2538 1.4308e+00     3.4544      5.127      7.436    12.4000 0.0000e+00
      5.231      0.013     5.1544     48.464     45.314  33.902967     4.5000     2.3221     0.0852     0.2538 1.3605e+00     3.3642      5.130      7.441    12.4008 0.0000e+00
      5.234      0.013     5.1594     48.509     45.321  33.909618     4.5000     2.3069     0.0852     0.2961 1.3891e+00     3.3943      5.133      7.445    12.4018 0.0000e+00
      5.238      0.013     5.1646     48.540     45.322  33.911028     4.5000     2.3298     0.0852     0.2961 1.3789e+00     3.4544      5.136      7.449    12.4030 0.0000e+00
      5.241      0.014     5.1695     48.555     45.307  33.899651     4.5000     2.3069     0.0852     0.2961 1.4107e+00     3.3342      5.139      7.454    12.4043 0.0000e+00
      5.245      0.015     5.1745     48.555     45.288  33.884336     4.5000     2.4595     0.0852     0.2961 1.3608e+00     3.3342      5.143      7.459    12.4057 0.0000e+00
      5.249      0.017     5.1791     48.549     45.280  33.876842     4.5000     2.4556     0.0852     0.2115 1.3813e+00     3.4694      5.147      7.465    12.4070 0.0000e+00
      5.253      0.018     5.1825     48.541     45.279  33.875171     4.5000     2.4442     0.0852     0.2115 1.3637e+00     3.4093      5.151      7.471    12.4078 0.0000e+00
      5.258      0.020     5.1840     48.527     45.281  33.874916     4.5000     2.4175     0.0852     0.2115 1.3756e+00     3.4544      5.156      7.478    12.4077 0.0000e+00
      5.263      0.022     5.1842     48.504     45.289  33.879970     4.5000     2.6082     0.0852     0.2115 1.3388e+00     3.4995      5.161      7.485    12.4068 0.0000e+00
      5.269      0.024     5.1837     48.476     45.305  33.891681     4.5900     2.6502     0.0852     0.3807 1.3012e+00     3.3943      5.167      7.494    12.4053 0.0000e+00
      5.275      0.027     5.1830     48.448     45.324  33.905249     4.5900     2.6082     0.0852     0.3807 1.3177e+00     3.3492      5.173      7.503    12.4038 0.0000e+00
      5.282      0.029     5.1817     48.422     45.340  33.916372     4.5900     2.6426     0.0852     0.3807 1.3370e+00     3.4544      5.180      7.513    12.4025 0.0000e+00
      5.290      0.030     5.1793     48.402     45.346  33.920094     4.5900     2.1505     0.0852     0.3807 1.2647e+00     3.3792      5.187      7.524    12.4016 0.0000e+00
      5.298      0.032     5.1764     48.389     45.343  33.917407     4.5900     2.1238     0.0852     0.3807 1.2445e+00     3.3492      5.195      7.535    12.4009 0.0000e+00
      5.306      0.032     5.1735     48.384     45.341  33.915516     4.5900     2.1505     0.0852     0.3384 1.2821e+00     3.4394      5.203      7.547    12.4001 0.0000e+00
      5.315      0.032     5.1708     48.382     45.340  33.913917     4.5900     2.1428     0.0852     0.3384 1.2771e+00     3.4544      5.212      7.559    12.3993 0.0000e+00
      5.323      0.032     5.1687     48.380     45.332  33.908223     4.5900     2.1428     0.0852     0.3384 1.2162e+00     3.5295      5.220      7.572    12.3986 0.0000e+00
      5.332      0.030     5.1674     48.374     45.327  33.904837     4.5900     2.1505     0.0852     0.3384 1.1718e+00     3.4394      5.229      7.584    12.3979 0.0000e+00
      5.340      0.028     5.1670     48.358     45.335  33.910778     4.5900     2.1314     0.0852     0.2961 1.1918e+00     3.4995      5.236      7.595    12.3971 0.0000e+00
      5.346      0.026     5.1668     48.330     45.346  33.919709     4.5900     2.1238     0.0852     0.2961 1.2135e+00     3.4243      5.243      7.604    12.3965 0.0000e+00
      5.352      0.025     5.1667     48.290     45.355  33.926090     4.5900     2.1657     0.0852     0.2961 1.1955e+00     3.4544      5.249      7.613    12.3965 0.0000e+00
      5.358      0.024     5.1660     48.242     45.362  33.931621     4.5900     2.1276     0.0852     0.2961 1.2077e+00     3.4845      5.254      7.621    12.3968 0.0000e+00
      5.363      0.024     5.1642     48.202     45.366  33.933819     4.5900     2.1352     0.0426     0.3807 1.1726e+00     3.3943      5.260      7.629    12.3972 0.0000e+00
      5.369      0.026     5.1612     48.175     45.366  33.933267     4.5900     2.1352     0.0426     0.3807 1.2394e+00     3.4694      5.266      7.637    12.3975 0.0000e+00
      5.375      0.027     5.1568     48.162     45.368  33.933780     4.5900     2.0665     0.0426     0.3807 1.2051e+00     3.7550      5.272      7.646    12.3976 0.0000e+00
      5.383      0.029     5.1518     48.165     45.367  33.931535     4.5900     2.0665     0.0426     0.3807 1.1741e+00     3.6348      5.279      7.656    12.3977 0.0000e+00
      5.391      0.031     5.1474     48.182     45.361  33.925931     4.5900     2.0665     0.0852     0.3384 1.1576e+00     3.7400      5.287      7.668    12.3973 0.0000e+00
