Data/DataNotYetUploadedToEDI/Raw_CTD/RawDownloads/110822_fcr50_S7809003.cnv
* Sea-Bird SBE19plus  Data File:
* FileName = C:\R\Reservoirs\Data\DataNotYetUploadedToEDI\Raw_CTD\RawDownloads\110122_fcr50_S7809_0003.hex
* Software version 2.8.0.119
* Temperature SN = 7809
* Conductivity SN = 7809
* System UpLoad Time = Nov 18 2022 12:29:03
* <ApplicationData>
* <Seaterm232>
# nquan = 15
# nvalues = 1966                        
# units = specified
# name 0 = depFM: Depth [fresh water, m]
# name 1 = dz/dtM: Descent Rate [m/s]
# name 2 = sbeox0Mg/L: Oxygen, SBE 43 [mg/l]
# name 3 = sbeox0PS: Oxygen, SBE 43 [% saturation]
# name 4 = specc: Specific Conductance [uS/cm]
# name 5 = c0uS/cm: Conductivity [uS/cm]
# name 6 = flECO-AFL: Fluorescence, WET Labs ECO-AFL/FL [mg/m^3]
# name 7 = ph: pH
# name 8 = orp: Oxidation Reduction Potential [mV]
# name 9 = par/sat/log: PAR/Logarithmic, Satlantic
# name 10 = turbWETntu0: Turbidity, WET Labs ECO [NTU]
# name 11 = prdM: Pressure, Strain Gauge [db]
# name 12 = prdE: Pressure, Strain Gauge [psi]
# name 13 = tv290C: Temperature [ITS-90, deg C]
# name 14 = flag:  0.000e+00
# span 0 =     -0.517,      9.384       
# span 1 =     -0.227,      0.669       
# span 2 =     3.1332,     8.1623       
# span 3 =     29.326,     82.113       
# span 4 =      0.258,     46.117       
# span 5 =   0.203881,  34.452014       
# span 6 =    -1.5703,    14.4852       
# span 7 =     -1.865,      8.244       
# span 8 = -1240.6894,  1240.2295       
# span 9 = 1.2367e-01, 1.9115e+03       
# span 10 =    -5.8437,   279.9435      
# span 11 =     -0.507,      9.203      
# span 12 =     -0.735,     13.348      
# span 13 =    12.3496,    15.7255      
# span 14 = 0.0000e+00, 0.0000e+00      
# interval = seconds: 0.25
# start_time = Nov 08 2022 10:12:20 [Instrument's time stamp, header]
# bad_flag = -9.990e-29
*END*
[from data line 1639]
      9.379      0.006     3.4078     31.931     45.819  34.241707     2.6101      7.351   280.2973 1.2372e-01     6.3020      9.198     13.340    12.3616 0.0000e+00
      9.380      0.005     3.4081     31.972     45.795  34.223677     2.6838      7.352   280.2631 1.2369e-01     6.4117      9.199     13.342    12.3625 0.0000e+00
      9.382      0.004     3.4108     31.991     45.761  34.198405     2.8158      7.352   280.7353 1.2372e-01     6.6689      9.201     13.344    12.3631 0.0000e+00
      9.382      0.003     3.4108     31.978     45.749  34.189771     2.8825      7.351   281.3598 1.2378e-01     6.8163      9.201     13.345    12.3632 0.0000e+00
      9.383      0.002     3.4100     31.962     45.739  34.182699     2.8823      7.350   281.1034 1.2381e-01     6.8269      9.202     13.346    12.3633 0.0000e+00
      9.384      0.002     3.4191     31.943     45.730  34.176307     2.8716      7.350   280.6465 1.2378e-01     6.7632      9.202     13.347    12.3632 0.0000e+00
      9.384      0.001     3.4205     31.923     45.729  34.175896     2.9119      7.350   280.4813 1.2377e-01     6.6949      9.203     13.347    12.3633 0.0000e+00
      9.384      0.000     3.4168     31.910     45.732  34.177724     3.0117      7.350   280.3113 1.2381e-01     6.6505      9.202     13.347    12.3634 0.0000e+00
      9.384 -7.149e-07     3.4163     31.899     45.759  34.198418     3.0703      7.351   280.9138 1.2381e-01     6.6019      9.202     13.347    12.3640 0.0000e+00
      9.384      0.000     3.4135     31.886     45.809  34.235877     3.0715      7.351   282.0871 1.2374e-01     6.5512      9.203     13.348    12.3644 0.0000e+00
      9.384      0.000     3.4114     31.887     45.828  34.250185     3.0592      7.350   282.3661 1.2369e-01     6.5155      9.202     13.347    12.3646 0.0000e+00
      9.384     -0.001     3.4099     31.902     45.821  34.244602     3.0547      7.349   281.7066 1.2376e-01     6.5468      9.202     13.347    12.3648 0.0000e+00
      9.384     -0.006     3.4098     31.924     45.803  34.231778     3.0592      7.349   281.0812 1.2381e-01     6.5881      9.202     13.347    12.3649 0.0000e+00
      9.384     -0.018     3.4066     31.959     45.790  34.221953     3.0387      7.349   281.0855 1.2375e-01     6.5696      9.203     13.347    12.3648 0.0000e+00
      9.383     -0.042     3.4071     31.975     45.832  34.252614     2.8647      7.348   282.2750 1.2378e-01     6.5282      9.202     13.347    12.3650 0.0000e+00
      9.379     -0.077     3.4098     31.959     45.877  34.285461     2.5697      7.346   284.1916 1.2386e-01     6.5319      9.201     13.345    12.3651 0.0000e+00
      9.365     -0.115     3.4101     31.936     45.901  34.302064     2.4187      7.345   285.3311 1.2389e-01     6.5806      9.191     13.331    12.3653 0.0000e+00
      9.330     -0.151     3.4164     31.926     45.933  34.326545     2.4124      7.344   285.6415 1.2390e-01     6.6042      9.159     13.284    12.3654 0.0000e+00
      9.273     -0.180     3.4188     31.896     45.933  34.327826     2.4353      7.344   285.8801 1.2387e-01     6.5789      9.098     13.195    12.3650 0.0000e+00
      9.206     -0.200     3.4157     31.819     45.919  34.317558     2.4789      7.343   286.7526 1.2381e-01     6.5475      9.024     13.088    12.3631 0.0000e+00
      9.145     -0.209     3.4118     31.707     45.935  34.329211     2.5074      7.340   288.1033 1.2381e-01     6.5660      8.964     13.001    12.3619 0.0000e+00
      9.095     -0.207     3.4128     31.564     45.953  34.341902     2.5211      7.339   288.7888 1.2384e-01     6.5980      8.918     12.933    12.3633 0.0000e+00
      9.049     -0.199     3.4112     31.397     45.957  34.344189     2.5448      7.339   288.7612 1.2379e-01     6.6259      8.874     12.870    12.3644 0.0000e+00
      9.002     -0.191     3.4014     31.231     45.975  34.356870     2.5691      7.339   288.6297 1.2373e-01     6.6983      8.829     12.806    12.3642 0.0000e+00
      8.953     -0.186     3.3899     31.080     45.992  34.368408     2.5824      7.339   288.5756 1.2367e-01     6.7901      8.781     12.736    12.3641 0.0000e+00
      8.904     -0.183     3.3746     30.939     45.977  34.356880     2.5885      7.338   288.5375 1.2368e-01     6.8482      8.731     12.663    12.3635 0.0000e+00
      8.857     -0.183     3.3553     30.821     45.960  34.344303     2.5843      7.337   288.6847 1.2376e-01     6.8543      8.683     12.595    12.3625 0.0000e+00
      8.812     -0.182     3.3370     30.741     45.959  34.343161     2.5735      7.337   288.9790 1.2380e-01     6.9326      8.640     12.532    12.3619 0.0000e+00
      8.768     -0.180     3.3218     30.690     45.960  34.343066     2.5666      7.336   289.2568 1.2383e-01     7.1120      8.599     12.471    12.3613 0.0000e+00
      8.723     -0.177     3.3059     30.649     45.960  34.343160     2.5758      7.335   289.4615 1.2383e-01     7.2464      8.557     12.410    12.3605 0.0000e+00
      8.675     -0.175     3.2923     30.620     45.961  34.344303     2.5928      7.334   289.4750 1.2383e-01     7.2944      8.509     12.341    12.3598 0.0000e+00
      8.628     -0.177     3.2844     30.585     45.976  34.356879     2.5568      7.333   289.1625 1.2383e-01     7.1110      8.458     12.268    12.3595 0.0000e+00
      8.586     -0.182     3.2806     30.535     45.990  34.368408     2.4639      7.332   288.8669 1.2382e-01     6.7373      8.418     12.209    12.3591 0.0000e+00
      8.546     -0.190     3.2747     30.502     45.974  34.356879     2.4019      7.330   289.0838 1.2383e-01     6.5337      8.384     12.160    12.3591 0.0000e+00
      8.501     -0.195     3.2726     30.477     45.958  34.344312     2.3978      7.329   289.2908 1.2381e-01     6.4933      8.341     12.097    12.3599 0.0000e+00
      8.447     -0.196     3.2710     30.432     45.957  34.343273     2.4397      7.328   289.3900 1.2372e-01     6.3518      8.287     12.019    12.3605 0.0000e+00
      8.386     -0.198     3.2616     30.400     45.959  34.344312     2.5006      7.326   289.5955 1.2372e-01     6.1205      8.224     11.927    12.3617 0.0000e+00
      8.328     -0.201     3.2591     30.385     45.977  34.356879     2.5177      7.325   289.1073 1.2378e-01     5.9852      8.161     11.836    12.3628 0.0000e+00
      8.282     -0.205     3.2595     30.369     45.994  34.368406     2.5061      7.326   287.7038 1.2377e-01     5.9806      8.119     11.775    12.3622 0.0000e+00
      8.242     -0.208     3.2511     30.369     45.980  34.356867     2.5271      7.326   285.9621 1.2377e-01     6.0306      8.088     11.729    12.3613 0.0000e+00
      8.195     -0.210     3.2480     30.397     45.964  34.344176     2.5708      7.326   284.2240 1.2382e-01     6.0431      8.043     11.665    12.3608 0.0000e+00
      8.134     -0.210     3.2487     30.426     45.961  34.341785     2.5937      7.325   282.7780 1.2385e-01     5.9954      7.979     11.572    12.3596 0.0000e+00
      8.069     -0.210     3.2449     30.438     45.942  34.327951     2.5963      7.322   281.0408 1.2385e-01     5.9663      7.910     11.473    12.3583 0.0000e+00
      8.008     -0.207     3.2444     30.447     45.910  34.303732     2.6104      7.320   279.2220 1.2386e-01     5.9973      7.850     11.385    12.3575 0.0000e+00
      7.958     -0.200     3.2493     30.453     45.908  34.302589     2.6389      7.319   278.9415 1.2385e-01     6.0638      7.801     11.313    12.3568 0.0000e+00
      7.915     -0.192     3.2533     30.451     45.923  34.314127     2.6409      7.318   279.8864 1.2382e-01     6.0869      7.762     11.257    12.3569 0.0000e+00
      7.875     -0.186     3.2530     30.456     45.926  34.316432     2.6174      7.317   281.1827 1.2377e-01     6.0384      7.725     11.204    12.3571 0.0000e+00
      7.830     -0.184     3.2546     30.477     45.945  34.330455     2.6134      7.317   282.4830 1.2376e-01     5.9893      7.681     11.140    12.3570 0.0000e+00
      7.779     -0.184     3.2556     30.505     45.980  34.356865     2.6420      7.317   282.9601 1.2379e-01     6.0059      7.628     11.064    12.3569 0.0000e+00
      7.727     -0.186     3.2543     30.545     46.014  34.382125     2.6811      7.317   282.9073 1.2380e-01     6.0674      7.575     10.987    12.3572 0.0000e+00
      7.680     -0.186     3.2544     30.607     46.014  34.382231     2.6946      7.317   283.1359 1.2381e-01     6.0840      7.530     10.921    12.3574 0.0000e+00
      7.635     -0.181     3.2575     30.659     45.982  34.358144     2.6893      7.317   283.4864 1.2382e-01     6.0356      7.487     10.859    12.3580 0.0000e+00
      7.590     -0.171     3.2605     30.683     45.964  34.344529     2.6910      7.317   283.7900 1.2385e-01     6.0282      7.445     10.798    12.3584 0.0000e+00
      7.543     -0.157     3.2628     30.680     45.964  34.344435     2.6995      7.317   284.1392 1.2389e-01     6.0975      7.398     10.730    12.3581 0.0000e+00
      7.497     -0.145     3.2724     30.657     45.981  34.357002     2.7086      7.316   284.4397 1.2392e-01     6.1226      7.348     10.659    12.3579 0.0000e+00
      7.462     -0.139     3.2783     30.644     45.999  34.369664     2.7017      7.316   284.6700 1.2388e-01     6.0921      7.312     10.605    12.3579 0.0000e+00
      7.438     -0.139     3.2801     30.647     46.000  34.370711     2.6738      7.317   284.9453 1.2383e-01     6.0362      7.294     10.577    12.3578 0.0000e+00
      7.417     -0.142     3.2808     30.645     45.998  34.369663     2.6548      7.317   285.2722 1.2383e-01     5.9594      7.279     10.557    12.3575 0.0000e+00
      7.383     -0.147     3.2762     30.650     45.981  34.356990     2.6549      7.316   285.6116 1.2378e-01     5.9145      7.247     10.512    12.3570 0.0000e+00
      7.335     -0.157     3.2741     30.680     45.963  34.344308     2.6500      7.316   286.1239 1.2378e-01     5.8693      7.194     10.434    12.3562 0.0000e+00
      7.283     -0.169     3.2772     30.738     45.961  34.343146     2.6373      7.316   286.9061 1.2383e-01     5.8230      7.139     10.355    12.3562 0.0000e+00
      7.238     -0.178     3.2750     30.817     45.961  34.342937     2.6256      7.316   287.9275 1.2384e-01     5.8321      7.096     10.293    12.3566 0.0000e+00
      7.198     -0.181     3.2747     30.854     45.959  34.341783     2.6247      7.316   289.0954 1.2383e-01     5.8775      7.060     10.240    12.3572 0.0000e+00
      7.154     -0.180     3.2792     30.858     45.942  34.329206     2.6435      7.316   290.1864 1.2384e-01     5.8945      7.018     10.179    12.3577 0.0000e+00
      7.105     -0.178     3.2822     30.855     45.926  34.317678     2.6785      7.317   290.8799 1.2384e-01     5.8317      6.967     10.105    12.3579 0.0000e+00
      7.056     -0.177     3.2976     30.832     45.941  34.329215     2.7233      7.318   290.8555 1.2382e-01     5.7339      6.917     10.033    12.3581 0.0000e+00
      7.010     -0.176     3.2992     30.841     45.958  34.341886     2.7513      7.318   290.2357 1.2382e-01     5.7023      6.873      9.968    12.3584 0.0000e+00
      6.967     -0.173     3.2965     30.884     45.961  34.344069     2.7600      7.321   289.2362 1.2383e-01     5.6879      6.832      9.908    12.3590 0.0000e+00
      6.925     -0.168     3.3010     30.912     45.976  34.355606     2.7618      7.322   287.8049 1.2384e-01     5.6282      6.792      9.851    12.3596 0.0000e+00
      6.883     -0.164     3.2929     30.931     45.974  34.354567     2.7393      7.321   286.0929 1.2393e-01     5.5955      6.750      9.789    12.3597 0.0000e+00
      6.841     -0.160     3.2938     30.915     45.943  34.331511     2.7129      7.320   284.7990 1.2420e-01     5.6340      6.707      9.728    12.3595 0.0000e+00
      6.799     -0.156     3.3036     30.870     45.942  34.330471     2.7091      7.319   284.8946 1.2468e-01     5.6495      6.667      9.671    12.3595 0.0000e+00
      6.759     -0.153     3.3026     30.844     45.958  34.341999     2.7105      7.318   285.9580 1.2845e-01     5.6122      6.628      9.612    12.3595 0.0000e+00
      6.721     -0.152     3.3077     30.824     45.961  34.344077     2.7211      7.318   286.6426 1.3377e-01     5.5250      6.591      9.559    12.3595 0.0000e+00
      6.686     -0.153     3.3068     30.811     45.977  34.355596     2.7370      7.318   286.8917 1.3634e-01     5.3814      6.557      9.510    12.3596 0.0000e+00
      6.651     -0.155     3.2962     30.799     45.976  34.354452     2.7440      7.319   286.9909 1.4354e-01     5.3783      6.524      9.462    12.3598 0.0000e+00
      6.611     -0.156     3.2984     30.806     45.944  34.330250     2.7570      7.319   286.8961 1.6183e-01     5.4882      6.485      9.405    12.3596 0.0000e+00
      6.567     -0.156     3.2931     30.845     45.926  34.316615     2.8106      7.319   287.0364 1.9071e-01     5.4802      6.439      9.339    12.3589 0.0000e+00
      6.522     -0.154     3.2940     30.882     45.926  34.316404     2.8928      7.320   287.5683 2.1811e-01     5.3838      6.394      9.273    12.3585 0.0000e+00
      6.481     -0.150     3.2913     30.899     45.941  34.327699     2.9267      7.320   287.9925 2.3109e-01     5.3129      6.353      9.215    12.3585 0.0000e+00
      6.446     -0.144     3.2903     30.892     45.940  34.326368     2.9209      7.319   288.0351 2.4151e-01     5.3060      6.320      9.167    12.3585 0.0000e+00
      6.412     -0.138     3.2980     30.873     45.905  34.300313     2.9141      7.319   287.8258 2.5381e-01     5.3355      6.289      9.120    12.3583 0.0000e+00
      6.379     -0.133     3.3009     30.864     45.859  34.266300     2.8936      7.319   287.4413 2.6313e-01     5.3280      6.254      9.071    12.3580 0.0000e+00
      6.346     -0.133     3.3042     30.893     45.813  34.232150     2.8739      7.319   286.8277 2.8073e-01     5.2839      6.222      9.026    12.3577 0.0000e+00
      6.314     -0.137     3.3019     30.938     45.776  34.204463     2.8672      7.320   285.9987 2.9814e-01     5.2802      6.192      8.981    12.3575 0.0000e+00
      6.281     -0.142     3.3004     30.971     45.749  34.185168     2.8297      7.320   285.1615 3.1054e-01     5.2829      6.161      8.936    12.3573 0.0000e+00
      6.243     -0.147     3.2965     31.013     45.752  34.189087     2.7532      7.320   284.6214 3.2691e-01     5.2140      6.124      8.883    12.3572 0.0000e+00
      6.203     -0.153     3.3012     31.063     45.750  34.188438     2.6988      7.320   284.4582 3.4332e-01     5.1308      6.083      8.823    12.3572 0.0000e+00
      6.163     -0.159     3.3087     31.117     45.734  34.177322     2.6807      7.321   284.5643 3.7919e-01     5.0966      6.042      8.764    12.3573 0.0000e+00
      6.123     -0.164     3.3090     31.199     45.738  34.181507     2.6747      7.321   284.8724 4.2963e-01     5.0054      6.004      8.709    12.3587 0.0000e+00
      6.081     -0.167     3.3142     31.319     45.728  34.175637     2.6515      7.321   285.1714 4.5575e-01     4.8143      5.965      8.650    12.3606 0.0000e+00
      6.036     -0.167     3.3204     31.460     45.719  34.169761     2.6088      7.322   285.3413 4.6964e-01     4.6646      5.919      8.584    12.3617 0.0000e+00
      5.991     -0.166     3.3244     31.621     45.724  34.173862     2.5825      7.322   285.8082 4.9418e-01     4.5957      5.874      8.519    12.3622 0.0000e+00
      5.948     -0.163     3.3319     31.794     45.707  34.161813     2.5752      7.323   286.6861 5.2454e-01     4.5964      5.833      8.460    12.3640 0.0000e+00
      5.907     -0.159     3.3469     31.960     45.692  34.150900     2.5624      7.323   287.6964 5.5885e-01     4.6391      5.792      8.400    12.3661 0.0000e+00
