Data/DataNotYetUploadedToEDI/Raw_CTD/RawDownloads/110920_fcr20.cnv
* Sea-Bird SBE19plus  Data File:
* FileName = C:\DATA\111020_bvr50_0001.hex
* Software version 2.8.0.119
* Temperature SN = 7809
* Conductivity SN = 7809
* System UpLoad Time = Nov 10 2020 10:49:15
* <ApplicationData>
* <Seaterm232>
# nquan = 16
# nvalues = 668                         
# units = specified
# name 0 = depFM: Depth [fresh water, m]
# name 1 = dz/dtM: Descent Rate [m/s]
# name 2 = orp: Oxidation Reduction Potential [mV]
# name 3 = sbeox0Mg/L: Oxygen, SBE 43 [mg/l]
# name 4 = sbeox0PS: Oxygen, SBE 43 [% saturation]
# name 5 = par/sat/log: PAR/Logarithmic, Satlantic
# name 6 = ph: pH
# name 7 = specc: Specific Conductance [uS/cm]
# name 8 = c0uS/cm: Conductivity [uS/cm]
# name 9 = flECO-AFL: Fluorescence, WET Labs ECO-AFL/FL [mg/m^3]
# name 10 = turbWETntu0: Turbidity, WET Labs ECO [NTU]
# name 11 = tv290C: Temperature [ITS-90, deg C]
# name 12 = density00: Density [density, kg/m^3]
# name 13 = prdE: Pressure, Strain Gauge [psi]
# name 14 = prdM: Pressure, Strain Gauge [db]
# name 15 = flag:  0.000e+00
# span 0 =     -0.568,      1.710       
# span 1 =     -0.313,      0.286       
# span 2 = -1240.7451,   914.5048       
# span 3 =     1.7973,    12.7341       
# span 4 =     18.502,    126.483       
# span 5 = 7.6789e+00, 1.1021e+03       
# span 6 =     -0.067,     15.878       
# span 7 =      3.657,    467.682       
# span 8 =   2.939677, 362.242914       
# span 9 =    -1.6989,     8.3201       
# span 10 =    -4.1612,   936.7059      
# span 11 =    13.3738,    20.8346      
# span 12 =   998.0356,   999.4639      
# span 13 =     -0.807,      2.433      
# span 14 =     -0.557,      1.677      
# span 15 = 0.0000e+00, 0.0000e+00      
# interval = seconds: 0.25
# start_time = Nov 09 2020 02:27:37 [Instrument's time stamp, header]
# bad_flag = -9.990e-29
*END*
     -0.568      0.017   914.5048     8.4763     94.564 1.2030e+02     -0.067      8.356   7.584315    -1.0148    -0.3215    20.7263   998.0580     -0.807     -0.557 0.0000e+00
     -0.567      0.047   624.2494     8.4784     94.602 1.5368e+02      4.550     21.654  19.434044    -1.0091    -0.3186    20.7364   998.0557     -0.807     -0.556 0.0000e+00
     -0.566      0.090   413.6232     8.4690     94.657 2.0649e+02      9.161     33.032  29.145165    -0.9270    -0.2261    20.7686   998.0491     -0.807     -0.556 0.0000e+00
     -0.555      0.135   385.5484     8.4624     94.688 2.5556e+02     12.026     37.735  32.615193    -0.2313     0.3155    20.7893   998.0442     -0.807     -0.556 0.0000e+00
     -0.513      0.175   379.7010     8.4568     94.723 2.9887e+02     13.701     39.193  33.223956     1.0127     1.2869    20.8346   998.0356     -0.754     -0.520 0.0000e+00
     -0.435      0.206   369.5087     8.5273     94.831 3.3575e+02     14.643     39.872  33.268985     1.6870     1.8364    20.4225   998.1287     -0.618     -0.426 0.0000e+00
     -0.353      0.231   353.7743     8.7332     95.027 3.6596e+02     15.153     40.348  33.285868     1.8184     1.9818    19.2760   998.3672     -0.487     -0.337 0.0000e+00
     -0.291      0.250   343.0375     8.9302     95.318 3.9394e+02     15.435     40.665  33.300715     2.6208     2.5288    18.1816   998.5798     -0.403     -0.279 0.0000e+00
     -0.245      0.262   338.8070     9.0854     95.679 4.0562e+02     15.596     40.868  33.321305     4.0542     3.4385    17.3398   998.7328     -0.350     -0.241 0.0000e+00
     -0.195      0.271   335.5771     9.2315     96.261 3.8846e+02     15.691     41.068  33.407740     4.8252     3.9170    16.6425   998.8547     -0.291     -0.201 0.0000e+00
     -0.125      0.281   331.5178     9.3356     97.241 3.5775e+02     15.749     41.337  33.584288     4.9244     3.9193    16.1899   998.9305     -0.186     -0.128 0.0000e+00
     -0.039      0.286   328.4444     9.4267     98.388 3.0790e+02     15.782     41.583  33.742695     5.2917     3.9126    15.8991   998.9785     -0.058     -0.040 0.0000e+00
      0.055      0.281   327.3259     9.4925     99.403 2.3147e+02     15.800     41.695  33.800129     5.9563     3.9390    15.7324   999.0056      0.080      0.055 0.0000e+00
      0.141      0.259   327.5447     9.5481    100.104 1.6694e+02     15.810     41.718  33.834505     6.3132     3.9300    15.6535   999.0188      0.214      0.148 0.0000e+00
      0.207      0.220   328.6809     9.6705    100.357 1.3200e+02     15.815     41.707  33.904539     6.3456     3.9402    15.6231   999.0239      0.304      0.210 0.0000e+00
      0.252      0.173   330.4802     9.8053    100.214 1.2000e+02     15.815     41.645  33.949025     6.4617     3.9942    15.5731   999.0321      0.362      0.250 0.0000e+00
      0.284      0.128   330.9735     9.9225     99.837 1.1899e+02     15.816     41.466  33.864876     6.6773     4.0337    15.5050   999.0430      0.410      0.282 0.0000e+00
      0.304      0.088   328.4507    10.0041     99.261 1.2296e+02     15.817     41.188  33.648613     6.7975     4.0405    15.5109   999.0421      0.437      0.301 0.0000e+00
      0.317      0.058   325.6175     9.9910     97.557 1.3062e+02     15.819     40.968  33.428140     6.8092     4.0083    15.6380   999.0221      0.452      0.312 0.0000e+00
      0.327      0.036   324.2494     9.9518     94.076 1.3243e+02     15.823     40.899  33.293014     6.8375     3.9533    15.7763   999.0002      0.467      0.321 0.0000e+00
      0.333      0.021   323.1805     9.8761     90.211 1.3279e+02     15.827     40.928  33.220281     6.9013     3.8897    15.8507   998.9883      0.477      0.329 0.0000e+00
      0.335      0.011   322.0717     9.8569     87.891 1.3328e+02     15.831     40.998  33.183120     6.9422     3.8219    15.8674   998.9854      0.478      0.330 0.0000e+00
      0.334      0.006   321.1684     9.7643     88.307 1.3803e+02     15.834     41.070  33.160847     6.9410     3.7529    15.8118   998.9943      0.476      0.328 0.0000e+00
      0.333      0.003   320.5185     9.3497     91.212 1.5330e+02     15.836     41.123  33.141239     6.9250     3.7073    15.7030   999.0116      0.474      0.327 0.0000e+00
      0.333      0.002   319.9781     8.9270     95.189 1.5485e+02     15.838     41.176  33.136313     6.9200     3.7860    15.5792   999.0311      0.472      0.325 0.0000e+00
      0.333      0.002   319.7975     8.6686     99.385 1.4107e+02     15.840     41.256  33.164678     6.9377     3.9495    15.4599   999.0499      0.473      0.326 0.0000e+00
      0.335      0.003   320.3134     8.7289    103.413 1.3901e+02     15.842     41.366  33.230355     6.9478     4.0010    15.3580   999.0658      0.475      0.329 0.0000e+00
      0.337      0.004   321.5694     9.1202    106.630 1.4597e+02     15.842     41.457  33.295879     6.9374     3.9622    15.2852   999.0771      0.480      0.331 0.0000e+00
      0.338      0.004   323.0234     9.5438    108.309 1.4921e+02     15.842     41.496  33.322404     6.9738     3.9611    15.2317   999.0853      0.481      0.331 0.0000e+00
      0.338      0.003   323.5264     9.9823    108.159 1.3811e+02     15.843     41.475  33.297254     7.0636     3.9875    15.1845   999.0926      0.480      0.331 0.0000e+00
      0.338      0.002   323.0901    10.4196    106.635 1.2817e+02     15.843     41.422  33.245585     7.1178     4.0413    15.1551   999.0971      0.481      0.332 0.0000e+00
      0.339      0.000   322.3943    10.7724    104.575 1.4106e+02     15.843     41.384  33.205271     7.1235     4.0624    15.1528   999.0974      0.481      0.331 0.0000e+00
      0.339      0.000   321.4809    10.9576    102.661 1.5476e+02     15.843     41.380  33.190526     7.1326     4.0021    15.1502   999.0979      0.483      0.332 0.0000e+00
      0.339     -0.001   320.3920    10.9236    101.120 1.5353e+02     15.843     41.396  33.194189     7.1601     3.9642    15.1366   999.0999      0.483      0.333 0.0000e+00
      0.339     -0.002   319.2946    10.7396     99.760 1.4399e+02     15.843     41.393  33.186102     7.1901     3.9818    15.1271   999.1013      0.482      0.332 0.0000e+00
      0.338     -0.003   318.4506    10.5078     98.259 1.3559e+02     15.843     41.358  33.156182     7.2084     4.0090    15.1161   999.1030      0.480      0.331 0.0000e+00
      0.336     -0.003   318.1896    10.3117     96.629 1.4959e+02     15.843     41.352  33.149685     7.1627     4.0195    15.1003   999.1054      0.478      0.329 0.0000e+00
      0.335     -0.002   318.3761    10.1689     95.415 1.6388e+02     15.844     41.380  33.170999     7.0562     4.0047    15.0875   999.1074      0.477      0.329 0.0000e+00
      0.335     -0.001   318.6404    10.0478     95.272 1.5612e+02     15.845     41.368  33.160078     6.9986     4.0021    15.0821   999.1082      0.476      0.328 0.0000e+00
      0.335      0.000   318.8903     9.9022     96.515 1.6505e+02     15.844     41.351  33.144541     7.0097     4.0229    15.0808   999.1084      0.476      0.328 0.0000e+00
      0.336      0.001   319.1601     9.7109     98.870 1.7756e+02     15.844     41.389  33.173496     7.0391     4.0150    15.0789   999.1086      0.477      0.329 0.0000e+00
      0.336      0.002   319.4939     9.5653    101.762 1.7310e+02     15.845     41.414  33.192910     7.0583     3.9751    15.0772   999.1089      0.477      0.329 0.0000e+00
      0.337      0.002   319.7428     9.5353    104.703 1.7337e+02     15.845     41.409  33.188921     7.0607     3.9531    15.0757   999.1092      0.479      0.330 0.0000e+00
      0.337      0.001   319.8472     9.6738    107.277 1.8024e+02     15.844     41.406  33.188712     7.0675     3.9542    15.0737   999.1094      0.479      0.330 0.0000e+00
      0.338      0.000   319.8956     9.9387    109.273 1.8586e+02     15.844     41.403  33.190395     7.0745     3.9545    15.0714   999.1098      0.480      0.331 0.0000e+00
      0.338     -0.000   319.4668    10.2406    110.602 1.8383e+02     15.844     41.423  33.209269     7.0872     3.9226    15.0696   999.1101      0.481      0.331 0.0000e+00
      0.337     -0.001   318.3623    10.5580    111.232 1.9114e+02     15.843     41.440  33.226574     7.1074     3.8780    15.0703   999.1100      0.479      0.330 0.0000e+00
      0.336     -0.001   317.2958    10.8191    111.249 1.9983e+02     15.843     41.412  33.209269     7.1087     3.8960    15.0738   999.1095      0.478      0.330 0.0000e+00
      0.336     -0.001   316.6379    11.0227    110.807 1.8945e+02     15.843     41.381  33.190405     7.1114     3.9690    15.0778   999.1089      0.478      0.330 0.0000e+00
      0.336     -0.001   316.0867    11.1583    110.163 1.9979e+02     15.843     41.370  33.188845     7.0933     4.0041    15.0815   999.1083      0.479      0.330 0.0000e+00
      0.335      0.000   315.7086    11.2152    109.623 2.4786e+02     15.842     41.363  33.190414     7.0330     3.9777    15.0863   999.1076      0.477      0.328 0.0000e+00
      0.335      0.000   315.6798    11.2121    109.355 2.5699e+02     15.842     41.377  33.209380     6.9926     3.9581    15.0926   999.1066      0.476      0.328 0.0000e+00
      0.336      0.000   315.7388    11.1557    109.253 2.1643e+02     15.843     41.390  33.227827     6.9860     3.9733    15.0998   999.1055      0.477      0.329 0.0000e+00
      0.336      0.001   315.7329    11.0772    109.137 2.0539e+02     15.843     41.375  33.223107     6.9917     3.9899    15.1078   999.1043      0.478      0.329 0.0000e+00
      0.336      0.001   315.8669    11.0120    108.977 2.2571e+02     15.842     41.358  33.215780     6.9943     3.9871    15.1165   999.1029      0.478      0.329 0.0000e+00
      0.336      0.001   316.0678    10.9899    108.844 2.3686e+02     15.841     41.334  33.202693     6.9892     3.9739    15.1259   999.1015      0.478      0.330 0.0000e+00
      0.337      0.001   316.0113    10.9862    108.822 2.2711e+02     15.841     41.311  33.191781     6.9968     3.9674    15.1362   999.1000      0.479      0.330 0.0000e+00
      0.337      0.001   315.7859    10.9714    108.902 2.0671e+02     15.842     41.326  33.210748     6.9811     3.9769    15.1455   999.0986      0.479      0.330 0.0000e+00
      0.337      0.000   315.5802    10.9513    108.977 1.9516e+02     15.842     41.357  33.241686     6.9241     4.0211    15.1524   999.0975      0.479      0.330 0.0000e+00
      0.337 -1.832e-08   315.2442    10.9320    108.956 1.9496e+02     15.841     41.360  33.248598     6.8790     4.0553    15.1593   999.0965      0.480      0.331 0.0000e+00
      0.337 -2.015e-07   314.7347    10.9273    108.785 2.1154e+02     15.840     41.333  33.230878     6.8553     4.0121    15.1682   999.0951      0.480      0.331 0.0000e+00
      0.337      0.000   314.4103    10.9393    108.461 2.3196e+02     15.840     41.312  33.217792     6.8381     3.9797    15.1785   999.0935      0.479      0.330 0.0000e+00
      0.336      0.000   314.5053    10.9470    108.058 2.3571e+02     15.839     41.307  33.217273     6.8239     4.0066    15.1866   999.0923      0.478      0.330 0.0000e+00
      0.336     -0.001   314.7658    10.9464    107.634 2.3730e+02     15.839     41.311  33.224611     6.8177     4.0282    15.1909   999.0916      0.478      0.329 0.0000e+00
      0.337     -0.001   314.9778    10.9287    107.189 2.2904e+02     15.840     41.330  33.243068     6.8102     4.0008    15.1946   999.0910      0.479      0.330 0.0000e+00
      0.337      0.000   315.1765    10.8919    106.759 2.2960e+02     15.840     41.335  33.250093     6.7903     3.9504    15.1990   999.0903      0.479      0.330 0.0000e+00
      0.336 -1.509e-08   315.3613    10.8468    106.412 2.5620e+02     15.840     41.326  33.246103     6.7870     3.9683    15.2034   999.0897      0.478      0.330 0.0000e+00
      0.336 -1.660e-07   315.4048    10.8057    106.221 3.1542e+02     15.839     41.339  33.258283     6.8078     4.0109    15.2080   999.0890      0.478      0.329 0.0000e+00
      0.336 2.0630e-07   315.1867    10.7577    106.185 4.1710e+02     15.839     41.352  33.270453     6.8137     3.9854    15.2128   999.0883      0.478      0.329 0.0000e+00
      0.336      0.000   314.9615    10.7110    106.195 4.2747e+02     15.839     41.345  33.266349     6.8010     3.9341    15.2171   999.0876      0.479      0.330 0.0000e+00
      0.337      0.000   314.7460    10.6734    106.210 3.3867e+02     15.839     41.350  33.272117     6.8445     3.9391    15.2201   999.0871      0.480      0.331 0.0000e+00
      0.337      0.001   314.3018    10.6506    106.205 3.0232e+02     15.838     41.353  33.276751     6.9393     4.0121    15.2224   999.0868      0.479      0.330 0.0000e+00
      0.337      0.001   313.8072    10.6558    106.148 2.9197e+02     15.838     41.326  33.258932     6.9937     4.0606    15.2244   999.0865      0.480      0.331 0.0000e+00
      0.337      0.001   313.4118    10.6545    106.031 2.7705e+02     15.839     41.306  33.247024     7.0067     4.0458    15.2264   999.0861      0.479      0.330 0.0000e+00
      0.337      0.000   313.2204    10.6563    105.813 2.7679e+02     15.840     41.316  33.259670     6.9915     4.0397    15.2283   999.0859      0.478      0.330 0.0000e+00
      0.338 -3.876e-07   313.3860    10.6586    105.505 2.8428e+02     15.839     41.342  33.284942     6.9530     4.0212    15.2312   999.0855      0.480      0.331 0.0000e+00
      0.338      0.000   313.7805    10.6487    105.131 3.5278e+02     15.839     41.353  33.298787     6.9324     3.9932    15.2352   999.0848      0.481      0.332 0.0000e+00
      0.338      0.000   314.0317    10.6408    104.683 4.0423e+02     15.838     41.348  33.300169     6.9328     4.0100    15.2401   999.0841      0.480      0.331 0.0000e+00
      0.338     -0.001   314.0139    10.6153    104.202 3.8189e+02     15.837     41.343  33.301655     6.9290     3.9845    15.2466   999.0831      0.479      0.330 0.0000e+00
      0.338     -0.001   313.8238    10.5817    103.776 3.6412e+02     15.837     41.355  33.316767     6.9249     3.9258    15.2521   999.0822      0.480      0.331 0.0000e+00
      0.337      0.000   313.7123    10.5449    103.424 3.2343e+02     15.837     41.398  33.355991     6.9307     3.9179    15.2571   999.0815      0.479      0.330 0.0000e+00
      0.337      0.001   313.8700    10.4968    103.096 2.9108e+02     15.837     41.441  33.395215     6.9322     3.9224    15.2648   999.0803      0.477      0.329 0.0000e+00
      0.337      0.002   314.0095    10.4424    102.777 2.9027e+02     15.837     41.451  33.410318     6.9530     3.9462    15.2720   999.0792      0.478      0.330 0.0000e+00
      0.338      0.002   313.8501    10.3970    102.441 3.1334e+02     15.836     41.443  33.411699     6.9911     3.9662    15.2777   999.0783      0.481      0.331 0.0000e+00
      0.340      0.002   313.4917    10.3652    102.051 3.3249e+02     15.835     41.435  33.411928     6.9921     3.9574    15.2827   999.0776      0.484      0.333 0.0000e+00
      0.340      0.002   313.2038    10.3299    101.629 3.1310e+02     15.834     41.431  33.413093     6.9839     3.9773    15.2875   999.0769      0.485      0.334 0.0000e+00
      0.340      0.001   313.0361    10.2968    101.158 3.1447e+02     15.834     41.442  33.425793     7.0255     4.0009    15.2962   999.0755      0.484      0.333 0.0000e+00
      0.340      0.000   313.0122    10.2643    100.597 3.0779e+02     15.834     41.455  33.438578     7.0949     3.9676    15.3071   999.0738      0.483      0.333 0.0000e+00
      0.340     -0.001   313.0874    10.2202    100.021 2.8551e+02     15.834     41.453  33.440782     7.1360     3.9181    15.3159   999.0725      0.483      0.333 0.0000e+00
      0.340     -0.001   312.9989    10.1768     99.486 3.0456e+02     15.833     41.462  33.452444     7.1416     3.9172    15.3212   999.0716      0.483      0.333 0.0000e+00
