Data/DataNotYetUploadedToEDI/Raw_CTD/RawDownloads/110920_fcr20.cnv
* Sea-Bird SBE19plus  Data File:
* FileName = C:\DATA\111020_bvr50_0001.hex
* Software version 2.8.0.119
* Temperature SN = 7809
* Conductivity SN = 7809
* System UpLoad Time = Nov 10 2020 10:49:15
* <ApplicationData>
* <Seaterm232>
# nquan = 16
# nvalues = 668                         
# units = specified
# name 0 = depFM: Depth [fresh water, m]
# name 1 = dz/dtM: Descent Rate [m/s]
# name 2 = orp: Oxidation Reduction Potential [mV]
# name 3 = sbeox0Mg/L: Oxygen, SBE 43 [mg/l]
# name 4 = sbeox0PS: Oxygen, SBE 43 [% saturation]
# name 5 = par/sat/log: PAR/Logarithmic, Satlantic
# name 6 = ph: pH
# name 7 = specc: Specific Conductance [uS/cm]
# name 8 = c0uS/cm: Conductivity [uS/cm]
# name 9 = flECO-AFL: Fluorescence, WET Labs ECO-AFL/FL [mg/m^3]
# name 10 = turbWETntu0: Turbidity, WET Labs ECO [NTU]
# name 11 = tv290C: Temperature [ITS-90, deg C]
# name 12 = density00: Density [density, kg/m^3]
# name 13 = prdE: Pressure, Strain Gauge [psi]
# name 14 = prdM: Pressure, Strain Gauge [db]
# name 15 = flag:  0.000e+00
# span 0 =     -0.568,      1.710       
# span 1 =     -0.313,      0.286       
# span 2 = -1240.7451,   914.5048       
# span 3 =     1.7973,    12.7341       
# span 4 =     18.502,    126.483       
# span 5 = 7.6789e+00, 1.1021e+03       
# span 6 =     -0.067,     15.878       
# span 7 =      3.657,    467.682       
# span 8 =   2.939677, 362.242914       
# span 9 =    -1.6989,     8.3201       
# span 10 =    -4.1612,   936.7059      
# span 11 =    13.3738,    20.8346      
# span 12 =   998.0356,   999.4639      
# span 13 =     -0.807,      2.433      
# span 14 =     -0.557,      1.677      
# span 15 = 0.0000e+00, 0.0000e+00      
# interval = seconds: 0.25
# start_time = Nov 09 2020 02:27:37 [Instrument's time stamp, header]
# bad_flag = -9.990e-29
*END*
[from data line 543]
     -0.133     -0.239   170.7260     5.1089     51.915 7.4062e+02     15.815     54.486  43.722416     4.3276     1.8374    15.1360   999.0982     -0.195     -0.135 0.0000e+00
     -0.209     -0.204   171.5533     5.1752     51.696 6.0133e+02     15.813     60.516  48.546751     1.7457    -2.0106    15.1345   999.0985     -0.303     -0.209 0.0000e+00
     -0.272     -0.140   171.4848     5.2078     51.165 6.8767e+02     15.810     65.718  52.708003     0.3557    -4.1224    15.1336   999.0987     -0.397     -0.274 0.0000e+00
     -0.308     -0.064   169.2954     5.2245     50.103 7.8308e+02     15.806     66.662  53.457679     0.3481    -4.1612    15.1303   999.1006     -0.462     -0.318 0.0000e+00
     -0.304      0.013   165.5592     5.2275     47.946 7.8913e+02     15.805     64.958  52.086576     1.7398    -2.1354    15.1210   999.1034     -0.451     -0.311 0.0000e+00
     -0.269      0.085   163.8247     5.2118     44.282 8.0552e+02     15.807     64.386  51.627151     4.3275     1.6592    15.1073   999.1080     -0.384     -0.265 0.0000e+00
     -0.226      0.145   164.1538     5.1605     39.587 8.2329e+02     15.810     64.964  52.094561     5.7439     3.7471    15.0969   999.1124     -0.319     -0.219 0.0000e+00
     -0.184      0.187   164.6352     5.0791     34.931 8.3620e+02     15.812     64.155  51.450555     5.8943     3.9177    15.0916   999.1132     -0.265     -0.183 0.0000e+00
     -0.134      0.212   164.9987     4.8890     31.279 8.3228e+02     15.813     61.870  49.619733     6.0321     3.8940    15.0884   999.1127     -0.200     -0.137 0.0000e+00
     -0.072      0.222   165.3648     4.4965     29.084 6.8133e+02     15.813     59.760  47.930189     6.2364     3.9060    15.0866   999.1132     -0.104     -0.072 0.0000e+00
     -0.003      0.223   165.8788     3.9808     28.244 5.4703e+02     15.812     57.913  46.453148     6.3327     3.9600    15.0905   999.1137     -0.001     -0.001 0.0000e+00
      0.061      0.213   166.5669     3.4744     28.292 6.0760e+02     15.812     55.500  44.523317     6.3382     3.9973    15.0962   999.1127      0.090      0.063 0.0000e+00
      0.117      0.190   167.3180     3.0915     28.709 5.6324e+02     15.812     53.049  42.563911     6.3414     3.9797    15.0965   999.1118      0.170      0.117 0.0000e+00
      0.167      0.160   168.0770     2.8757     29.114 4.4966e+02     15.813     51.703  41.489966     6.3433     3.9528    15.0977   999.1112      0.245      0.169 0.0000e+00
      0.204      0.129   168.7747     2.8107     29.349 4.6831e+02     15.813     51.398  41.250835     6.3511     3.9466    15.1021   999.1102      0.299      0.207 0.0000e+00
      0.226      0.102   169.2152     2.8345     29.479 4.9257e+02     15.813     51.324  41.196057     6.3499     3.9392    15.1073   999.1086      0.324      0.224 0.0000e+00
      0.240      0.079   169.5314     2.8890     29.579 4.3638e+02     15.813     50.784  40.764176     6.3484     3.9663    15.1140   999.1066      0.340      0.235 0.0000e+00
      0.255      0.059   169.9301     2.9371     29.611 3.8197e+02     15.812     49.944  40.091345     6.3517     3.9995    15.1201   999.1054      0.362      0.249 0.0000e+00
      0.271      0.044   170.4222     2.9538     29.444 4.1825e+02     15.811     49.567  39.789113     6.3521     3.9975    15.1257   999.1046      0.388      0.268 0.0000e+00
      0.284      0.034   171.0078     2.9643     29.034 4.6255e+02     15.811     50.104  40.220085     6.3441     3.9775    15.1303   999.1040      0.408      0.282 0.0000e+00
      0.290      0.025   171.6757     2.9745     28.485 4.1569e+02     15.811     51.216  41.112926     6.3206     3.9285    15.1324   999.1035      0.414      0.286 0.0000e+00
      0.291      0.016   172.3036     2.9847     27.865 3.6134e+02     15.811     51.232  41.126673     6.2310     3.9196    15.1333   999.1030      0.414      0.286 0.0000e+00
      0.291      0.007   172.8344     2.9715     27.250 3.8322e+02     15.811     49.912  40.068772     6.0713     3.9721    15.1335   999.1028      0.413      0.285 0.0000e+00
      0.293      0.001   173.3618     2.9212     26.684 4.0373e+02     15.811     50.380  40.445376     5.9821     4.0146    15.1330   999.1031      0.417      0.287 0.0000e+00
      0.294     -0.007   173.9481     2.8678     26.188 4.4551e+02     15.811     52.077  41.807656     5.9724     3.9876    15.1325   999.1038      0.421      0.290 0.0000e+00
      0.293     -0.018   174.6748     2.8005     25.842 5.0960e+02     15.811     51.611  41.432741     6.0104     3.8869    15.1336   999.1039      0.418      0.288 0.0000e+00
      0.289     -0.032   175.3514     2.7365     25.638 5.2573e+02     15.811     50.430  40.483257     6.1079     3.8263    15.1363   999.1022      0.411      0.283 0.0000e+00
      0.284     -0.044   175.8480     2.6827     25.541 5.2059e+02     15.811     50.038  40.166674     6.1691     3.8042    15.1370   999.1023      0.412      0.284 0.0000e+00
      0.269     -0.051   176.3765     2.6243     25.505 4.8664e+02     15.811     50.722  40.715105     6.1587     3.7571    15.1368   999.1039      0.390      0.268 0.0000e+00
      0.244     -0.052   177.0102     2.5939     25.439 5.1180e+02     15.811     52.527  42.162861     5.9927     3.7368    15.1368   999.1028      0.344      0.237 0.0000e+00
      0.221     -0.050   177.5732     2.5737     25.328 5.3300e+02     15.811     52.949  42.500418     5.7066     3.7312    15.1342   999.1027      0.309      0.213 0.0000e+00
      0.209     -0.045   178.0206     2.5645     25.195 5.0758e+02     15.811     51.622  41.432461     5.5698     3.7227    15.1320   999.1029      0.291      0.200 0.0000e+00
      0.208     -0.036   178.4625     2.5668     25.009 5.8298e+02     15.811     50.604  40.612866     5.5787     3.7370    15.1311   999.1028      0.296      0.205 0.0000e+00
      0.206     -0.026   178.8710     2.5599     24.729 6.7737e+02     15.812     50.339  40.398415     5.5765     3.7329    15.1311   999.1043      0.297      0.204 0.0000e+00
      0.198     -0.019   179.4332     2.5460     24.334 6.5304e+02     15.812     50.297  40.362934     5.5142     3.7416    15.1305   999.1044      0.281      0.193 0.0000e+00
      0.190     -0.016   180.1837     2.5355     23.863 5.7650e+02     15.812     50.471  40.501229     5.4176     3.8431    15.1269   999.1039      0.270      0.185 0.0000e+00
      0.184     -0.015   180.8038     2.5182     23.434 5.7032e+02     15.812     51.004  40.928001     5.3801     3.9639    15.1239   999.1041      0.260      0.179 0.0000e+00
      0.182     -0.012   181.1662     2.4906     23.104 5.5867e+02     15.812     51.274  41.143232     5.4044     4.0006    15.1223   999.1043      0.258      0.177 0.0000e+00
      0.182     -0.008   181.3822     2.4519     22.858 5.0130e+02     15.812     51.424  41.262749     5.5206     3.9098    15.1207   999.1046      0.260      0.179 0.0000e+00
      0.180     -0.008   181.7810     2.3964     22.641 4.5665e+02     15.812     53.283  42.753856     5.7171     3.7583    15.1195   999.1048      0.256      0.177 0.0000e+00
      0.179     -0.018   182.3742     2.3536     22.400 4.3073e+02     15.812     56.420  45.269551     5.8159     3.7138    15.1183   999.1052      0.252      0.174 0.0000e+00
      0.179     -0.043   183.5640     2.3197     22.088 4.3058e+02     15.812     58.404  46.857437     5.8092     3.7488    15.1172   999.1056      0.255      0.176 0.0000e+00
      0.178     -0.083   187.3042     2.2983     21.704 4.5491e+02     15.812     58.155  46.652146     5.7029     3.7355    15.1163   999.1053      0.258      0.178 0.0000e+00
      0.166     -0.133   192.8375     2.2781     21.300 6.2494e+02     15.814     57.539  46.152167     5.4932     3.6909    15.1158   999.1060      0.249      0.171 0.0000e+00
      0.130     -0.187   196.0897     2.2549     20.852 9.0913e+02     15.818     59.909  48.050137     5.3627     3.6549    15.1159   999.1074      0.201      0.139 0.0000e+00
      0.064     -0.236   196.8565     2.2263     20.381 1.0518e+03     15.818     64.222  51.503352     5.3259     3.6774    15.1121   999.1084      0.104      0.072 0.0000e+00
     -0.022     -0.266   197.2909     2.1812     19.988 1.0477e+03     15.817     68.057  54.566324     5.0580     4.0666    15.1053   999.1089     -0.030     -0.020 0.0000e+00
     -0.112     -0.269   197.4702     2.1456     19.686 9.9254e+02     15.817     72.311  57.964629     4.5561     4.7216    15.1009   999.1080     -0.163     -0.113 0.0000e+00
     -0.195     -0.246   195.9271     2.1002     19.429 9.0730e+02     15.817     77.555  62.163406     4.2827     5.0734    15.0999   999.1091     -0.281     -0.193 0.0000e+00
     -0.264     -0.212   195.0670     2.0461     19.202 8.3355e+02     15.816     82.099  65.813785     4.1947     5.0589    15.0970   999.1111     -0.392     -0.270 0.0000e+00
     -0.307     -0.184   196.3625     2.0076     18.902 7.5162e+02     15.814     84.217  67.532167     3.4533     4.0316    15.0856   999.1135     -0.454     -0.313 0.0000e+00
     -0.323     -0.166   198.5134     1.9811     18.502 5.7148e+02     15.812     84.534  67.814918     2.1187     2.0937    15.0742   999.1166     -0.462     -0.319 0.0000e+00
     -0.335     -0.146   201.5424     1.9540     18.976 3.8173e+02     15.812     84.278  67.643582     1.4092     1.0260    15.0699   999.1193     -0.460     -0.318 0.0000e+00
     -0.374     -0.108   200.2906     1.9326     22.527 3.6434e+02     15.812     83.653  67.176679     1.3507     0.9411    15.0750   999.1203     -0.508     -0.350 0.0000e+00
     -0.444     -0.048   196.9716     1.9146     31.202 4.6659e+02     15.808     80.865  64.966270     1.2684     1.0667    15.0887   999.1184     -0.636     -0.439 0.0000e+00
     -0.502      0.022   197.8083     1.8473     45.306 5.0068e+02     15.804     70.605  56.741386     1.1384     1.2751    15.1062   999.1152     -0.748     -0.515 0.0000e+00
     -0.497      0.090   199.9103     1.7973     62.344 4.4989e+02     15.805     55.305  44.463601     1.0768     1.3669    15.1272   999.1122     -0.750     -0.517 0.0000e+00
     -0.417      0.146   200.9618     2.0715     78.077 4.7593e+02     15.807     45.897  36.924644     1.0767     1.4199    15.1497   999.1087     -0.613     -0.423 0.0000e+00
     -0.307      0.172   200.9728     2.9211     89.731 5.5257e+02     15.810     44.083  35.492876     1.1461     1.7790    15.1686   999.1069     -0.416     -0.286 0.0000e+00
     -0.225      0.144   197.8913     4.4207     96.860 5.6630e+02     15.810     46.383  37.369983     1.9062     5.4005    15.1797   999.1020     -0.295     -0.203 0.0000e+00
     -0.190      0.058   190.9784     6.3308    100.536 5.4350e+02     15.808     53.654  43.246698     3.3052    12.0410    15.1938   999.0922     -0.256     -0.177 0.0000e+00
     -0.189     -0.059   183.7259     7.9960    102.125 4.8443e+02     15.804     51.764  41.727199     4.0619    15.6354    15.2229   999.0846     -0.255     -0.176 0.0000e+00
     -0.221     -0.159   178.7751     9.1640    102.083 4.2128e+02     15.804     31.151  25.106422     4.0167    15.6260    15.2556   999.0805     -0.293     -0.202 0.0000e+00
     -0.299     -0.216   176.5472     9.8370    100.897 3.8795e+02     15.805     13.956  11.242251     2.7679    11.6178    15.2827   999.0749     -0.395     -0.273 0.0000e+00
     -0.417     -0.229   176.6647    10.1196     99.250 3.1832e+02     15.807      9.564   7.700869     0.4549     4.1491    15.3023   999.0758     -0.601     -0.415 0.0000e+00
     -0.517     -0.209   177.6999    10.2957     97.591 2.4986e+02     15.807      8.389   6.753070    -0.8130     0.0991    15.3040   999.0784     -0.779     -0.537 0.0000e+00
     -0.558     -0.164   178.6530    10.2711     96.265 2.1762e+02     15.807      7.839   6.309435    -0.9175    -0.2362    15.2864   999.0678     -0.806     -0.556 0.0000e+00
     -0.564     -0.104   179.4128    10.1250     95.251 1.7839e+02     15.808      7.706   6.202280    -0.9137    -0.2824    15.2653   999.0653     -0.799     -0.551 0.0000e+00
     -0.564     -0.049   179.4005     9.9599     94.455 1.5116e+02     15.809      7.805   6.281232    -0.9192    -0.3223    15.2519   999.0686     -0.804     -0.554 0.0000e+00
     -0.564     -0.014   178.7633     9.7675     93.821 1.4037e+02     15.809      7.925   6.376917    -0.9274    -0.3064    15.2450   999.0684     -0.802     -0.553 0.0000e+00
     -0.564     -0.002   177.6452     9.6496     93.324 1.3270e+02     15.808      7.887   6.345347    -0.9176    -0.2271    15.2403   999.0696     -0.802     -0.554 0.0000e+00
     -0.564 -1.057e-09   175.7761     9.5473     92.924 1.6062e+02     15.808      7.648   6.152984    -0.9056    -0.1875    15.2360   999.0700     -0.801     -0.552 0.0000e+00
     -0.564 -1.162e-08   175.2642     9.4716     92.494 1.9208e+02     15.808      7.242   5.825309    -0.9158    -0.2059    15.2318   999.0709     -0.803     -0.553 0.0000e+00
     -0.564 -1.278e-07   183.5012     9.4110     92.064 1.6506e+02     15.810      6.744   5.424940    -0.9354    -0.2437    15.2279   999.0713     -0.802     -0.553 0.0000e+00
     -0.564 -1.278e-07   222.7130     9.3569     91.679 1.2109e+02     15.816      6.358   5.113967    -0.9331    -0.2664    15.2246   999.0719     -0.802     -0.553 0.0000e+00
     -0.564 -1.162e-08   250.1490     9.3321     91.389 1.4251e+02     15.819      5.956   4.789960    -0.9268    -0.2754    15.2209   999.0724     -0.803     -0.554 0.0000e+00
     -0.564 -1.056e-09   213.7457     9.2808     91.219 2.0547e+02     15.810      5.420   4.358642    -0.9349    -0.2837    15.2169   999.0729     -0.803     -0.554 0.0000e+00
     -0.564 -9.350e-11   177.1407     9.2398     91.068 1.9524e+02     15.801      5.075   4.080706    -0.9260    -0.2637    15.2128   999.0733     -0.802     -0.553 0.0000e+00
     -0.564 1.9258e-11   172.4536     9.2012     90.918 1.4739e+02     15.802      5.008   4.027211    -0.9143    -0.2384    15.2091   999.0739     -0.802     -0.553 0.0000e+00
     -0.564 3.0708e-10   171.8725     9.1657     90.758 2.1304e+02     15.804      5.010   4.028622    -0.9361    -0.2182    15.2059   999.0743     -0.803     -0.554 0.0000e+00
     -0.564 3.3865e-09   172.2658     9.1614     90.578 2.8116e+02     15.807      4.939   3.971057    -1.0184     0.1174    15.2031   999.0745     -0.803     -0.554 0.0000e+00
     -0.564 3.7253e-08   174.4554     9.1411     90.409 1.7161e+02     15.808      4.774   3.838061    -1.1379     0.7635    15.2008   999.0748     -0.802     -0.553 0.0000e+00
     -0.564 4.0978e-07   182.3439     9.1292     90.274 5.0022e+01     15.811      4.586   3.687735    -1.1969     1.1050    15.1993   999.0750     -0.803     -0.554 0.0000e+00
     -0.564      0.000   189.9515     9.1144     90.257 2.2178e+01     15.814      4.490   3.610706    -1.1984     1.0875    15.1987   999.0751     -0.803     -0.554 0.0000e+00
     -0.564      0.000   198.4665     9.0927     90.457 1.5487e+01     15.816      4.639   3.730349    -1.1561     0.7240    15.1986   999.0751     -0.802     -0.553 0.0000e+00
     -0.564      0.001   318.6817     9.0783     90.884 1.6098e+01     15.835      4.889   3.930536    -1.0668     0.0738    15.1984   999.0751     -0.803     -0.554 0.0000e+00
     -0.564      0.001   442.1831     9.0594     91.437 1.7370e+01     15.848      4.901   3.940349    -1.0060    -0.2509    15.1983   999.0751     -0.802     -0.553 0.0000e+00
     -0.564      0.001   371.4387     9.0547     92.024 1.4510e+01     15.820      4.787   3.848999    -0.9840    -0.2145    15.1986   999.0750     -0.801     -0.552 0.0000e+00
     -0.564      0.001   279.6586     9.0724     92.569 1.2364e+01     15.797      4.775   3.839764    -0.8855     0.3424    15.1989   999.0750     -0.802     -0.553 0.0000e+00
