Data/DataNotYetUploadedToEDI/Raw_CTD/RawDownloads/110920_fcr50.cnv
* Sea-Bird SBE19plus  Data File:
* FileName = C:\DATA\110920_fcr50_0010.hex
* Software version 2.8.0.119
* Temperature SN = 7809
* Conductivity SN = 7809
* System UpLoad Time = Nov 09 2020 12:49:49
* <ApplicationData>
* <Seaterm232>
# nquan = 16
# nvalues = 7337                        
# units = specified
# name 0 = depFM: Depth [fresh water, m]
# name 1 = dz/dtM: Descent Rate [m/s]
# name 2 = orp: Oxidation Reduction Potential [mV]
# name 3 = sbeox0Mg/L: Oxygen, SBE 43 [mg/l]
# name 4 = sbeox0PS: Oxygen, SBE 43 [% saturation]
# name 5 = par/sat/log: PAR/Logarithmic, Satlantic
# name 6 = ph: pH
# name 7 = specc: Specific Conductance [uS/cm]
# name 8 = c0uS/cm: Conductivity [uS/cm]
# name 9 = flECO-AFL: Fluorescence, WET Labs ECO-AFL/FL [mg/m^3]
# name 10 = turbWETntu0: Turbidity, WET Labs ECO [NTU]
# name 11 = tv290C: Temperature [ITS-90, deg C]
# name 12 = density00: Density [density, kg/m^3]
# name 13 = prdE: Pressure, Strain Gauge [psi]
# name 14 = prdM: Pressure, Strain Gauge [db]
# name 15 = flag:  0.000e+00
# span 0 =     -0.549,      9.856       
# span 1 =     -4.938,      3.857       
# span 2 =   160.3192,   404.1950       
# span 3 =    -0.3542,    11.9576       
# span 4 =     -2.876,    114.685       
# span 5 = 1.2351e-01, 2.0806e+03       
# span 6 =     15.590,     16.121       
# span 7 =      0.598,    319.543       
# span 8 =   0.513809, 236.439621       
# span 9 =    -1.3372,    12.2578       
# span 10 =    -0.3074,   117.1741      
# span 11 =    11.7421,    17.9384      
# span 12 =   998.6130,   999.6677      
# span 13 =     -0.782,     14.019      
# span 14 =     -0.539,      9.666      
# span 15 = 0.0000e+00, 0.0000e+00      
# interval = seconds: 0.25
# start_time = Nov 08 2020 21:58:11 [Instrument's time stamp, header]
# bad_flag = -9.990e-29
*END*
[from data line 6057]
      8.993     -0.000   277.5338     6.5354     59.968 1.2369e-01     15.843     42.931  31.554243     2.9846     8.3634    11.7468   999.5873     12.791      8.819 0.0000e+00
      8.993     -0.001   277.5925     6.5356     59.838 1.2372e-01     15.844     42.922  31.547529     3.0862     8.6417    11.7469   999.5873     12.791      8.819 0.0000e+00
      8.993     -0.008   277.6263     6.5320     59.770 1.2375e-01     15.844     42.898  31.529796     3.1477     8.8236    11.7470   999.5872     12.790      8.819 0.0000e+00
      8.993     -0.084   277.6836     6.5184     59.806 1.2374e-01     15.844     42.899  31.530175     3.1467     8.8115    11.7470   999.5873     12.791      8.819 0.0000e+00
      8.993     -0.923   277.8550     6.4968     59.873 1.2371e-01     15.844     42.929  31.552101     3.0933     8.7693    11.7469   999.5873     12.791      8.819 0.0000e+00
      8.994     -0.923   277.8923     6.4850     59.906 1.2372e-01     15.843     42.914  31.541124     3.0265     8.7598    11.7470   999.5873     12.792      8.820 0.0000e+00
      8.994     -0.084   277.6183     6.4708     59.908 1.2372e-01     15.843     42.891  31.524344     3.0073     8.7655    11.7468   999.5873     12.792      8.820 0.0000e+00
      8.994     -0.008   277.2951     6.4812     59.894 1.2372e-01     15.844     42.911  31.539558     3.0135     8.8034    11.7468   999.5873     12.791      8.819 0.0000e+00
      8.994     -0.001   277.1686     6.4922     59.960 1.2368e-01     15.844     42.905  31.534736     3.0061     8.7380    11.7468   999.5873     12.792      8.820 0.0000e+00
      8.993     -0.000   277.2070     6.4917     60.060 1.2362e-01     15.843     42.897  31.529490     2.9844     8.5584    11.7467   999.5873     12.791      8.819 0.0000e+00
      8.993     -0.000   277.4147     6.4974     60.076 1.2363e-01     15.843     42.911  31.539569     2.9797     8.5209    11.7468   999.5872     12.791      8.819 0.0000e+00
      8.993 -4.737e-07   277.6154     6.4847     60.028 1.2368e-01     15.844     42.898  31.529708     3.0072     8.5591    11.7467   999.5873     12.791      8.819 0.0000e+00
      8.993 -1.737e-10   277.4828     6.4963     59.968 1.2372e-01     15.845     42.908  31.537156     3.0597     8.4020    11.7468   999.5873     12.792      8.820 0.0000e+00
      8.993 -8.941e-10   277.1882     6.5156     59.942 1.2374e-01     15.844     42.947  31.566169     3.1084     8.1315    11.7467   999.5873     12.791      8.819 0.0000e+00
      8.993 -9.257e-09   277.0647     6.5126     59.979 1.2374e-01     15.844     42.943  31.563272     3.1196     8.0355    11.7466   999.5873     12.791      8.820 0.0000e+00
      8.993 -1.018e-07   277.0217     6.5069     60.064 1.2375e-01     15.844     42.947  31.565573     3.1278     8.0990    11.7467   999.5873     12.792      8.819 0.0000e+00
      8.993 -3.145e-07   277.0127     6.4974     60.121 1.2373e-01     15.844     42.985  31.593997     3.1400     8.1104    11.7468   999.5873     12.791      8.820 0.0000e+00
      8.993 -3.692e-07   277.0417     6.4946     60.102 1.2368e-01     15.844     42.979  31.589703     3.1150     8.2074    11.7468   999.5873     12.792      8.819 0.0000e+00
      8.993 -1.615e-07   277.1147     6.4973     60.008 1.2363e-01     15.844     42.963  31.577104     3.0731     8.4825    11.7467   999.5873     12.791      8.819 0.0000e+00
      8.993 -1.468e-08   277.2071     6.5117     59.884 1.2363e-01     15.844     42.951  31.568562     3.0535     8.6550    11.7468   999.5873     12.791      8.819 0.0000e+00
      8.993 -1.334e-09   277.1266     6.5195     59.824 1.2367e-01     15.844     42.926  31.549864     3.0597     8.6804    11.7467   999.5873     12.791      8.819 0.0000e+00
      8.993 -1.213e-10   277.0010     6.5161     59.862 1.2371e-01     15.844     42.914  31.541370     3.1001     8.5141    11.7468   999.5873     12.791      8.819 0.0000e+00
      8.993 -1.103e-11   276.9794     6.5067     59.984 1.2373e-01     15.844     42.898  31.529313     3.1507     8.1898    11.7466   999.5873     12.791      8.819 0.0000e+00
      8.993 -1.003e-12   276.9507     6.4861     60.121 1.2374e-01     15.843     42.900  31.530976     3.1760     8.0556    11.7466   999.5873     12.791      8.819 0.0000e+00
      8.994 -9.115e-14   276.9982     6.4805     60.200 1.2376e-01     15.843     42.942  31.561478     3.1860     8.0930    11.7466   999.5873     12.792      8.820 0.0000e+00
      8.994 -8.285e-15   277.2101     6.4841     60.220 1.2374e-01     15.844     42.968  31.580870     3.1474     8.3330    11.7467   999.5873     12.792      8.820 0.0000e+00
      8.994 -7.530e-16   277.3616     6.5000     60.210 1.2378e-01     15.844     42.960  31.575102     3.0621     8.7596    11.7466   999.5873     12.791      8.819 0.0000e+00
      8.994 -6.845e-17   277.3675     6.5198     60.175 1.2383e-01     15.843     42.933  31.555191     3.0138     8.9601    11.7465   999.5873     12.792      8.820 0.0000e+00
      8.994 -6.225e-18   277.2825     6.5265     60.109 1.2376e-01     15.842     42.900  31.530456     3.0120     8.9707    11.7466   999.5873     12.792      8.820 0.0000e+00
      8.993 -5.660e-19   277.1931     6.5279     60.044 1.2368e-01     15.843     42.898  31.529823     3.0314     9.0604    11.7466   999.5873     12.791      8.819 0.0000e+00
      8.993 -5.145e-20   277.3187     6.5259     60.014 1.2368e-01     15.843     42.922  31.547542     3.0668     9.1866    11.7467   999.5873     12.790      8.819 0.0000e+00
      8.993 -4.677e-21   277.5105     6.5240     60.012 1.2373e-01     15.843     42.931  31.554357     3.0867     9.2259    11.7466   999.5873     12.791      8.819 0.0000e+00
      8.993 -4.251e-22   277.5339     6.5147     60.003 1.2371e-01     15.844     42.924  31.548779     3.0808     9.1919    11.7466   999.5873     12.791      8.819 0.0000e+00
      8.993 -3.865e-23   277.5155     6.5056     59.956 1.2370e-01     15.844     42.917  31.543540     3.1101     9.1535    11.7467   999.5873     12.791      8.819 0.0000e+00
      8.993 -3.514e-24   277.5459     6.5036     59.921 1.2374e-01     15.844     42.932  31.554462     3.1832     9.1392    11.7468   999.5873     12.791      8.819 0.0000e+00
      8.993 -3.194e-25   277.6434     6.5033     59.921 1.2373e-01     15.845     42.931  31.553932     3.2121     9.1222    11.7467   999.5873     12.792      8.820 0.0000e+00
      8.993 -2.904e-26   277.6619     6.5066     59.919 1.2369e-01     15.845     42.909  31.537139     3.1917     9.0505    11.7467   999.5873     12.791      8.819 0.0000e+00
      8.994 -2.640e-27   277.5111     6.4974     59.970 1.2371e-01     15.845     42.915  31.541763     3.1848     8.9925    11.7466   999.5873     12.792      8.820 0.0000e+00
      8.994 -2.400e-28   277.3701     6.4903     60.076 1.2375e-01     15.844     42.921  31.546397     3.2145     9.1429    11.7467   999.5873     12.792      8.820 0.0000e+00
      8.994 -2.182e-29   277.3334     6.4980     60.167 1.2371e-01     15.844     42.899  31.529719     3.2645     9.4606    11.7467   999.5873     12.792      8.820 0.0000e+00
      8.994 -1.983e-30   277.4984     6.4900     60.224 1.2368e-01     15.844     42.900  31.530446     3.2844     9.6412    11.7466   999.5873     12.792      8.820 0.0000e+00
      8.994 -1.803e-31   277.7294     6.4963     60.219 1.2371e-01     15.844     42.933  31.555189     3.2635     9.6443    11.7466   999.5873     12.791      8.819 0.0000e+00
      8.994 -1.639e-32   277.7172     6.5138     60.157 1.2368e-01     15.844     42.960  31.575102     3.1835     9.5325    11.7466   999.5873     12.792      8.820 0.0000e+00
      8.993 -1.490e-33   277.5228     6.5207     60.116 1.2364e-01     15.844     42.967  31.580869     3.0618     9.3542    11.7466   999.5873     12.791      8.819 0.0000e+00
      8.993 -1.355e-34   277.3578     6.5305     60.136 1.2364e-01     15.844     42.941  31.561478     3.0027     9.2740    11.7466   999.5873     12.791      8.819 0.0000e+00
      8.993 -1.232e-35   277.4436     6.5293     60.147 1.2361e-01     15.843     42.900  31.530977     2.9933     9.2487    11.7466   999.5873     12.791      8.819 0.0000e+00
      8.993 -1.133e-36   277.6993     6.5196     60.129 1.2360e-01     15.843     42.898  31.529313     2.9771     9.1164    11.7466   999.5873     12.791      8.819 0.0000e+00
      8.993 -2.517e-37   277.6962     6.5102     60.107 1.2365e-01     15.843     42.915  31.541359     2.9786     8.9449    11.7467   999.5873     12.791      8.819 0.0000e+00
      8.994 -1.658e-36   277.4057     6.5198     60.080 1.2369e-01     15.843     42.926  31.549735     3.0025     8.8572    11.7466   999.5873     12.792      8.820 0.0000e+00
      8.994 -1.814e-35   277.0264     6.5205     60.081 1.2370e-01     15.844     42.949  31.567141     3.0177     8.8119    11.7465   999.5873     12.792      8.820 0.0000e+00
      8.993 -1.995e-34   276.7243     6.5152     60.076 1.2372e-01     15.845     42.942  31.561476     3.0285     8.8433    11.7466   999.5873     12.791      8.819 0.0000e+00
      8.993 -2.195e-33   276.5923     6.5171     60.040 1.2375e-01     15.844     42.919  31.544689     3.0480     8.9628    11.7465   999.5873     12.791      8.819 0.0000e+00
      8.993 -2.414e-32   276.4626     6.5079     60.038 1.2379e-01     15.844     42.932  31.554504     3.0619     9.0556    11.7465   999.5873     12.791      8.819 0.0000e+00
      8.993 -2.655e-31   276.3610     6.5126     60.103 1.2379e-01     15.844     42.931  31.553255     3.0726     9.0725    11.7466   999.5873     12.791      8.819 0.0000e+00
      8.993 -2.921e-30   276.3964     6.5141     60.206 1.2378e-01     15.844     42.899  31.529589     3.1205     9.0298    11.7465   999.5873     12.791      8.819 0.0000e+00
      8.993 -3.213e-29   276.3737     6.5046     60.266 1.2378e-01     15.845     42.889  31.522152     3.2020     8.9853    11.7465   999.5873     12.791      8.819 0.0000e+00
      8.993 -3.534e-28   276.1724     6.5044     60.228 1.2375e-01     15.845     42.895  31.526776     3.2477     8.9808    11.7464   999.5873     12.792      8.820 0.0000e+00
      8.993 -3.888e-27   275.9414     6.5121     60.174 1.2369e-01     15.844     42.888  31.522049     3.2629     9.0099    11.7463   999.5874     12.791      8.819 0.0000e+00
      8.993 -4.277e-26   275.8186     6.5263     60.189 1.2368e-01     15.844     42.897  31.528440     3.2718     8.9933    11.7464   999.5873     12.790      8.819 0.0000e+00
      8.993 -4.704e-25   275.8055     6.5380     60.229 1.2373e-01     15.844     42.914  31.540608     3.2593     8.7804    11.7464   999.5873     12.791      8.819 0.0000e+00
      8.993 -5.175e-24   275.8692     6.5284     60.270 1.2376e-01     15.844     42.916  31.542281     3.2548     8.4609    11.7465   999.5873     12.791      8.819 0.0000e+00
      8.994 -5.692e-23   276.0717     6.5160     60.296 1.2374e-01     15.843     42.924  31.548675     3.2658     8.3244    11.7464   999.5873     12.792      8.820 0.0000e+00
      8.994 -6.261e-22   276.3613     6.5246     60.285 1.2367e-01     15.842     42.932  31.554461     3.2675     8.3319    11.7464   999.5873     12.792      8.820 0.0000e+00
      8.994 -6.888e-21   276.3593     6.5270     60.241 1.2365e-01     15.842     42.925  31.548799     3.2378     8.2422    11.7464   999.5873     12.792      8.820 0.0000e+00
      8.994 -7.576e-20   276.0479     6.5326     60.161 1.2371e-01     15.842     42.918  31.543655     3.1737     8.0628    11.7464   999.5873     12.792      8.820 0.0000e+00
      8.994 -8.334e-19   275.7792     6.5375     60.071 1.2371e-01     15.842     42.934  31.555720     3.1404     8.0170    11.7465   999.5873     12.791      8.819 0.0000e+00
      8.994 -9.167e-18   275.6927     6.5339     60.016 1.2366e-01     15.842     42.951  31.567775     3.1503     8.1004    11.7465   999.5873     12.792      8.820 0.0000e+00
      8.993 -1.008e-16   275.8624     6.5317     60.032 1.2366e-01     15.843     42.944  31.562518     3.1409     8.2467    11.7464   999.5873     12.791      8.819 0.0000e+00
      8.993 -1.109e-15   276.1095     6.5203     60.114 1.2366e-01     15.843     42.934  31.555606     3.1024     8.4468    11.7464   999.5873     12.791      8.819 0.0000e+00
      8.993 -1.220e-14   276.1851     6.5097     60.226 1.2366e-01     15.843     42.923  31.547656     3.0758     8.5297    11.7464   999.5873     12.792      8.820 0.0000e+00
      8.993 -1.342e-13   276.1748     6.5009     60.293 1.2371e-01     15.843     42.899  31.529833     3.0771     8.5280    11.7466   999.5873     12.791      8.819 0.0000e+00
      8.993 -1.476e-12   276.1563     6.5045     60.273 1.2372e-01     15.843     42.900  31.530456     3.0991     8.4941    11.7465   999.5873     12.791      8.819 0.0000e+00
      8.993 -1.624e-11   276.2205     6.5130     60.187 1.2368e-01     15.844     42.933  31.555190     3.1222     8.3609    11.7464   999.5873     12.791      8.819 0.0000e+00
      8.993 -1.786e-10   276.4343     6.5298     60.091 1.2365e-01     15.843     42.960  31.575102     3.1184     8.2224    11.7464   999.5873     12.791      8.819 0.0000e+00
      8.993 -1.965e-09   276.5908     6.5392     60.050 1.2369e-01     15.843     42.968  31.580870     3.1102     8.1581    11.7464   999.5873     12.792      8.820 0.0000e+00
      8.993 -2.162e-08   276.5632     6.5344     60.081 1.2374e-01     15.844     42.942  31.561488     3.1183     8.1322    11.7464   999.5873     12.791      8.819 0.0000e+00
      8.993 -2.378e-07   276.5314     6.5252     60.199 1.2369e-01     15.844     42.900  31.531091     3.1312     8.1155    11.7464   999.5873     12.791      8.819 0.0000e+00
      8.993 -4.360e-07   276.5501     6.5085     60.321 1.2365e-01     15.844     42.900  31.530571     3.1414     8.0939    11.7464   999.5873     12.791      8.819 0.0000e+00
      8.993 -2.394e-07   276.5317     6.5072     60.336 1.2368e-01     15.844     42.933  31.555202     3.1366     8.0423    11.7465   999.5873     12.791      8.819 0.0000e+00
      8.993 -3.932e-08   276.3082     6.5069     60.306 1.2371e-01     15.844     42.960  31.575115     3.1216     7.9383    11.7464   999.5873     12.792      8.820 0.0000e+00
      8.993 -1.967e-07   275.9992     6.5227     60.281 1.2376e-01     15.844     42.969  31.581000     3.0934     7.7292    11.7465   999.5873     12.791      8.819 0.0000e+00
      8.993 -3.572e-07   275.9797     6.5461     60.267 1.2381e-01     15.844     42.944  31.562909     3.0538     7.5043    11.7464   999.5873     12.791      8.819 0.0000e+00
      8.993 -1.948e-07   276.0724     6.5392     60.267 1.2377e-01     15.843     42.921  31.546717     3.0237     7.3827    11.7464   999.5873     12.791      8.819 0.0000e+00
      8.993 -1.770e-08   276.1739     6.5355     60.247 1.2373e-01     15.843     42.960  31.575569     3.0054     7.3572    11.7464   999.5873     12.791      8.819 0.0000e+00
      8.993 -1.609e-09   276.2590     6.5339     60.235 1.2373e-01     15.844     42.986  31.594528     3.0522     7.7807    11.7465   999.5873     12.792      8.820 0.0000e+00
      8.993 -1.463e-10   276.0697     6.5293     60.215 1.2377e-01     15.844     42.974  31.585601     3.1502     8.5886    11.7465   999.5873     12.791      8.819 0.0000e+00
      8.993 -1.330e-11   275.7776     6.5349     60.120 1.2377e-01     15.843     42.986  31.594523     3.1987     9.0231    11.7467   999.5873     12.791      8.819 0.0000e+00
      8.993 -1.209e-12   275.7390     6.5283     60.002 1.2374e-01     15.843     42.960  31.575513     3.2001     9.0510    11.7468   999.5873     12.791      8.819 0.0000e+00
      8.993 -1.099e-13   275.8608     6.5268     59.938 1.2377e-01     15.844     42.920  31.546093     3.1771     9.0289    11.7467   999.5873     12.792      8.820 0.0000e+00
