Data/DataNotYetUploadedToEDI/Raw_CTD/RawDownloads/110920_fcr50.cnv
* Sea-Bird SBE19plus  Data File:
* FileName = C:\DATA\110920_fcr50_0010.hex
* Software version 2.8.0.119
* Temperature SN = 7809
* Conductivity SN = 7809
* System UpLoad Time = Nov 09 2020 12:49:49
* <ApplicationData>
* <Seaterm232>
# nquan = 16
# nvalues = 7337                        
# units = specified
# name 0 = depFM: Depth [fresh water, m]
# name 1 = dz/dtM: Descent Rate [m/s]
# name 2 = orp: Oxidation Reduction Potential [mV]
# name 3 = sbeox0Mg/L: Oxygen, SBE 43 [mg/l]
# name 4 = sbeox0PS: Oxygen, SBE 43 [% saturation]
# name 5 = par/sat/log: PAR/Logarithmic, Satlantic
# name 6 = ph: pH
# name 7 = specc: Specific Conductance [uS/cm]
# name 8 = c0uS/cm: Conductivity [uS/cm]
# name 9 = flECO-AFL: Fluorescence, WET Labs ECO-AFL/FL [mg/m^3]
# name 10 = turbWETntu0: Turbidity, WET Labs ECO [NTU]
# name 11 = tv290C: Temperature [ITS-90, deg C]
# name 12 = density00: Density [density, kg/m^3]
# name 13 = prdE: Pressure, Strain Gauge [psi]
# name 14 = prdM: Pressure, Strain Gauge [db]
# name 15 = flag:  0.000e+00
# span 0 =     -0.549,      9.856       
# span 1 =     -4.938,      3.857       
# span 2 =   160.3192,   404.1950       
# span 3 =    -0.3542,    11.9576       
# span 4 =     -2.876,    114.685       
# span 5 = 1.2351e-01, 2.0806e+03       
# span 6 =     15.590,     16.121       
# span 7 =      0.598,    319.543       
# span 8 =   0.513809, 236.439621       
# span 9 =    -1.3372,    12.2578       
# span 10 =    -0.3074,   117.1741      
# span 11 =    11.7421,    17.9384      
# span 12 =   998.6130,   999.6677      
# span 13 =     -0.782,     14.019      
# span 14 =     -0.539,      9.666      
# span 15 = 0.0000e+00, 0.0000e+00      
# interval = seconds: 0.25
# start_time = Nov 08 2020 21:58:11 [Instrument's time stamp, header]
# bad_flag = -9.990e-29
*END*
[from data line 4882]
      8.993      0.000   267.6156     6.5756     60.725 1.2367e-01     15.843     42.860  31.500522     2.9432    11.1212    11.7456   999.5874     12.792      8.820 0.0000e+00
      8.993      0.000   267.7086     6.5771     60.780 1.2374e-01     15.842     42.877  31.512692     2.9228    11.0835    11.7457   999.5874     12.791      8.819 0.0000e+00
      8.993 1.8593e-07   267.8334     6.5828     60.823 1.2378e-01     15.842     42.879  31.514364     2.9315    11.0714    11.7456   999.5874     12.791      8.819 0.0000e+00
      8.993 1.6903e-08   268.0059     6.5767     60.853 1.2373e-01     15.843     42.887  31.520747     2.9626    10.8720    11.7456   999.5874     12.792      8.819 0.0000e+00
      8.994 1.5366e-09   268.1607     6.5798     60.873 1.2368e-01     15.844     42.895  31.526420     3.0032    10.4583    11.7458   999.5874     12.792      8.820 0.0000e+00
      8.994 1.3916e-10   268.1567     6.5892     60.873 1.2368e-01     15.844     42.885  31.519510     3.0132    10.1887    11.7459   999.5874     12.792      8.820 0.0000e+00
      8.994 6.8871e-12   268.0426     6.5924     60.877 1.2366e-01     15.844     42.860  31.500648     2.9977    10.1184    11.7458   999.5874     12.793      8.820 0.0000e+00
      8.994 -6.278e-11   267.9851     6.5951     60.885 1.2365e-01     15.844     42.843  31.488696     2.9966    10.0209    11.7458   999.5874     12.792      8.820 0.0000e+00
      8.994 -7.031e-10   267.9778     6.5996     60.884 1.2365e-01     15.843     42.861  31.501896     2.9998     9.8333    11.7459   999.5874     12.792      8.820 0.0000e+00
      8.994 -7.736e-09   268.0410     6.5969     60.870 1.2364e-01     15.843     42.904  31.533352     2.9983     9.7038    11.7460   999.5874     12.792      8.820 0.0000e+00
      8.993 -8.509e-08   268.2335     6.5971     60.804 1.2365e-01     15.843     42.929  31.551799     2.9974     9.6912    11.7459   999.5874     12.791      8.819 0.0000e+00
      8.993 -1.560e-07   268.4117     6.6011     60.729 1.2370e-01     15.844     42.905  31.534590     3.0270     9.9904    11.7460   999.5873     12.792      8.819 0.0000e+00
      8.993 -8.510e-08   268.3882     6.5964     60.672 1.2374e-01     15.844     42.879  31.515623     3.0986    10.6090    11.7461   999.5873     12.792      8.820 0.0000e+00
      8.993 -7.735e-09   268.2952     6.6024     60.636 1.2377e-01     15.844     42.875  31.512816     3.1385    10.9564    11.7461   999.5874     12.792      8.819 0.0000e+00
      8.994 -7.035e-10   268.3190     6.5892     60.648 1.2374e-01     15.843     42.859  31.500647     3.1279    10.9286    11.7461   999.5874     12.792      8.820 0.0000e+00
      8.994 -6.395e-11   268.4177     6.5805     60.642 1.2371e-01     15.843     42.852  31.495381     3.1042    10.8575    11.7460   999.5874     12.792      8.820 0.0000e+00
      8.993 -5.810e-12   268.5423     6.5776     60.617 1.2368e-01     15.843     42.875  31.512579     3.0804    10.8514    11.7461   999.5873     12.792      8.819 0.0000e+00
      8.993 -5.285e-13   268.6198     6.5661     60.615 1.2359e-01     15.843     42.883  31.518251     3.0779    10.8891    11.7461   999.5873     12.792      8.819 0.0000e+00
      8.994 -4.804e-14   268.6666     6.5767     60.610 1.2357e-01     15.842     42.859  31.500519     3.0841    10.9019    11.7461   999.5874     12.792      8.820 0.0000e+00
      8.994 -4.367e-15   268.6780     6.5735     60.600 1.2366e-01     15.842     42.843  31.488529     3.0781    11.2112    11.7462   999.5873     12.792      8.820 0.0000e+00
      8.994 -3.970e-16   268.5858     6.5673     60.580 1.2369e-01     15.842     42.858  31.500169     3.0722    11.9171    11.7463   999.5873     12.792      8.820 0.0000e+00
      8.994 -3.609e-17   268.4980     6.5709     60.521 1.2364e-01     15.842     42.878  31.514361     3.0801    12.3638    11.7462   999.5873     12.792      8.819 0.0000e+00
      8.994 -3.281e-18   268.5640     6.5694     60.469 1.2364e-01     15.843     42.904  31.533236     3.0877    12.3898    11.7463   999.5873     12.792      8.820 0.0000e+00
      8.994 -2.983e-19   268.7806     6.5671     60.460 1.2369e-01     15.843     42.910  31.538050     3.0691    12.2661    11.7462   999.5873     12.792      8.820 0.0000e+00
      8.994 -2.712e-20   268.8800     6.5693     60.471 1.2374e-01     15.843     42.870  31.509117     2.9983    11.8971    11.7462   999.5873     12.792      8.820 0.0000e+00
      8.994 -2.465e-21   268.8194     6.5591     60.513 1.2375e-01     15.843     42.859  31.500637     2.9091    11.3965    11.7463   999.5873     12.792      8.820 0.0000e+00
      8.994 -2.241e-22   268.8224     6.5502     60.553 1.2375e-01     15.842     42.857  31.498963     2.8778    11.1572    11.7464   999.5873     12.792      8.819 0.0000e+00
      8.994 -2.037e-23   268.8302     6.5544     60.575 1.2379e-01     15.842     42.843  31.488884     2.8773    11.1669    11.7463   999.5874     12.793      8.820 0.0000e+00
      8.994 -1.852e-24   268.8272     6.5507     60.612 1.2382e-01     15.843     42.866  31.505658     2.8835    11.3429    11.7464   999.5873     12.792      8.819 0.0000e+00
      8.994 -1.684e-25   268.9583     6.5593     60.649 1.2382e-01     15.844     42.874  31.511434     2.9054    11.6363    11.7464   999.5873     12.793      8.820 0.0000e+00
      8.994 -1.531e-26   269.1252     6.5648     60.694 1.2377e-01     15.844     42.852  31.495275     2.9229    11.8303    11.7464   999.5873     12.793      8.820 0.0000e+00
      8.994 -1.392e-27   269.2103     6.5627     60.750 1.2371e-01     15.844     42.859  31.500627     2.9418    11.9035    11.7464   999.5873     12.792      8.820 0.0000e+00
      8.994 -1.286e-28   269.2132     6.5707     60.776 1.2368e-01     15.843     42.876  31.512701     2.9436    12.1094    11.7464   999.5873     12.792      8.819 0.0000e+00
      8.994 -3.496e-29   269.1593     6.5727     60.732 1.2367e-01     15.843     42.878  31.514367     2.9257    12.5009    11.7463   999.5873     12.792      8.820 0.0000e+00
      8.994 -2.591e-28   269.1610     6.5767     60.602 1.2369e-01     15.843     42.886  31.520767     2.9260    12.7234    11.7464   999.5873     12.791      8.819 0.0000e+00
      8.994 -2.838e-27   269.2342     6.5864     60.482 1.2369e-01     15.843     42.894  31.526638     2.9462    12.7391    11.7464   999.5873     12.792      8.820 0.0000e+00
      8.994 -3.122e-26   269.3553     6.5884     60.448 1.2364e-01     15.844     42.888  31.521901     3.0079    12.4500    11.7464   999.5873     12.793      8.820 0.0000e+00
      8.994 -3.434e-25   269.5075     6.5881     60.466 1.2365e-01     15.844     42.895  31.526950     3.0908    11.8026    11.7465   999.5873     12.792      8.819 0.0000e+00
      8.994 -3.778e-24   269.6122     6.5674     60.512 1.2374e-01     15.843     42.891  31.524237     3.1190    11.3662    11.7464   999.5873     12.793      8.820 0.0000e+00
      8.993 -4.155e-23   269.6743     6.5493     60.535 1.2376e-01     15.842     42.843  31.489091     3.1292    11.2931    11.7464   999.5873     12.792      8.819 0.0000e+00
      8.993 -4.571e-22   269.5703     6.5519     60.538 1.2369e-01     15.841     42.834  31.482680     3.1856    11.0561    11.7462   999.5873     12.791      8.819 0.0000e+00
      8.993 -5.028e-21   269.3869     6.5501     60.573 1.2361e-01     15.842     42.872  31.510175     3.2571    10.5604    11.7463   999.5873     12.792      8.819 0.0000e+00
      8.993 -5.531e-20   269.5228     6.5608     60.618 1.2359e-01     15.842     42.864  31.504295     3.2786    10.2787    11.7461   999.5874     12.792      8.820 0.0000e+00
      8.993 -6.084e-19   269.7501     6.5628     60.634 1.2360e-01     15.843     42.824  31.475032     3.2646    10.2242    11.7462   999.5873     12.792      8.819 0.0000e+00
      8.993 -6.692e-18   269.7263     6.5581     60.621 1.2360e-01     15.844     42.822  31.473583     3.2589    10.2113    11.7464   999.5873     12.793      8.820 0.0000e+00
      8.993 -7.362e-17   269.6650     6.5654     60.632 1.2368e-01     15.844     42.840  31.486783     3.2582    10.4320    11.7463   999.5873     12.792      8.819 0.0000e+00
      8.994 -8.098e-16   269.6110     6.5706     60.686 1.2378e-01     15.843     42.869  31.507734     3.2654    10.8667    11.7464   999.5873     12.791      8.820 0.0000e+00
      8.994 -8.907e-15   269.5033     6.5742     60.748 1.2381e-01     15.843     42.908  31.536563     3.2697    11.1066    11.7465   999.5873     12.792      8.820 0.0000e+00
      8.994 -9.798e-14   269.4814     6.5683     60.778 1.2379e-01     15.843     42.883  31.518125     3.2526    11.1007    11.7465   999.5873     12.793      8.820 0.0000e+00
      8.994 -1.078e-12   269.6041     6.5689     60.759 1.2374e-01     15.843     42.824  31.475143     3.1541    11.1390    11.7465   999.5873     12.792      8.820 0.0000e+00
      8.994 -1.186e-11   269.7835     6.5776     60.754 1.2365e-01     15.843     42.804  31.460990     2.9843    11.2266    11.7466   999.5873     12.793      8.820 0.0000e+00
      8.993 -1.304e-10   269.8425     6.5843     60.772 1.2364e-01     15.843     42.822  31.473886     2.8875    11.2321    11.7466   999.5873     12.792      8.819 0.0000e+00
      8.993 -1.435e-09   269.7160     6.5910     60.785 1.2368e-01     15.842     42.863  31.504181     2.8709    11.2406    11.7466   999.5873     12.792      8.819 0.0000e+00
      8.993 -1.578e-08   269.5437     6.5834     60.808 1.2374e-01     15.842     42.871  31.510051     2.8791    11.3636    11.7466   999.5873     12.792      8.820 0.0000e+00
      8.993 -1.736e-07   269.4810     6.5825     60.790 1.2378e-01     15.842     42.832  31.481422     2.9193    11.5176    11.7468   999.5872     12.792      8.819 0.0000e+00
      8.993 -3.609e-07   269.5599     6.5890     60.710 1.2375e-01     15.842     42.823  31.475258     2.9573    11.5573    11.7469   999.5872     12.791      8.819 0.0000e+00
      8.993 -2.158e-07   269.7232     6.5851     60.625 1.2369e-01     15.841     42.856  31.498973     2.9558    11.5003    11.7469   999.5873     12.792      8.819 0.0000e+00
      8.993 3.1583e-08   269.8207     6.5926     60.532 1.2364e-01     15.841     42.877  31.514367     2.9112    11.3777    11.7470   999.5873     12.791      8.819 0.0000e+00
      8.993 4.9801e-08   269.7063     6.5929     60.466 1.2364e-01     15.842     42.904  31.534496     2.8479    11.1737    11.7469   999.5872     12.792      8.819 0.0000e+00
      8.993 4.5273e-09   269.5445     6.5773     60.460 1.2367e-01     15.843     42.928  31.552017     2.8109    11.0258    11.7470   999.5872     12.792      8.820 0.0000e+00
      8.993 4.1158e-10   269.5859     6.5723     60.463 1.2365e-01     15.843     42.906  31.535868     2.8063    10.9273    11.7471   999.5872     12.792      8.819 0.0000e+00
      8.993 3.7416e-11   269.6896     6.5598     60.485 1.2362e-01     15.842     42.897  31.529582     2.7919    10.9441    11.7472   999.5872     12.792      8.819 0.0000e+00
      8.993 3.4015e-12   269.7660     6.5487     60.548 1.2365e-01     15.842     42.911  31.539454     2.7610    11.1947    11.7473   999.5872     12.792      8.820 0.0000e+00
      8.993 3.0922e-13   269.9071     6.5542     60.569 1.2370e-01     15.842     42.896  31.528334     2.7478    11.4172    11.7473   999.5872     12.791      8.819 0.0000e+00
      8.993 2.8111e-14   270.0199     6.5527     60.557 1.2370e-01     15.843     42.887  31.522027     2.7467    11.4717    11.7475   999.5872     12.792      8.820 0.0000e+00
      8.993 2.5556e-15   270.0106     6.5511     60.596 1.2360e-01     15.843     42.894  31.526649     2.7378    11.4411    11.7475   999.5872     12.792      8.819 0.0000e+00
      8.994 2.3233e-16   269.9672     6.5655     60.640 1.2364e-01     15.842     42.886  31.520778     2.7452    11.5279    11.7473   999.5872     12.792      8.820 0.0000e+00
      8.994 2.1121e-17   270.0121     6.5676     60.625 1.2376e-01     15.842     42.877  31.514478     2.7795    11.8349    11.7474   999.5872     12.792      8.820 0.0000e+00
      8.994 1.9200e-18   270.1234     6.5578     60.575 1.2378e-01     15.842     42.876  31.513918     2.8095    12.0624    11.7476   999.5872     12.792      8.820 0.0000e+00
      8.994 1.7455e-19   270.1934     6.5680     60.543 1.2373e-01     15.843     42.876  31.514011     2.8207    12.0821    11.7474   999.5872     12.792      8.819 0.0000e+00
      8.994 1.5868e-20   270.1706     6.5757     60.570 1.2367e-01     15.843     42.878  31.515609     2.8104    12.0384    11.7475   999.5872     12.793      8.820 0.0000e+00
      8.994 1.4425e-21   270.1921     6.5713     60.610 1.2372e-01     15.843     42.902  31.533237     2.7889    12.0146    11.7476   999.5872     12.792      8.819 0.0000e+00
      8.994 1.3114e-22   270.1946     6.5651     60.596 1.2375e-01     15.843     42.907  31.536812     2.7811    12.0346    11.7475   999.5872     12.792      8.820 0.0000e+00
      8.994 1.1922e-23   270.1150     6.5580     60.561 1.2368e-01     15.843     42.851  31.495380     2.7923    12.0066    11.7475   999.5872     12.792      8.820 0.0000e+00
      8.994 1.0838e-24   270.0898     6.5634     60.542 1.2368e-01     15.843     42.825  31.476413     2.8197    11.3317    11.7474   999.5872     12.792      8.819 0.0000e+00
      8.994 9.8530e-26   270.0623     6.5733     60.544 1.2367e-01     15.843     42.854  31.497819     2.8450    10.0893    11.7473   999.5872     12.793      8.820 0.0000e+00
      8.994 8.9570e-27   270.1258     6.5674     60.564 1.2362e-01     15.843     42.858  31.500419     2.8698     9.4470    11.7473   999.5873     12.792      8.820 0.0000e+00
      8.994 8.1430e-28   270.3419     6.5624     60.562 1.2365e-01     15.843     42.868  31.507849     2.8903     9.4714    11.7473   999.5872     12.793      8.820 0.0000e+00
      8.994 7.4025e-29   270.5248     6.5615     60.540 1.2368e-01     15.844     42.890  31.524207     2.9400     9.7320    11.7472   999.5872     12.792      8.819 0.0000e+00
      8.994 6.7295e-30   270.5296     6.5596     60.522 1.2366e-01     15.844     42.868  31.507859     3.0328    10.1259    11.7473   999.5872     12.792      8.820 0.0000e+00
      8.994 6.1180e-31   270.4003     6.5657     60.514 1.2368e-01     15.843     42.858  31.500524     3.0678    10.2851    11.7472   999.5872     12.793      8.820 0.0000e+00
      8.994 5.5615e-32   270.2519     6.5650     60.546 1.2366e-01     15.843     42.856  31.498964     3.0577    10.3186    11.7472   999.5872     12.791      8.819 0.0000e+00
      8.994 5.0560e-33   270.1980     6.5601     60.623 1.2362e-01     15.843     42.842  31.489009     3.0725    10.5992    11.7473   999.5873     12.792      8.820 0.0000e+00
      8.994 4.5964e-34   270.4368     6.5605     60.709 1.2367e-01     15.843     42.867  31.507041     3.0942    10.9655    11.7472   999.5872     12.793      8.820 0.0000e+00
      8.994 4.1786e-35   270.7298     6.5558     60.743 1.2374e-01     15.843     42.894  31.526649     3.0921    11.1080    11.7472   999.5872     12.792      8.820 0.0000e+00
      8.994 3.7987e-36   270.7299     6.5603     60.710 1.2370e-01     15.843     42.906  31.535755     3.0662    11.1213    11.7472   999.5872     12.793      8.819 0.0000e+00
      8.994 3.4533e-37   270.6091     6.5698     60.690 1.2362e-01     15.843     42.930  31.553690     3.0485    11.1261    11.7471   999.5872     12.792      8.820 0.0000e+00
      8.994 3.1394e-38   270.4738     6.5810     60.687 1.2366e-01     15.843     42.929  31.553170     3.0297    11.0966    11.7470   999.5873     12.792      8.820 0.0000e+00
      8.994 2.8540e-39   270.3849     6.5889     60.699 1.2371e-01     15.843     42.897  31.529457     2.9825    11.0744    11.7470   999.5873     12.792      8.819 0.0000e+00
