Data/DataNotYetUploadedToEDI/Raw_CTD/RawDownloads/110920_fcr20.cnv
* Sea-Bird SBE19plus  Data File:
* FileName = C:\DATA\111020_bvr50_0001.hex
* Software version 2.8.0.119
* Temperature SN = 7809
* Conductivity SN = 7809
* System UpLoad Time = Nov 10 2020 10:49:15
* <ApplicationData>
* <Seaterm232>
# nquan = 16
# nvalues = 668                         
# units = specified
# name 0 = depFM: Depth [fresh water, m]
# name 1 = dz/dtM: Descent Rate [m/s]
# name 2 = orp: Oxidation Reduction Potential [mV]
# name 3 = sbeox0Mg/L: Oxygen, SBE 43 [mg/l]
# name 4 = sbeox0PS: Oxygen, SBE 43 [% saturation]
# name 5 = par/sat/log: PAR/Logarithmic, Satlantic
# name 6 = ph: pH
# name 7 = specc: Specific Conductance [uS/cm]
# name 8 = c0uS/cm: Conductivity [uS/cm]
# name 9 = flECO-AFL: Fluorescence, WET Labs ECO-AFL/FL [mg/m^3]
# name 10 = turbWETntu0: Turbidity, WET Labs ECO [NTU]
# name 11 = tv290C: Temperature [ITS-90, deg C]
# name 12 = density00: Density [density, kg/m^3]
# name 13 = prdE: Pressure, Strain Gauge [psi]
# name 14 = prdM: Pressure, Strain Gauge [db]
# name 15 = flag:  0.000e+00
# span 0 =     -0.568,      1.710       
# span 1 =     -0.313,      0.286       
# span 2 = -1240.7451,   914.5048       
# span 3 =     1.7973,    12.7341       
# span 4 =     18.502,    126.483       
# span 5 = 7.6789e+00, 1.1021e+03       
# span 6 =     -0.067,     15.878       
# span 7 =      3.657,    467.682       
# span 8 =   2.939677, 362.242914       
# span 9 =    -1.6989,     8.3201       
# span 10 =    -4.1612,   936.7059      
# span 11 =    13.3738,    20.8346      
# span 12 =   998.0356,   999.4639      
# span 13 =     -0.807,      2.433      
# span 14 =     -0.557,      1.677      
# span 15 = 0.0000e+00, 0.0000e+00      
# interval = seconds: 0.25
# start_time = Nov 09 2020 02:27:37 [Instrument's time stamp, header]
# bad_flag = -9.990e-29
*END*
[from data line 362]
      1.707      0.001  -135.4453     8.0425     76.201 3.0149e+01     15.865    375.912 290.667593     7.0076    16.2411    13.6166   999.4443      2.428      1.674 0.0000e+00
      1.707      0.000  -135.5197     8.0004     76.106 3.0722e+01     15.865    376.538 291.163979     7.0252    15.9584    13.6298   999.4430      2.430      1.675 0.0000e+00
      1.707     -0.001  -135.6592     7.9544     75.994 3.1364e+01     15.864    377.062 291.549642     7.1064    13.7030    13.6445   999.4415      2.428      1.674 0.0000e+00
      1.706     -0.001  -135.9277     7.9219     75.814 3.2088e+01     15.864    377.594 291.924797     7.2648     9.6046    13.6536   999.4405      2.426      1.673 0.0000e+00
      1.705     -0.002  -136.1855     7.8972     75.627 3.2744e+01     15.864    378.117 292.294031     7.3382     7.3311    13.6598   999.4400      2.426      1.672 0.0000e+00
      1.705     -0.003  -136.3660     7.8956     75.429 3.3171e+01     15.864    378.554 292.608060     7.3259     7.0884    13.6617   999.4399      2.424      1.671 0.0000e+00
      1.705     -0.004  -136.6481     7.8868     75.223 3.3439e+01     15.865    378.938 292.894060     7.2687     7.2882    13.6581   999.4406      2.425      1.672 0.0000e+00
      1.704     -0.005  -136.9291     7.8632     75.052 3.3866e+01     15.865    379.310 293.181433     7.1812     7.7551    13.6524   999.4416      2.424      1.671 0.0000e+00
      1.703     -0.007  -137.0094     7.8466     74.874 3.4616e+01     15.864    379.646 293.447775     7.1544     8.0303    13.6475   999.4424      2.422      1.670 0.0000e+00
      1.701     -0.010  -137.1039     7.8284     74.688 3.5607e+01     15.864    379.923 293.672265     7.1535     7.9719    13.6442   999.4430      2.419      1.668 0.0000e+00
      1.698     -0.012  -137.2969     7.8008     74.499 3.6719e+01     15.864    380.202 293.903445     7.1421     7.3920    13.6430   999.4433      2.415      1.665 0.0000e+00
      1.695     -0.014  -137.5359     7.7895     74.284 3.7857e+01     15.864    380.539 294.186400     7.1601     6.4094    13.6433   999.4434      2.411      1.662 0.0000e+00
      1.690     -0.015  -137.8429     7.7690     74.093 3.8989e+01     15.864    380.937 294.522731     7.1804     5.8757    13.6440   999.4434      2.404      1.657 0.0000e+00
      1.686     -0.016  -138.0843     7.7474     73.929 4.0134e+01     15.864    381.365 294.885078     7.1870     5.8834    13.6454   999.4433      2.397      1.652 0.0000e+00
      1.682     -0.017  -138.2178     7.7332     73.798 4.1289e+01     15.864    381.765 295.225464     7.1725     6.3306    13.6474   999.4431      2.392      1.649 0.0000e+00
      1.677     -0.018  -138.3380     7.7032     73.732 4.2403e+01     15.863    382.149 295.553296     7.1483     7.0942    13.6503   999.4428      2.385      1.645 0.0000e+00
      1.673     -0.018  -138.5048     7.6850     73.637 4.3452e+01     15.863    382.548 295.892351     7.1522     7.5297    13.6541   999.4425      2.380      1.641 0.0000e+00
      1.668     -0.018  -138.6862     7.6690     73.492 4.4576e+01     15.863    382.956 296.239826     7.1435     7.6477    13.6585   999.4420      2.373      1.636 0.0000e+00
      1.663     -0.019  -138.8101     7.6477     73.360 4.5745e+01     15.863    383.385 296.605155     6.9668     8.4168    13.6627   999.4416      2.364      1.630 0.0000e+00
      1.658     -0.020  -138.8845     7.6495     73.235 4.6692e+01     15.863    383.806 296.967193     6.6561     9.8935    13.6667   999.4411      2.358      1.626 0.0000e+00
      1.653     -0.021  -138.9836     7.6389     73.102 4.7588e+01     15.863    384.240 297.339100     6.4962    10.7055    13.6706   999.4408      2.351      1.622 0.0000e+00
      1.648     -0.021  -139.1471     7.6172     72.929 4.8717e+01     15.863    384.736 297.759407     6.5022    10.7841    13.6746   999.4403      2.344      1.616 0.0000e+00
      1.642     -0.020  -139.3135     7.6068     72.724 4.9891e+01     15.863    385.247 298.192350     6.6047    11.0161    13.6791   999.4399      2.335      1.610 0.0000e+00
      1.636     -0.018  -139.3597     7.5908     72.543 5.0853e+01     15.862    385.710 298.588395     6.7815    11.4153    13.6838   999.4394      2.327      1.604 0.0000e+00
      1.630     -0.015  -139.3617     7.5799     72.427 5.1571e+01     15.862    386.128 298.948201     6.8657    11.5948    13.6886   999.4388      2.316      1.596 0.0000e+00
      1.627     -0.010  -139.5098     7.5599     72.352 5.2022e+01     15.862    386.571 299.328606     6.8597    11.6062    13.6933   999.4384      2.313      1.595 0.0000e+00
      1.625     -0.007  -139.6874     7.5352     72.212 5.2452e+01     15.862    387.025 299.716507     6.9093    12.1373    13.6982   999.4379      2.312      1.594 0.0000e+00
      1.625     -0.006  -139.7890     7.5144     71.982 5.3076e+01     15.861    387.395 300.038322     7.0082    13.1414    13.7030   999.4374      2.310      1.594 0.0000e+00
      1.626     -0.009  -139.9640     7.5009     71.771 5.3436e+01     15.861    387.721 300.326775     7.0636    13.6871    13.7077   999.4370      2.312      1.595 0.0000e+00
      1.626     -0.016  -140.1681     7.4991     71.655 5.3393e+01     15.861    388.070 300.632699     7.0729    13.6883    13.7125   999.4365      2.313      1.595 0.0000e+00
      1.624     -0.030  -140.1923     7.4849     71.559 5.3253e+01     15.861    388.464 300.972847     6.9778    13.2238    13.7174   999.4360      2.312      1.594 0.0000e+00
      1.617     -0.048  -140.1708     7.4551     71.402 5.3390e+01     15.860    388.911 301.353613     6.7916    12.3631    13.7219   999.4356      2.303      1.588 0.0000e+00
      1.604     -0.067  -140.2522     7.4265     71.181 5.4518e+01     15.860    389.399 301.764849     6.6909    11.8305    13.7264   999.4350      2.287      1.576 0.0000e+00
      1.584     -0.084  -140.2292     7.4208     70.980 5.6821e+01     15.860    389.940 302.216168     6.6858    11.7624    13.7311   999.4343      2.257      1.556 0.0000e+00
      1.555     -0.094  -140.2376     7.4120     70.861 5.9804e+01     15.860    390.521 302.695723     6.7683    12.1574    13.7356   999.4337      2.213      1.526 0.0000e+00
      1.522     -0.098  -139.4081     7.3957     70.773 6.3069e+01     15.859    391.126 303.191103     6.9243    12.8641    13.7400   999.4331      2.163      1.492 0.0000e+00
      1.492     -0.094  -135.4475     7.3688     70.665 6.6437e+01     15.858    391.757 303.705036     7.0086    13.2687    13.7444   999.4326      2.119      1.461 0.0000e+00
      1.468     -0.084  -127.5408     7.3415     70.508 6.9614e+01     15.859    392.385 304.215918     6.9957    13.6507    13.7485   999.4321      2.083      1.436 0.0000e+00
      1.450     -0.073  -117.1997     7.3351     70.333 7.2539e+01     15.859    393.028 304.738600     6.7969    17.1743    13.7522   999.4318      2.060      1.420 0.0000e+00
      1.435     -0.063  -106.6066     7.3247     70.198 7.4562e+01     15.858    393.763 305.330772     6.4357    23.5653    13.7556   999.4315      2.039      1.406 0.0000e+00
      1.423     -0.056   -96.8564     7.3160     70.091 7.5051e+01     15.858    394.565 305.974387     6.2243    27.0308    13.7586   999.4313      2.023      1.395 0.0000e+00
      1.413     -0.054   -88.1030     7.2978     69.991 7.4880e+01     15.858    395.353 306.604479     6.1671    27.9007    13.7616   999.4311      2.013      1.388 0.0000e+00
      1.400     -0.056   -80.3560     7.2746     69.877 7.4781e+01     15.858    396.131 307.225886     5.8388    34.3919    13.7648   999.4308      1.995      1.375 0.0000e+00
      1.385     -0.059   -73.7414     7.2631     69.746 7.5863e+01     15.857    396.886 307.828613     5.2304    46.1882    13.7677   999.4306      1.971      1.359 0.0000e+00
      1.367     -0.061   -67.9232     7.2513     69.625 7.7558e+01     15.857    397.634 308.425620     4.8956    52.5952    13.7704   999.4305      1.945      1.341 0.0000e+00
      1.350     -0.061   -61.8900     7.2416     69.515 7.8942e+01     15.858    398.406 309.042005     4.8714    52.9432    13.7728   999.4303      1.920      1.324 0.0000e+00
      1.333     -0.059   -55.5152     7.2301     69.399 8.0525e+01     15.858    399.131 309.621621     4.9762    50.8083    13.7750   999.4302      1.895      1.306 0.0000e+00
      1.318     -0.054   -49.2675     7.2140     69.271 8.1177e+01     15.858    399.801 310.159807     5.1811    46.9009    13.7771   999.4302      1.874      1.291 0.0000e+00
      1.305     -0.049   -43.4796     7.2018     69.141 8.0785e+01     15.857    400.419 310.661006     5.2881    44.7703    13.7793   999.4301      1.855      1.280 0.0000e+00
      1.295     -0.045   -38.5348     7.1906     69.031 8.0486e+01     15.856    400.973 311.114916     5.2872    44.7539    13.7815   999.4301      1.841      1.270 0.0000e+00
      1.286     -0.044   -34.3073     7.1788     68.971 7.8836e+01     15.857    401.477 311.531478     5.2087    47.1155    13.7835   999.4300      1.829      1.261 0.0000e+00
      1.276     -0.045   -30.5655     7.1643     68.975 7.5928e+01     15.857    401.922 311.902624     5.0640    51.5234    13.7857   999.4299      1.815      1.251 0.0000e+00
      1.265     -0.046   -27.0205     7.1498     68.976 7.6288e+01     15.856    402.346 312.257616     4.9964    53.9308    13.7886   999.4297      1.800      1.241 0.0000e+00
      1.252     -0.049   -23.0220     7.1371     68.918 7.9316e+01     15.856    402.763 312.607447     5.0210    53.7011    13.7916   999.4294      1.782      1.228 0.0000e+00
      1.239     -0.052   -18.3558     7.1282     68.829 8.1976e+01     15.856    403.127 312.916135     5.2944    48.3677    13.7947   999.4292      1.761      1.214 0.0000e+00
      1.225     -0.054   -13.2783     7.1321     68.745 8.5713e+01     15.856    403.408 313.159589     5.7938    38.5416    13.7981   999.4288      1.742      1.201 0.0000e+00
      1.210     -0.057    -8.2631     7.1348     68.670 9.0053e+01     15.856    403.640 313.363915     6.0620    33.1546    13.8014   999.4283      1.722      1.187 0.0000e+00
      1.196     -0.062    -3.7488     7.1260     68.618 9.4543e+01     15.856    403.895 313.585465     6.0959    32.3647    13.8045   999.4281      1.701      1.172 0.0000e+00
      1.182     -0.066     0.3494     7.1142     68.584 9.9826e+01     15.856    404.116 313.779825     6.2515    29.2313    13.8078   999.4277      1.682      1.159 0.0000e+00
      1.166     -0.069     4.2049     7.1064     68.518 1.0457e+02     15.856    404.258 313.912699     6.5413    23.6622    13.8111   999.4273      1.661      1.146 0.0000e+00
      1.145     -0.070     7.7635     7.0969     68.414 1.0862e+02     15.855    404.386 314.034112     6.7004    20.7171    13.8140   999.4269      1.631      1.124 0.0000e+00
      1.122     -0.068    11.1120     7.0900     68.317 1.1180e+02     15.855    404.429 314.089897     6.6883    20.7448    13.8168   999.4264      1.594      1.098 0.0000e+00
      1.102     -0.065    14.2328     7.0902     68.252 1.1445e+02     15.855    404.213 313.943912     6.4520    24.3404    13.8197   999.4261      1.564      1.079 0.0000e+00
      1.087     -0.061    17.1039     7.0828     68.215 1.1569e+02     15.855    403.438 313.362673     6.0271    31.1284    13.8225   999.4256      1.544      1.065 0.0000e+00
      1.076     -0.057    19.7560     7.0685     68.189 1.1529e+02     15.855    401.181 311.629580     5.7860    34.7706    13.8252   999.4253      1.530      1.055 0.0000e+00
      1.065     -0.055    21.3481     7.0581     68.145 1.1663e+02     15.853    395.378 307.140541     5.8066    34.4226    13.8280   999.4248      1.516      1.046 0.0000e+00
      1.053     -0.057    22.0715     7.0507     68.080 1.1888e+02     15.853    383.584 297.994395     6.3335    27.5396    13.8307   999.4245      1.498      1.034 0.0000e+00
      1.038     -0.060    23.5120     7.0471     68.030 1.2118e+02     15.853    363.869 282.690618     7.2736    14.9261    13.8332   999.4239      1.478      1.019 0.0000e+00
      1.021     -0.064    25.7731     7.0458     68.011 1.2558e+02     15.854    337.352 262.099056     7.7701     8.0533    13.8357   999.4229      1.452      1.001 0.0000e+00
      1.002     -0.067    28.3310     7.0409     67.979 1.3111e+02     15.855    309.652 240.585247     7.7964     7.4771    13.8381   999.4206      1.426      0.983 0.0000e+00
      0.983     -0.068    31.0370     7.0328     67.890 1.3505e+02     15.854    285.528 221.848057     7.7543     8.0962    13.8402   999.4161      1.397      0.964 0.0000e+00
      0.965     -0.068    33.9701     7.0257     67.761 1.3931e+02     15.854    265.616 206.380391     7.6896     9.3583    13.8420   999.4084      1.372      0.946 0.0000e+00
      0.948     -0.067    37.2086     7.0271     67.648 1.4227e+02     15.854    249.721 194.032311     7.6627    10.0684    13.8433   999.3971      1.350      0.931 0.0000e+00
      0.931     -0.064    40.4235     7.0265     67.584 1.4149e+02     15.854    238.705 185.472198     7.6584    10.1937    13.8445   999.3857      1.324      0.913 0.0000e+00
      0.915     -0.061    43.3297     7.0164     67.539 1.4175e+02     15.854    232.411 180.578499     7.5514    10.5982    13.8455   999.3766      1.301      0.896 0.0000e+00
      0.900     -0.058    45.9333     7.0014     67.486 1.4194e+02     15.854    229.115 178.013057     7.3603    11.3544    13.8462   999.3692      1.278      0.881 0.0000e+00
      0.885     -0.056    48.5868     6.9871     67.397 1.4375e+02     15.854    227.178 176.503342     7.2649    11.7837    13.8467   999.3629      1.257      0.867 0.0000e+00
      0.872     -0.056    51.4939     6.9838     67.260 1.4942e+02     15.854    225.960 175.552842     7.2762    11.6682    13.8465   999.3588      1.241      0.856 0.0000e+00
      0.859     -0.058    54.0670     6.9801     67.168 1.5139e+02     15.855    225.529 175.211113     7.4584    10.2331    13.8458   999.3568      1.221      0.842 0.0000e+00
      0.846     -0.061    55.4344     6.9746     67.138 1.5340e+02     15.855    225.751 175.374793     7.7898     7.6496    13.8447   999.3559      1.205      0.831 0.0000e+00
      0.831     -0.066    56.1538     6.9698     67.121 1.5983e+02     15.855    226.319 175.806623     7.9639     6.2160    13.8436   999.3554      1.186      0.818 0.0000e+00
      0.811     -0.072    57.7739     6.9483     67.171 1.5767e+02     15.855    227.264 176.534494     7.9707     6.0481    13.8428   999.3549      1.153      0.796 0.0000e+00
      0.791     -0.079    60.4829     6.9376     67.198 1.5451e+02     15.855    228.629 177.593604     7.9097     5.9636    13.8414   999.3548      1.122      0.774 0.0000e+00
      0.771     -0.084    62.9242     6.9432     67.078 1.5711e+02     15.854    229.975 178.643287     7.7896     5.8799    13.8392   999.3551      1.098      0.757 0.0000e+00
      0.750     -0.087    64.4909     6.9317     66.855 1.5590e+02     15.853    230.920 179.384599     7.7199     5.8606    13.8369   999.3555      1.069      0.737 0.0000e+00
      0.726     -0.087    65.2290     6.9429     66.590 1.7371e+02     15.853    231.504 179.846320     7.7161     5.8331    13.8354   999.3560      1.032      0.713 0.0000e+00
      0.701     -0.086    65.1380     6.9559     66.441 1.9812e+02     15.854    231.953 180.199543     7.7246     5.5829    13.8352   999.3565      0.994      0.686 0.0000e+00
      0.677     -0.085    65.2831     6.9336     66.471 2.0096e+02     15.854    232.291 180.459768     7.7268     5.1344    13.8359   999.3568      0.960      0.662 0.0000e+00
      0.657     -0.083    66.4673     6.9152     66.523 2.0481e+02     15.854    232.602 180.691806     7.7234     4.8739    13.8378   999.3568      0.933      0.643 0.0000e+00
