Data/DataNotYetUploadedToEDI/Raw_CTD/RawDownloads/110920_fcr20.cnv
* Sea-Bird SBE19plus  Data File:
* FileName = C:\DATA\111020_bvr50_0001.hex
* Software version 2.8.0.119
* Temperature SN = 7809
* Conductivity SN = 7809
* System UpLoad Time = Nov 10 2020 10:49:15
* <ApplicationData>
* <Seaterm232>
# nquan = 16
# nvalues = 668                         
# units = specified
# name 0 = depFM: Depth [fresh water, m]
# name 1 = dz/dtM: Descent Rate [m/s]
# name 2 = orp: Oxidation Reduction Potential [mV]
# name 3 = sbeox0Mg/L: Oxygen, SBE 43 [mg/l]
# name 4 = sbeox0PS: Oxygen, SBE 43 [% saturation]
# name 5 = par/sat/log: PAR/Logarithmic, Satlantic
# name 6 = ph: pH
# name 7 = specc: Specific Conductance [uS/cm]
# name 8 = c0uS/cm: Conductivity [uS/cm]
# name 9 = flECO-AFL: Fluorescence, WET Labs ECO-AFL/FL [mg/m^3]
# name 10 = turbWETntu0: Turbidity, WET Labs ECO [NTU]
# name 11 = tv290C: Temperature [ITS-90, deg C]
# name 12 = density00: Density [density, kg/m^3]
# name 13 = prdE: Pressure, Strain Gauge [psi]
# name 14 = prdM: Pressure, Strain Gauge [db]
# name 15 = flag:  0.000e+00
# span 0 =     -0.568,      1.710       
# span 1 =     -0.313,      0.286       
# span 2 = -1240.7451,   914.5048       
# span 3 =     1.7973,    12.7341       
# span 4 =     18.502,    126.483       
# span 5 = 7.6789e+00, 1.1021e+03       
# span 6 =     -0.067,     15.878       
# span 7 =      3.657,    467.682       
# span 8 =   2.939677, 362.242914       
# span 9 =    -1.6989,     8.3201       
# span 10 =    -4.1612,   936.7059      
# span 11 =    13.3738,    20.8346      
# span 12 =   998.0356,   999.4639      
# span 13 =     -0.807,      2.433      
# span 14 =     -0.557,      1.677      
# span 15 = 0.0000e+00, 0.0000e+00      
# interval = seconds: 0.25
# start_time = Nov 09 2020 02:27:37 [Instrument's time stamp, header]
# bad_flag = -9.990e-29
*END*
[from data line 452]
      0.619     -0.074    70.5724     6.8558     66.450 2.1872e+02     15.853    233.679 181.480641     7.7743     4.6550    13.8410   999.3565      0.881      0.607 0.0000e+00
      0.599     -0.070    73.3854     6.8725     66.394 2.2991e+02     15.853    233.556 181.346944     7.8538     4.3195    13.8407   999.3566      0.850      0.587 0.0000e+00
      0.580     -0.067    75.5243     6.8778     66.387 2.4494e+02     15.854    236.382 183.497789     7.8997     4.1799    13.8388   999.3569      0.823      0.568 0.0000e+00
      0.564     -0.065    76.9038     6.8774     66.422 2.2749e+02     15.854    255.404 198.216592     7.9002     4.2035    13.8350   999.3574      0.802      0.553 0.0000e+00
      0.550     -0.063    78.1910     6.8693     66.485 2.0437e+02     15.855    312.435 242.423311     7.8975     4.1236    13.8288   999.3590      0.784      0.540 0.0000e+00
      0.535     -0.062    78.7841     6.8624     66.557 2.0319e+02     15.855    385.306 298.913855     7.8956     4.0031    13.8200   999.3591      0.762      0.526 0.0000e+00
      0.520     -0.063    78.9983     6.8645     66.604 2.0813e+02     15.855    409.831 317.898233     7.8967     3.9829    13.8105   999.3610      0.740      0.510 0.0000e+00
      0.504     -0.065    79.1459     6.8696     66.644 2.2942e+02     15.856    380.761 295.314543     7.8826     3.9834    13.8017   999.3637      0.719      0.495 0.0000e+00
      0.487     -0.067    79.3639     6.8766     66.744 2.5808e+02     15.856    346.457 268.680145     7.8496     3.9401    13.7934   999.3868      0.692      0.477 0.0000e+00
      0.468     -0.068    80.3440     6.8845     66.924 2.6052e+02     15.855    332.916 258.147979     7.8409     3.9049    13.7861   999.4311      0.664      0.458 0.0000e+00
      0.451     -0.071    81.7906     6.8906     67.188 2.5959e+02     15.855    335.490 260.107521     7.8628     3.9010    13.7801   999.4398      0.643      0.443 0.0000e+00
      0.433     -0.074    82.3133     6.8906     67.505 2.6797e+02     15.855    343.140 266.001178     7.8851     3.9277    13.7756   999.4191      0.616      0.425 0.0000e+00
      0.416     -0.078    81.8460     6.9042     67.856 2.6066e+02     15.856    344.265 266.837507     7.9097     3.9873    13.7722   999.4039      0.591      0.407 0.0000e+00
      0.398     -0.083    83.5400     6.9227     68.288 2.6811e+02     15.856    346.926 268.859942     7.9413     4.0385    13.7676   999.4011      0.569      0.392 0.0000e+00
      0.375     -0.088    88.3400     6.9509     68.753 2.9878e+02     15.856    384.188 297.678108     7.9431     3.9973    13.7623   999.4041      0.533      0.368 0.0000e+00
      0.350     -0.089    93.0784     6.9894     69.231 3.1221e+02     15.856    440.488 341.232034     7.9221     3.9004    13.7564   999.4089      0.497      0.343 0.0000e+00
      0.324     -0.085    94.7999     7.0181     69.805 3.3515e+02     15.856    467.682 362.242914     7.8789     3.7945    13.7511   999.4122      0.464      0.320 0.0000e+00
      0.298     -0.074    94.0974     7.0705     70.477 3.4815e+02     15.856    453.017 350.857791     7.8013     3.7127    13.7466   999.4030      0.420      0.290 0.0000e+00
      0.275     -0.058    94.1352     7.1204     71.187 3.5255e+02     15.856    393.657 304.885487     7.7568     3.7353    13.7393   999.4213      0.386      0.267 0.0000e+00
      0.261     -0.039    95.3423     7.1624     71.955 3.6849e+02     15.857    301.866 233.808924     7.7602     3.7930    13.7301   999.4556      0.368      0.254 0.0000e+00
      0.256     -0.024    96.5615     7.2240     72.794 3.3589e+02     15.857    229.995 178.177384     7.7949     3.8614    13.7227   999.4639      0.361      0.249 0.0000e+00
      0.258     -0.020    97.6913     7.2975     73.698 3.0005e+02     15.856    209.442 162.354204     7.8514     3.9785    13.7201   999.4606      0.364      0.251 0.0000e+00
      0.265     -0.034    99.0223     7.3721     74.888 2.7189e+02     15.855    199.517 154.830248     7.8811     4.0412    13.7209   999.4383      0.376      0.260 0.0000e+00
      0.269     -0.071   100.8663     7.4481     76.084 2.4176e+02     15.852    168.050 130.624308     7.8772     4.0022    13.7242   999.3941      0.389      0.268 0.0000e+00
      0.260     -0.127   104.1562     7.5475     75.566 2.7482e+02     15.851    132.310 103.069630     7.8052     3.9522    13.7279   999.3586      0.383      0.263 0.0000e+00
      0.226     -0.194   107.3095     7.6195     70.937 2.9937e+02     15.851    102.197  79.833848     7.6679     3.9527    13.7455   999.3592      0.337      0.232 0.0000e+00
      0.165     -0.257   106.8145     7.7309     61.540 3.4872e+02     15.849     78.790  61.778751     7.5814     3.9730    13.7956   999.3548      0.249      0.171 0.0000e+00
      0.076     -0.298   103.8492     7.9107     49.763 5.7900e+02     15.844     67.061  52.807238     7.4650     3.9233    13.8696   999.3254      0.120      0.082 0.0000e+00
     -0.033     -0.313   100.7096     7.9554     39.673 7.8303e+02     15.838     64.347  50.849885     6.2031     3.1801    13.9546   999.3012     -0.048     -0.033 0.0000e+00
     -0.142     -0.303    98.4518     7.5036     34.975 8.0860e+02     15.833     63.827  50.563296     3.8829     1.9567    14.0670   999.2741     -0.214     -0.148 0.0000e+00
     -0.226     -0.273    97.2848     6.4051     37.268 8.0533e+02     15.830     69.614  55.248494     2.6053     3.1383    14.2253   999.2422     -0.342     -0.237 0.0000e+00
     -0.276     -0.231    96.1507     5.0240     45.709 7.9386e+02     15.828     75.726  60.158482     2.3809    24.7456    14.3887   999.2148     -0.401     -0.276 0.0000e+00
     -0.311     -0.189    94.2905     3.8299     57.827 7.6337e+02     15.827     69.158  54.969011     1.3226   263.1410    14.5228   999.1966     -0.432     -0.297 0.0000e+00
     -0.351     -0.162    91.0543     3.2860     70.458 7.5252e+02     15.824     61.842  49.178095    -0.5870   699.9634    14.6168   999.1809     -0.501     -0.346 0.0000e+00
     -0.388     -0.149    90.4052     3.5577     81.126 7.6037e+02     15.820     54.532  43.386752    -1.6249   936.3442    14.6794   999.1731     -0.563     -0.388 0.0000e+00
     -0.415     -0.131    96.6805     4.4960     88.538 7.8509e+02     15.820     56.575  45.032769    -1.6989   936.7059    14.7247   999.1742     -0.583     -0.402 0.0000e+00
     -0.452     -0.090   105.6689     5.8552     92.342 8.0355e+02     15.822     93.073  74.066882    -1.5682   704.6808    14.7397   999.1635     -0.627     -0.433 0.0000e+00
     -0.504     -0.027   110.0331     7.2225     93.125 7.7478e+02     15.824    126.531 100.631907    -0.4734   275.1017    14.7545   999.1601     -0.724     -0.500 0.0000e+00
     -0.538      0.044   109.3527     8.3358     91.832 7.6125e+02     15.824    115.691  91.954947     1.4287    39.5227    14.7829   999.1553     -0.800     -0.552 0.0000e+00
     -0.513      0.113   108.8853     9.1029     89.120 7.9895e+02     15.821     85.085  67.615451     2.4520    17.3940    14.8053   999.1423     -0.760     -0.524 0.0000e+00
     -0.436      0.169   110.3190     9.4570     85.268 8.0234e+02     15.819     63.796  50.729531     2.5730    15.6144    14.8048   999.1647     -0.620     -0.428 0.0000e+00
     -0.347      0.201   112.4049     9.5020     80.210 7.7956e+02     15.818     53.506  42.599807     2.8716    18.0057    14.7649   999.1916     -0.485     -0.334 0.0000e+00
     -0.273      0.196   114.8320     9.3614     74.030 7.7998e+02     15.819     49.369  39.360851     3.4201    22.7545    14.7229   999.1863     -0.379     -0.262 0.0000e+00
     -0.220      0.156   117.4670     9.0732     67.209 7.7472e+02     15.821     48.928  39.054335     3.7307    25.3433    14.7217   999.1723     -0.298     -0.206 0.0000e+00
     -0.191      0.101   120.0880     8.6867     60.258 7.3149e+02     15.821     50.039  39.972900     3.7759    25.2398    14.7551   999.1611     -0.263     -0.181 0.0000e+00
     -0.183      0.052   122.3451     8.1669     53.833 6.6532e+02     15.820     50.753  40.565787     3.9289    21.1250    14.8083   999.1503     -0.251     -0.174 0.0000e+00
     -0.191      0.010   123.3337     7.5045     48.882 6.4995e+02     15.820     50.819  40.637462     4.2074    13.4944    14.8669   999.1403     -0.267     -0.184 0.0000e+00
     -0.204     -0.032   122.0604     6.7962     46.526 7.3469e+02     15.819     50.734  40.585639     4.3585     9.3349    14.9111   999.1338     -0.299     -0.206 0.0000e+00
     -0.207     -0.079   121.2325     6.0683     47.526 8.4712e+02     15.818     50.308  40.256584     4.3539     9.2171    14.9408   999.1300     -0.302     -0.208 0.0000e+00
     -0.206     -0.124   123.6484     5.3813     51.311 9.0456e+02     15.818     49.295  39.451690     4.0755    11.9324    14.9621   999.1271     -0.280     -0.193 0.0000e+00
     -0.230     -0.154   126.3184     4.8421     56.182 9.1795e+02     15.817     48.300  38.660673     3.5476    16.8622    14.9781   999.1245     -0.300     -0.207 0.0000e+00
     -0.297     -0.161   127.1016     4.5574     60.446 8.6537e+02     15.816     48.087  38.499247     3.2451    19.4527    14.9960   999.1216     -0.408     -0.281 0.0000e+00
     -0.387     -0.142   127.7839     4.6834     63.473 6.8762e+02     15.816     48.643  38.959700     3.1650    19.4264    15.0095   999.1189     -0.564     -0.389 0.0000e+00
     -0.457     -0.095   129.1471     5.1348     65.886 5.2885e+02     15.815     49.572  39.721714     2.7507    17.2652    15.0128   999.1176     -0.680     -0.468 0.0000e+00
     -0.477     -0.021   130.3337     5.6924     68.347 5.0548e+02     15.811     50.178  40.223219     2.0032    13.3032    15.0159   999.1166     -0.701     -0.484 0.0000e+00
     -0.454      0.064   130.6882     6.1509     70.680 4.4179e+02     15.805     50.371  40.389978     1.5937    11.1088    15.0258   999.1152     -0.657     -0.453 0.0000e+00
     -0.404      0.138   129.5619     6.4127     72.079 4.4044e+02     15.803     50.691  40.658946     1.6244    10.7146    15.0412   999.1132     -0.582     -0.402 0.0000e+00
     -0.340      0.182   127.5568     6.6228     71.807 6.4504e+02     15.805     50.865  40.809404     2.4503     8.9489    15.0625   999.1108     -0.484     -0.334 0.0000e+00
     -0.273      0.196   127.0076     6.8785     69.867 7.8401e+02     15.809     50.784  40.749297     3.9878     5.8275    15.0795   999.1089     -0.384     -0.264 0.0000e+00
     -0.214      0.191   127.9120     7.1450     66.937 7.7997e+02     15.810     50.787  40.757365     4.8417     4.1488    15.0868   999.1079     -0.296     -0.204 0.0000e+00
     -0.171      0.181   129.0276     7.3182     63.805 7.4377e+02     15.810     50.564  40.589585     4.9254     3.9641    15.1009   999.1063     -0.235     -0.161 0.0000e+00
     -0.141      0.172   130.2572     7.2868     60.942 7.0751e+02     15.811     50.041  40.180560     4.9431     3.9028    15.1154   999.1041     -0.201     -0.138 0.0000e+00
     -0.111      0.167   131.4215     7.0604     58.321 5.9703e+02     15.811     49.966  40.128065     5.1889     3.8888    15.1160   999.1040     -0.166     -0.114 0.0000e+00
     -0.070      0.161   132.4369     6.7371     55.849 3.8860e+02     15.811     49.666  39.891419     5.6662     3.9319    15.1188   999.1039     -0.106     -0.073 0.0000e+00
     -0.017      0.149   133.5000     6.3983     53.633 3.5526e+02     15.812     48.356  38.842416     5.9444     3.9783    15.1338   999.1019     -0.028     -0.019 0.0000e+00
      0.039      0.129   134.7254     6.1165     51.722 5.5212e+02     15.812     47.596  38.234508     5.9774     3.9688    15.1464   999.0997      0.061      0.042 0.0000e+00
      0.082      0.101   136.0682     5.8608     50.156 7.1978e+02     15.811     47.458  38.126669     6.0281     4.0218    15.1515   999.0994      0.135      0.092 0.0000e+00
      0.099      0.067   137.4312     5.5988     48.859 6.9244e+02     15.810     46.643  37.475019     6.1468     4.1393    15.1575   999.0988      0.152      0.105 0.0000e+00
      0.094      0.035   138.7306     5.3810     47.736 5.9874e+02     15.811     46.075  37.019247     6.2208     4.1873    15.1603   999.0973      0.133      0.092 0.0000e+00
      0.087      0.011   139.8195     5.1829     46.946 6.1507e+02     15.811     46.123  37.058493     6.2269     4.1911    15.1604   999.0971      0.123      0.085 0.0000e+00
      0.083     -0.001   140.6156     5.0277     46.613 6.4141e+02     15.811     45.573  36.616817     6.2208     4.1850    15.1660   999.0966      0.118      0.081 0.0000e+00
      0.083     -0.003   141.3877     4.9080     46.614 6.6341e+02     15.811     44.799  35.994353     6.2132     4.1819    15.1701   999.0954      0.117      0.080 0.0000e+00
      0.086      0.000   142.3577     4.7819     46.714 7.4912e+02     15.811     44.578  35.814999     6.2212     4.2220    15.1686   999.0952      0.123      0.085 0.0000e+00
      0.089      0.002   143.3958     4.6977     46.717 8.7802e+02     15.811     44.380  35.654020     6.2314     4.3617    15.1695   999.0956      0.127      0.088 0.0000e+00
      0.090      0.002   144.3891     4.6701     46.582 9.3595e+02     15.811     43.962  35.317121     6.1075     5.5616    15.1721   999.0948      0.129      0.089 0.0000e+00
      0.090      0.002   145.4183     4.6794     46.382 8.9018e+02     15.812     43.857  35.231764     5.8588     7.7090    15.1703   999.0946      0.129      0.089 0.0000e+00
      0.089      0.004   146.4620     4.6982     46.153 8.7561e+02     15.812     43.892  35.256536     5.7134     8.8336    15.1670   999.0953      0.127      0.088 0.0000e+00
      0.087      0.007   147.5448     4.6996     45.880 8.7186e+02     15.811     43.553  34.982043     5.6943     8.8250    15.1652   999.0955      0.122      0.084 0.0000e+00
      0.088      0.011   148.7020     4.6813     45.526 7.9330e+02     15.810     43.131  34.641532     5.7608     7.6059    15.1644   999.0952      0.122      0.085 0.0000e+00
      0.093      0.014   149.7846     4.6608     45.096 8.2280e+02     15.811     42.803  34.375702     5.8888     5.3198    15.1628   999.0955      0.132      0.091 0.0000e+00
      0.100      0.016   150.7398     4.6392     44.788 9.5197e+02     15.811     42.640  34.242649     5.9539     4.0490    15.1594   999.0963      0.142      0.098 0.0000e+00
      0.106      0.017   151.5609     4.6124     44.887 8.7451e+02     15.811     42.559  34.174980     5.9464     3.9484    15.1567   999.0965      0.153      0.106 0.0000e+00
      0.111      0.016   152.3129     4.5800     45.473 6.9136e+02     15.810     42.424  34.065155     5.9422     4.0355    15.1547   999.0968      0.159      0.110 0.0000e+00
      0.113      0.011   153.1217     4.5294     46.400 5.8695e+02     15.810     42.890  34.437638     5.9695     4.4836    15.1523   999.0970      0.160      0.110 0.0000e+00
      0.116      0.001   153.9406     4.4842     47.498 5.9373e+02     15.810     43.748  35.125102     6.0000     5.2805    15.1496   999.0973      0.166      0.114 0.0000e+00
      0.118     -0.022   154.8139     4.4924     48.660 6.3278e+02     15.810     43.614  35.016387     6.0056     5.7394    15.1468   999.0978      0.169      0.116 0.0000e+00
      0.120     -0.060   158.5193     4.5588     49.776 5.6312e+02     15.812     42.759  34.328839     6.0081     5.7746    15.1450   999.0979      0.171      0.118 0.0000e+00
      0.116     -0.109   165.0145     4.6590     50.712 5.5252e+02     15.817     42.883  34.426670     5.9927     5.3973    15.1426   999.0984      0.172      0.119 0.0000e+00
      0.092     -0.161   168.7305     4.7720     51.367 7.2425e+02     15.819     43.987  35.310847     5.9437     4.6456    15.1405   999.0993      0.149      0.104 0.0000e+00
      0.035     -0.208   169.2070     4.8926     51.741 9.0418e+02     15.818     46.044  36.960499     5.9012     4.1710    15.1402   999.0990      0.065      0.045 0.0000e+00
