Data/DataNotYetUploadedToEDI/Raw_CTD/RawDownloads/110920_fcr50.cnv
* Sea-Bird SBE19plus  Data File:
* FileName = C:\DATA\110920_fcr50_0010.hex
* Software version 2.8.0.119
* Temperature SN = 7809
* Conductivity SN = 7809
* System UpLoad Time = Nov 09 2020 12:49:49
* <ApplicationData>
* <Seaterm232>
# nquan = 16
# nvalues = 7337                        
# units = specified
# name 0 = depFM: Depth [fresh water, m]
# name 1 = dz/dtM: Descent Rate [m/s]
# name 2 = orp: Oxidation Reduction Potential [mV]
# name 3 = sbeox0Mg/L: Oxygen, SBE 43 [mg/l]
# name 4 = sbeox0PS: Oxygen, SBE 43 [% saturation]
# name 5 = par/sat/log: PAR/Logarithmic, Satlantic
# name 6 = ph: pH
# name 7 = specc: Specific Conductance [uS/cm]
# name 8 = c0uS/cm: Conductivity [uS/cm]
# name 9 = flECO-AFL: Fluorescence, WET Labs ECO-AFL/FL [mg/m^3]
# name 10 = turbWETntu0: Turbidity, WET Labs ECO [NTU]
# name 11 = tv290C: Temperature [ITS-90, deg C]
# name 12 = density00: Density [density, kg/m^3]
# name 13 = prdE: Pressure, Strain Gauge [psi]
# name 14 = prdM: Pressure, Strain Gauge [db]
# name 15 = flag:  0.000e+00
# span 0 =     -0.549,      9.856       
# span 1 =     -4.938,      3.857       
# span 2 =   160.3192,   404.1950       
# span 3 =    -0.3542,    11.9576       
# span 4 =     -2.876,    114.685       
# span 5 = 1.2351e-01, 2.0806e+03       
# span 6 =     15.590,     16.121       
# span 7 =      0.598,    319.543       
# span 8 =   0.513809, 236.439621       
# span 9 =    -1.3372,    12.2578       
# span 10 =    -0.3074,   117.1741      
# span 11 =    11.7421,    17.9384      
# span 12 =   998.6130,   999.6677      
# span 13 =     -0.782,     14.019      
# span 14 =     -0.539,      9.666      
# span 15 = 0.0000e+00, 0.0000e+00      
# interval = seconds: 0.25
# start_time = Nov 08 2020 21:58:11 [Instrument's time stamp, header]
# bad_flag = -9.990e-29
*END*
[from data line 3797]
      8.991 2.8466e-29   239.7017     6.5459     60.120 1.2374e-01     15.841     42.936  31.557738     3.0861     6.9775    11.7466   999.5873     12.789      8.818 0.0000e+00
      8.991 2.5877e-30   239.7834     6.5269     60.109 1.2376e-01     15.842     42.951  31.568752     3.0868     6.8301    11.7466   999.5873     12.788      8.817 0.0000e+00
      8.992 2.3318e-31   239.9337     6.5161     60.109 1.2372e-01     15.842     42.954  31.571342     3.0720     6.8020    11.7468   999.5873     12.789      8.818 0.0000e+00
      8.992 -1.495e-33   239.9699     6.5251     60.082 1.2365e-01     15.841     42.978  31.589050     3.0605     6.8437    11.7469   999.5873     12.789      8.818 0.0000e+00
      8.992 -2.498e-31   239.9624     6.5120     60.066 1.2363e-01     15.841     42.983  31.592520     3.0520     6.8541    11.7467   999.5873     12.789      8.818 0.0000e+00
      8.992 -2.769e-30   240.0158     6.5140     60.059 1.2366e-01     15.841     42.925  31.549850     3.0364     6.8595    11.7468   999.5873     12.789      8.818 0.0000e+00
      8.992 -3.046e-29   240.0996     6.5181     60.066 1.2365e-01     15.842     42.881  31.517258     3.0154     6.8737    11.7470   999.5873     12.790      8.818 0.0000e+00
      8.992 -3.350e-28   240.1148     6.5091     60.095 1.2365e-01     15.842     42.879  31.515688     2.9981     6.8552    11.7471   999.5873     12.790      8.818 0.0000e+00
      8.992 -3.685e-27   240.1135     6.5108     60.131 1.2365e-01     15.842     42.899  31.530863     3.0181     6.8757    11.7472   999.5873     12.789      8.818 0.0000e+00
      8.992 -4.054e-26   240.4282     6.5084     60.171 1.2368e-01     15.841     42.958  31.573846     3.0658     6.9153    11.7473   999.5872     12.790      8.818 0.0000e+00
      8.992 -4.459e-25   240.8227     6.5088     60.206 1.2375e-01     15.841     42.982  31.591260     3.0879     6.9226    11.7473   999.5872     12.789      8.818 0.0000e+00
      8.992 -4.905e-24   240.8393     6.5131     60.211 1.2375e-01     15.841     42.927  31.551075     3.0864     6.9291    11.7473   999.5872     12.789      8.818 0.0000e+00
      8.992 -5.396e-23   240.7158     6.5166     60.162 1.2377e-01     15.842     42.901  31.532110     3.0942     7.1306    11.7473   999.5872     12.789      8.818 0.0000e+00
      8.992 -5.935e-22   240.6198     6.5214     60.076 1.2379e-01     15.842     42.928  31.552287     3.1155     7.5745    11.7475   999.5872     12.789      8.818 0.0000e+00
      8.992 -6.529e-21   240.5378     6.5260     59.981 1.2376e-01     15.842     42.913  31.541255     3.1350     7.8328    11.7475   999.5873     12.789      8.818 0.0000e+00
      8.992 -7.181e-20   240.7571     6.5282     59.891 1.2373e-01     15.841     42.892  31.525607     3.1580     7.8167    11.7475   999.5872     12.790      8.818 0.0000e+00
      8.992 -7.900e-19   241.2924     6.5220     59.833 1.2373e-01     15.841     42.930  31.553428     3.1845     7.6195    11.7475   999.5872     12.790      8.819 0.0000e+00
      8.992 -8.690e-18   241.5897     6.5107     59.838 1.2370e-01     15.841     42.940  31.560402     3.2063     7.3034    11.7474   999.5872     12.789      8.818 0.0000e+00
      8.992 -9.558e-17   241.5131     6.5010     59.902 1.2368e-01     15.842     42.920  31.546491     3.2215     7.1519    11.7473   999.5872     12.789      8.818 0.0000e+00
      8.992 -1.051e-15   241.3991     6.4895     59.973 1.2367e-01     15.842     42.960  31.575564     3.2254     7.1269    11.7472   999.5872     12.790      8.818 0.0000e+00
      8.992 -1.157e-14   241.4152     6.4825     60.020 1.2365e-01     15.842     42.986  31.594698     3.2160     7.0704    11.7471   999.5873     12.789      8.818 0.0000e+00
      8.992 -1.272e-13   241.5348     6.4821     60.060 1.2370e-01     15.843     42.976  31.587488     3.1640     6.9841    11.7471   999.5873     12.789      8.818 0.0000e+00
      8.992 -1.399e-12   241.7274     6.4924     60.118 1.2375e-01     15.844     43.014  31.615287     3.0934     6.9073    11.7471   999.5872     12.789      8.818 0.0000e+00
      8.992 -1.539e-11   241.9367     6.5017     60.190 1.2374e-01     15.844     43.012  31.613582     3.0778     6.8978    11.7471   999.5873     12.789      8.818 0.0000e+00
      8.992 -1.693e-10   242.0011     6.5045     60.220 1.2373e-01     15.844     42.948  31.566869     3.0893     6.9033    11.7472   999.5873     12.789      8.818 0.0000e+00
      8.992 -1.863e-09   241.9039     6.5092     60.204 1.2374e-01     15.842     42.936  31.558057     3.0313     6.9723    11.7471   999.5872     12.790      8.818 0.0000e+00
      8.992 -2.049e-08   241.7933     6.5133     60.194 1.2375e-01     15.840     42.953  31.570484     2.9303     7.1831    11.7471   999.5873     12.789      8.818 0.0000e+00
      8.992 -2.254e-07   241.6964     6.5265     60.197 1.2373e-01     15.840     42.980  31.590230     2.8891     7.3580    11.7471   999.5873     12.790      8.818 0.0000e+00
      8.992 -4.132e-07   241.5934     6.5288     60.156 1.2364e-01     15.841     43.002  31.606469     2.8852     7.3710    11.7471   999.5872     12.790      8.818 0.0000e+00
      8.992 -2.254e-07   241.5794     6.5243     60.075 1.2359e-01     15.841     42.962  31.576486     2.8550     7.2362    11.7471   999.5873     12.789      8.818 0.0000e+00
      8.992 -2.049e-08   241.6129     6.5223     60.040 1.2361e-01     15.841     42.919  31.544935     2.8098     7.0672    11.7471   999.5873     12.789      8.818 0.0000e+00
      8.992 -1.863e-09   241.7407     6.5263     60.042 1.2365e-01     15.841     42.915  31.542222     2.7973     7.0438    11.7472   999.5872     12.789      8.818 0.0000e+00
      8.992 -1.693e-10   241.9206     6.5236     60.072 1.2368e-01     15.841     42.917  31.543687     2.8181     7.1248    11.7471   999.5873     12.790      8.818 0.0000e+00
      8.992 -1.539e-11   241.7235     6.5062     60.128 1.2372e-01     15.841     42.943  31.562643     2.8132     7.2232    11.7471   999.5873     12.789      8.818 0.0000e+00
      8.992 -1.400e-12   241.3359     6.5071     60.177 1.2372e-01     15.841     42.968  31.581088     2.7657     7.3067    11.7471   999.5872     12.790      8.818 0.0000e+00
      8.992 -1.279e-13   241.2786     6.5068     60.232 1.2372e-01     15.841     42.961  31.576360     2.7306     7.3105    11.7471   999.5873     12.789      8.818 0.0000e+00
      8.992 -1.921e-14   241.3741     6.5077     60.261 1.2371e-01     15.841     42.951  31.568925     2.7413     7.3032    11.7472   999.5872     12.790      8.818 0.0000e+00
      8.992 -8.520e-14   241.4589     6.5196     60.239 1.2371e-01     15.841     42.931  31.554639     2.7912     7.1844    11.7471   999.5873     12.789      8.818 0.0000e+00
      8.992 -9.257e-13   241.6147     6.5200     60.212 1.2378e-01     15.841     42.899  31.530520     2.8473     6.8700    11.7471   999.5873     12.790      8.818 0.0000e+00
      8.992 -1.018e-11   241.7094     6.5285     60.162 1.2382e-01     15.842     42.900  31.531087     2.8662     6.6598    11.7471   999.5873     12.789      8.818 0.0000e+00
      8.992 -1.120e-10   241.4856     6.5358     60.121 1.2377e-01     15.842     42.941  31.561499     2.8666     6.6343    11.7471   999.5873     12.790      8.819 0.0000e+00
      8.992 -1.232e-09   241.0593     6.5259     60.146 1.2372e-01     15.842     42.968  31.580994     2.9101     6.6657    11.7471   999.5873     12.789      8.818 0.0000e+00
      8.992 -1.355e-08   240.8577     6.5282     60.192 1.2371e-01     15.841     42.962  31.576466     2.9913     6.6961    11.7472   999.5872     12.790      8.819 0.0000e+00
      8.991 -1.491e-07   240.9403     6.5211     60.242 1.2371e-01     15.841     42.953  31.570187     3.0279     6.6571    11.7472   999.5872     12.789      8.818 0.0000e+00
      8.991 -2.733e-07   241.1119     6.5103     60.282 1.2370e-01     15.842     42.950  31.568522     3.0099     6.6074    11.7472   999.5872     12.788      8.817 0.0000e+00
      8.992 -1.491e-07   241.2116     6.5201     60.291 1.2366e-01     15.842     42.934  31.556345     3.0019     6.6096    11.7472   999.5873     12.789      8.818 0.0000e+00
      8.992 -1.355e-08   241.2852     6.5229     60.289 1.2366e-01     15.843     42.925  31.549849     3.0654     6.5810    11.7472   999.5872     12.790      8.818 0.0000e+00
      8.992 -1.232e-09   241.3138     6.5289     60.262 1.2367e-01     15.843     42.930  31.553424     3.1767     6.4672    11.7472   999.5872     12.790      8.819 0.0000e+00
      8.992 -1.120e-10   241.2125     6.5362     60.195 1.2369e-01     15.842     42.906  31.536122     3.2217     6.3671    11.7472   999.5872     12.789      8.818 0.0000e+00
      8.992 -1.018e-11   241.0931     6.5331     60.102 1.2375e-01     15.842     42.899  31.530988     3.2006     6.3317    11.7471   999.5873     12.790      8.819 0.0000e+00
      8.992 -9.255e-13   241.0756     6.5359     60.037 1.2377e-01     15.841     42.932  31.554795     3.2069     6.3487    11.7472   999.5872     12.789      8.818 0.0000e+00
      8.992 -8.415e-14   241.1724     6.5324     60.022 1.2374e-01     15.841     42.953  31.570188     3.2407     6.3665    11.7473   999.5873     12.789      8.818 0.0000e+00
      8.992 -7.650e-15   241.4030     6.5256     60.008 1.2369e-01     15.842     42.980  31.590206     3.2563     6.3409    11.7471   999.5872     12.790      8.819 0.0000e+00
      8.992 -6.955e-16   241.7132     6.5128     60.006 1.2364e-01     15.842     43.002  31.606491     3.2529     6.3483    11.7471   999.5872     12.790      8.818 0.0000e+00
      8.992 -6.320e-17   241.8255     6.5030     60.046 1.2368e-01     15.842     42.962  31.576760     3.2180     6.4557    11.7471   999.5873     12.790      8.819 0.0000e+00
      8.992 -5.745e-18   241.7282     6.5074     60.146 1.2372e-01     15.842     42.923  31.547965     3.1687     6.6092    11.7469   999.5873     12.790      8.818 0.0000e+00
      8.992 -5.225e-19   241.5692     6.5026     60.285 1.2369e-01     15.842     42.960  31.575559     3.1527     6.6598    11.7469   999.5873     12.789      8.818 0.0000e+00
      8.992 -4.749e-20   241.4513     6.5019     60.390 1.2369e-01     15.842     42.984  31.593165     3.1488     6.6213    11.7469   999.5873     12.789      8.818 0.0000e+00
      8.992 -4.318e-21   241.5943     6.5057     60.421 1.2374e-01     15.842     42.954  31.570500     3.1407     6.5908    11.7470   999.5873     12.790      8.818 0.0000e+00
      8.992 -3.925e-22   241.9212     6.5158     60.399 1.2373e-01     15.842     42.933  31.555300     3.1406     6.5988    11.7469   999.5873     12.790      8.819 0.0000e+00
      8.992 -3.568e-23   242.1339     6.5362     60.362 1.2367e-01     15.842     42.907  31.536281     3.1384     6.6493    11.7469   999.5873     12.790      8.818 0.0000e+00
      8.992 -3.244e-24   242.1866     6.5482     60.329 1.2370e-01     15.841     42.900  31.530880     3.1327     6.6517    11.7468   999.5873     12.789      8.818 0.0000e+00
      8.992 -2.949e-25   242.0423     6.5506     60.289 1.2379e-01     15.841     42.930  31.553440     3.1288     6.5942    11.7467   999.5873     12.790      8.818 0.0000e+00
      8.992 -2.681e-26   241.7659     6.5469     60.266 1.2382e-01     15.841     42.933  31.555260     3.1493     6.5372    11.7466   999.5873     12.789      8.818 0.0000e+00
      8.992 -2.437e-27   241.5982     6.5408     60.276 1.2375e-01     15.841     42.930  31.552885     3.1893     6.4781    11.7467   999.5873     12.790      8.818 0.0000e+00
      8.992 -2.215e-28   241.5637     6.5402     60.301 1.2368e-01     15.841     42.978  31.588180     3.2115     6.4282    11.7468   999.5873     12.790      8.818 0.0000e+00
      8.992 -2.014e-29   241.5211     6.5331     60.325 1.2370e-01     15.841     42.996  31.601329     3.2270     6.4148    11.7467   999.5873     12.790      8.818 0.0000e+00
      8.992 -1.831e-30   241.3403     6.5298     60.295 1.2371e-01     15.842     42.973  31.584975     3.2626     6.6253    11.7466   999.5873     12.789      8.818 0.0000e+00
      8.992 -1.665e-31   241.1847     6.5334     60.204 1.2369e-01     15.842     42.968  31.580783     3.3177     7.0851    11.7466   999.5873     12.790      8.818 0.0000e+00
      8.992 -1.513e-32   241.1024     6.5339     60.098 1.2370e-01     15.842     42.927  31.550643     3.3583     7.3738    11.7466   999.5873     12.790      8.818 0.0000e+00
      8.992 -1.376e-33   240.7756     6.5413     60.012 1.2375e-01     15.842     42.910  31.537784     3.3627     7.4038    11.7465   999.5874     12.790      8.818 0.0000e+00
      8.992 -1.251e-34   240.4172     6.5378     59.972 1.2374e-01     15.842     42.930  31.552202     3.3040     7.5510    11.7464   999.5873     12.789      8.818 0.0000e+00
      8.992 -1.137e-35   240.2968     6.5252     60.009 1.2364e-01     15.843     42.905  31.534637     3.2015     7.8484    11.7462   999.5874     12.790      8.818 0.0000e+00
      8.992 -1.033e-36   240.2662     6.5130     60.117 1.2362e-01     15.843     42.879  31.515741     3.1538     8.0134    11.7462   999.5873     12.791      8.819 0.0000e+00
      8.992 -9.395e-38   240.3049     6.5028     60.241 1.2373e-01     15.843     42.877  31.514075     3.1568     8.0346    11.7463   999.5873     12.790      8.818 0.0000e+00
      8.992 -8.540e-39   240.4206     6.4966     60.320 1.2377e-01     15.843     42.878  31.514490     3.1803     7.7611    11.7459   999.5874     12.790      8.818 0.0000e+00
      8.992 -7.765e-40   240.2884     6.5007     60.333 1.2372e-01     15.842     42.886  31.520759     3.2282     7.1794    11.7460   999.5874     12.790      8.818 0.0000e+00
      8.992 -7.060e-41   239.9109     6.5149     60.310 1.2371e-01     15.842     42.894  31.526421     3.2585     6.8374    11.7461   999.5873     12.790      8.818 0.0000e+00
      8.992 -6.420e-42   239.8141     6.5312     60.270 1.2375e-01     15.842     42.885  31.519509     3.2707     6.8191    11.7460   999.5874     12.790      8.818 0.0000e+00
      8.992 -5.835e-43   239.9793     6.5409     60.230 1.2375e-01     15.842     42.859  31.500637     3.2707     6.7865    11.7461   999.5873     12.790      8.818 0.0000e+00
      8.992 -5.305e-44   240.1875     6.5398     60.245 1.2365e-01     15.841     42.843  31.488582     3.2388     6.6154    11.7461   999.5873     12.790      8.818 0.0000e+00
      8.992 -4.822e-45   240.3521     6.5372     60.336 1.2351e-01     15.841     42.860  31.500637     3.2000     6.4659    11.7459   999.5874     12.789      8.818 0.0000e+00
      8.992 -4.384e-46   240.2483     6.5327     60.415 1.2352e-01     15.842     42.885  31.519500     3.1840     6.4219    11.7459   999.5874     12.789      8.818 0.0000e+00
      8.992 -3.985e-47   239.9651     6.5263     60.435 1.2367e-01     15.842     42.894  31.526316     3.1775     6.4601    11.7459   999.5874     12.790      8.818 0.0000e+00
      8.992 -3.626e-48   239.9386     6.5240     60.404 1.2372e-01     15.842     42.886  31.519603     3.1598     6.6188    11.7459   999.5873     12.789      8.818 0.0000e+00
      8.992 -3.612e-49   240.1005     6.5413     60.340 1.2372e-01     15.843     42.862  31.501777     3.1319     6.6928    11.7459   999.5874     12.790      8.818 0.0000e+00
      8.992 -3.798e-49   240.2022     6.5512     60.340 1.2373e-01     15.843     42.861  31.501125     3.1172     6.6341    11.7459   999.5874     12.790      8.818 0.0000e+00
      8.992 -3.852e-48   240.3934     6.5500     60.371 1.2370e-01     15.843     42.875  31.511717     3.1349     6.6299    11.7459   999.5874     12.790      8.818 0.0000e+00
      8.992 -4.234e-47   240.6063     6.5518     60.361 1.2369e-01     15.842     42.863  31.502942     3.2028     6.6772    11.7457   999.5874     12.789      8.818 0.0000e+00
      8.992 -4.657e-46   240.7109     6.5339     60.356 1.2369e-01     15.842     42.889  31.521922     3.2992     6.7251    11.7458   999.5874     12.790      8.818 0.0000e+00
