Data/DataNotYetUploadedToEDI/Raw_CTD/RawDownloads/111025_fcr40_S7809007.cnv
* Sea-Bird SBE19plus  Data File:
* FileName = C:\R\Reservoirs\Data\DataNotYetUploadedToEDI\Raw_CTD\RawDownloads\102725_fcr50_S7809_0007.hex
* Software version 2.8.0.119
* Temperature SN = 7809
* Conductivity SN = 7809
* System UpLoad Time = Nov 13 2025 15:24:56
* <ApplicationData>
* <Seaterm232>
# nquan = 15
# nvalues = 986                         
# units = specified
# name 0 = depFM: Depth [fresh water, m]
# name 1 = dz/dtM: Descent Rate [m/s]
# name 2 = sbeox0Mg/L: Oxygen, SBE 43 [mg/l]
# name 3 = sbeox0PS: Oxygen, SBE 43 [% saturation]
# name 4 = specc: Specific Conductance [uS/cm]
# name 5 = c0uS/cm: Conductivity [uS/cm]
# name 6 = flECO-AFL: Fluorescence, WET Labs ECO-AFL/FL [mg/m^3]
# name 7 = ph: pH
# name 8 = orp: Oxidation Reduction Potential [mV]
# name 9 = par/sat/log: PAR/Logarithmic, Satlantic
# name 10 = turbWETntu0: Turbidity, WET Labs ECO [NTU]
# name 11 = prdM: Pressure, Strain Gauge [db]
# name 12 = prdE: Pressure, Strain Gauge [psi]
# name 13 = tv290C: Temperature [ITS-90, deg C]
# name 14 = flag:  0.000e+00
# span 0 =     -0.730,      5.805       
# span 1 =     -0.172,      0.262       
# span 2 =     5.1369,    10.3986       
# span 3 =     46.873,     90.965       
# span 4 =      4.755,    173.551       
# span 5 =   3.187843, 125.838514       
# span 6 =    -0.1022,     2.2941       
# span 7 =      8.245,      9.102       
# span 8 =    -2.6412,  1012.5279       
# span 9 = 1.2373e-01, 3.1676e+02       
# span 10 =    -0.2195,   179.0224      
# span 11 =     -0.716,      5.693      
# span 12 =     -1.038,      8.258      
# span 13 =     8.4818,    11.5555      
# span 14 = 0.0000e+00, 0.0000e+00      
# interval = seconds: 0.25
# start_time = Nov 10 2025 15:33:25 [Instrument's time stamp, header]
# bad_flag = -9.990e-29
*END*
[from data line 868]
      3.382      0.101     6.2281     56.732     46.340  33.656581     0.4892      9.075    20.2552 1.7845e+00     5.7745      3.312      4.804    11.3194 0.0000e+00
      3.411      0.109     6.2216     56.707     46.318  33.638133     0.5389      9.076    20.1963 1.7301e+00     5.8430      3.347      4.855    11.3179 0.0000e+00
      3.441      0.117     6.2144     56.676     46.295  33.619158     0.5399      9.076    20.0688 1.6709e+00     5.8424      3.373      4.893    11.3164 0.0000e+00
      3.474      0.119     6.2097     56.677     46.296  33.617486     0.5009      9.075    19.9186 1.5887e+00     5.7672      3.403      4.935    11.3146 0.0000e+00
      3.514      0.116     6.2115     56.693     46.299  33.617911     0.4507      9.075    19.6704 1.5124e+00     5.7187      3.447      5.000    11.3122 0.0000e+00
      3.551      0.114     6.2087     56.689     46.311  33.624294     0.4324      9.075    19.3906 1.4642e+00     5.7007      3.489      5.061    11.3097 0.0000e+00
      3.573      0.118     6.2024     56.683     46.324  33.631214     0.4375      9.074    19.2036 1.4483e+00     5.6861      3.508      5.088    11.3069 0.0000e+00
      3.588      0.123     6.2046     56.688     46.336  33.638137     0.4289      9.074    19.1301 1.4310e+00     5.7131      3.514      5.097    11.3045 0.0000e+00
      3.611      0.125     6.2091     56.694     46.347  33.644539     0.4123      9.075    19.1037 1.3745e+00     5.8218      3.534      5.126    11.3026 0.0000e+00
      3.651      0.122     6.2069     56.712     46.349  33.645172     0.4202      9.076    18.9703 1.2821e+00     5.9076      3.575      5.187    11.3003 0.0000e+00
      3.700      0.117     6.2059     56.733     46.350  33.645797     0.4326      9.076    18.7222 1.1985e+00     5.8284      3.631      5.266    11.2978 0.0000e+00
      3.742      0.108     6.2082     56.736     46.359  33.652093     0.4206      9.076    18.5134 1.1585e+00     5.6499      3.677      5.334    11.2957 0.0000e+00
      3.766      0.096     6.2080     56.737     46.367  33.657852     0.4000      9.076    18.3388 1.1399e+00     5.5250      3.700      5.367    11.2941 0.0000e+00
      3.774      0.086     6.2101     56.759     46.360  33.651980     0.3991      9.075    18.1595 1.1310e+00     5.5135      3.702      5.369    11.2931 0.0000e+00
      3.779      0.083     6.2147     56.772     46.350  33.644539     0.4189      9.074    17.9797 1.1183e+00     5.5795      3.701      5.368    11.2924 0.0000e+00
      3.795      0.090     6.2138     56.752     46.335  33.631329     0.4225      9.074    17.6276 1.0789e+00     5.6056      3.718      5.393    11.2921 0.0000e+00
      3.822      0.102     6.2119     56.725     46.321  33.619151     0.4014      9.074    17.1715 1.0369e+00     5.5906      3.749      5.437    11.2923 0.0000e+00
      3.856      0.111     6.2163     56.695     46.330  33.624181     0.3885      9.073    16.9394 9.9634e-01     5.6709      3.779      5.480    11.2921 0.0000e+00
      3.896      0.113     6.2199     56.621     46.338  33.628700     0.4077      9.073    16.8857 9.4298e-01     5.8247      3.819      5.540    11.2911 0.0000e+00
      3.936      0.113     6.2156     56.531     46.314  33.610340     0.4341      9.073    16.6956 8.9907e-01     5.9479      3.867      5.608    11.2895 0.0000e+00
      3.961      0.115     6.2121     56.487     46.290  33.592516     0.4244      9.073    16.3621 8.7912e-01     5.9305      3.892      5.643    11.2873 0.0000e+00
      3.972      0.120     6.2130     56.489     46.306  33.603531     0.3908      9.073    16.1217 8.6820e-01     5.7843      3.893      5.644    11.2849 0.0000e+00
      3.989      0.122     6.2036     56.519     46.327  33.616626     0.3850      9.073    16.0267 8.4112e-01     5.7174      3.903      5.661    11.2832 0.0000e+00
      4.028      0.120     6.1893     56.560     46.342  33.623953     0.4129      9.073    15.9014 7.9098e-01     5.8058      3.945      5.722    11.2825 0.0000e+00
      4.078      0.114     6.1861     56.589     46.353  33.628681     0.4369      9.073    15.6387 7.4413e-01     5.8627      4.002      5.805    11.2822 0.0000e+00
      4.123      0.104     6.1870     56.610     46.330  33.610341     0.4334      9.073    15.3461 7.0995e-01     5.7559      4.049      5.873    11.2816 0.0000e+00
      4.149      0.091     6.1904     56.645     46.306  33.592527     0.4035      9.073    15.1160 6.8306e-01     5.6766      4.076      5.913    11.2799 0.0000e+00
      4.156      0.083     6.1981     56.713     46.321  33.603636     0.3921      9.073    15.0078 6.7756e-01     5.7574      4.079      5.917    11.2761 0.0000e+00
      4.155      0.086     6.2001     56.783     46.340  33.617771     0.4048      9.073    14.9852 6.8963e-01     5.8109      4.072      5.905    11.2714 0.0000e+00
      4.162      0.101     6.2031     56.814     46.368  33.636539     0.4065      9.074    14.9277 6.8898e-01     5.7422      4.074      5.909    11.2691 0.0000e+00
      4.190      0.119     6.2047     56.841     46.377  33.640217     0.4043      9.074    14.9161 6.5491e-01     5.6783      4.100      5.948    11.2697 0.0000e+00
      4.240      0.131     6.2135     56.858     46.324  33.598795     0.3947      9.073    14.9310 5.9965e-01     5.6877      4.156      6.027    11.2707 0.0000e+00
      4.298      0.129     6.2254     56.828     46.301  33.579821     0.3983      9.072    14.7633 5.5153e-01     5.7532      4.218      6.118    11.2707 0.0000e+00
      4.345      0.114     6.2238     56.738     46.331  33.601131     0.4153      9.072    14.5231 5.2803e-01     5.7867      4.270      6.192    11.2693 0.0000e+00
      4.371      0.092     6.2292     56.625     46.333  33.602681     0.3999      9.072    14.4354 5.3158e-01     5.7510      4.294      6.228    11.2658 0.0000e+00
      4.376      0.076     6.2331     56.548     46.326  33.598558     0.3788      9.072    14.3919 5.4219e-01     5.6977      4.293      6.228    11.2622 0.0000e+00
      4.373      0.075     6.2312     56.519     46.349  33.614725     0.3764      9.073    14.1687 5.4060e-01     5.6889      4.286      6.217    11.2596 0.0000e+00
      4.376      0.089     6.2199     56.537     46.344  33.607825     0.3882      9.073    13.9737 5.2440e-01     5.8497      4.284      6.215    11.2590 0.0000e+00
      4.396      0.108     6.2033     56.582     46.314  33.578564     0.4044      9.073    14.0123 4.9533e-01     6.0361      4.302      6.239    11.2595 0.0000e+00
      4.440      0.121     6.1965     56.638     46.325  33.578148     0.3982      9.073    14.0336 4.5970e-01     6.0296      4.347      6.306    11.2606 0.0000e+00
      4.499      0.124     6.1916     56.693     46.367  33.602788     0.3959      9.073    13.9733 4.2587e-01     6.0100      4.415      6.403    11.2616 0.0000e+00
      4.549      0.119     6.1959     56.691     46.398  33.622701     0.4176      9.074    13.8853 3.9862e-01     6.0384      4.473      6.487    11.2577 0.0000e+00
      4.573      0.113     6.2032     56.635     46.407  33.628562     0.4369      9.072    13.7448 3.8527e-01     5.9974      4.492      6.515    11.2486 0.0000e+00
      4.578      0.110     6.2089     56.575     46.382  33.610215     0.4377      9.072    13.5652 3.8546e-01     5.9239      4.487      6.509    11.2387 0.0000e+00
      4.583      0.113     6.2208     56.489     46.357  33.591201     0.4189      9.073    13.3485 3.7995e-01     5.8337      4.488      6.510    11.2316 0.0000e+00
      4.607      0.120     6.2208     56.376     46.356  33.589000     0.4092      9.073    13.1887 3.5280e-01     5.8622      4.507      6.537    11.2298 0.0000e+00
      4.654      0.126     6.2092     56.246     46.354  33.583590     0.4292      9.073    13.0100 3.0843e-01     6.0635      4.560      6.613    11.2303 0.0000e+00
      4.713      0.127     6.2069     56.083     46.366  33.589239     0.4518      9.073    12.6510 2.7333e-01     6.1837      4.628      6.712    11.2296 0.0000e+00
      4.760      0.124     6.1972     55.955     46.372  33.593854     0.4484      9.072    12.2890 2.7435e-01     6.1212      4.678      6.786    11.2284 0.0000e+00
      4.782      0.124     6.1820     55.899     46.347  33.575935     0.4222      9.071    12.0755 2.8926e-01     5.9909      4.696      6.811    11.2271 0.0000e+00
      4.787      0.130     6.1739     55.879     46.328  33.562925     0.3936      9.072    11.8764 2.8095e-01     5.9065      4.692      6.805    11.2228 0.0000e+00
      4.797      0.140     6.1503     55.904     46.330  33.563445     0.3766      9.072    11.6880 2.6307e-01     5.8519      4.693      6.808    11.2177 0.0000e+00
      4.833      0.151     6.1339     55.959     46.359  33.582214     0.3751      9.072    11.6046 2.3706e-01     5.8084      4.727      6.856    11.2184 0.0000e+00
      4.899      0.156     6.1328     56.019     46.387  33.599517     0.3669      9.072    11.4701 2.0718e-01     5.8596      4.801      6.963    11.2206 0.0000e+00
      4.971      0.155     6.1264     56.069     46.366  33.582319     0.3610      9.072    11.2671 1.9570e-01     5.9922      4.884      7.084    11.2207 0.0000e+00
      5.020      0.148     6.1320     56.116     46.342  33.564601     0.3780      9.072    11.1285 1.9134e-01     6.1139      4.935      7.159    11.2201 0.0000e+00
      5.039      0.136     6.1388     56.172     46.357  33.575635     0.3734      9.072    10.9980 1.8414e-01     6.1011      4.946      7.174    11.2172 0.0000e+00
      5.045      0.123     6.1466     56.191     46.376  33.588835     0.3476      9.072    10.8942 1.7361e-01     5.9738      4.941      7.167    11.2132 0.0000e+00
      5.063      0.113     6.1533     56.177     46.390  33.597306     0.3483      9.072    10.8200 1.6473e-01     5.8394      4.955      7.186    11.2111 0.0000e+00
      5.102      0.108     6.1545     56.184     46.416  33.614619     0.3818      9.071    10.7032 1.5566e-01     5.7747      5.000      7.251    11.2112 0.0000e+00
      5.150      0.104     6.1659     56.205     46.408  33.607821     0.4200      9.070    10.5145 1.4253e-01     5.8400      5.054      7.331    11.2123 0.0000e+00
      5.188      0.099     6.1675     56.229     46.368  33.578560     0.4276      9.070    10.1730 1.3480e-01     5.8428      5.096      7.391    11.2121 0.0000e+00
      5.208      0.090     6.1615     56.276     46.366  33.578040     0.4076      9.070     9.8437 1.3666e-01     5.7393      5.114      7.418    11.2091 0.0000e+00
      5.213      0.082     6.1651     56.341     46.397  33.601535     0.4020      9.071     9.6310 1.3861e-01     5.7504      5.113      7.416    11.2066 0.0000e+00
      5.217      0.078     6.1682     56.389     46.407  33.608863     0.4269      9.071     9.3213 1.3239e-01     5.8407      5.111      7.413    11.2056 0.0000e+00
      5.234      0.078     6.1688     56.386     46.401  33.603199     0.4423      9.071     9.0243 1.2571e-01     5.8745      5.125      7.435    11.2056 0.0000e+00
      5.266      0.078     6.1745     56.323     46.393  33.596486     0.4217      9.070     8.8798 1.2398e-01     5.8521      5.164      7.489    11.2066 0.0000e+00
      5.302      0.073     6.1828     56.223     46.387  33.591143     0.3941      9.069     8.6919 1.2405e-01     5.8427      5.204      7.547    11.2083 0.0000e+00
      5.327      0.062     6.1896     56.133     46.402  33.602045     0.3996      9.070     8.4741 1.2652e-01     5.8975      5.230      7.585    11.2088 0.0000e+00
      5.339      0.045     6.1900     56.075     46.399  33.601410     0.4225      9.071     8.3116 1.2877e-01     5.8995      5.240      7.600    11.2066 0.0000e+00
      5.339      0.030     6.1825     56.038     46.373  33.583463     0.4211      9.070     8.0173 1.2657e-01     5.7997      5.236      7.594    11.2047 0.0000e+00
      5.335      0.028     6.1692     56.032     46.362  33.575387     0.3911      9.069     7.6684 1.2422e-01     5.7156      5.231      7.587    11.2045 0.0000e+00
      5.333      0.043     6.1577     56.071     46.353  33.567217     0.3501      9.070     7.4493 1.2406e-01     5.7356      5.229      7.583    11.2049 0.0000e+00
      5.338      0.074     6.1531     56.142     46.334  33.548119     0.3418      9.071     7.0889 1.2402e-01     5.8717      5.231      7.586    11.2065 0.0000e+00
      5.353      0.109     6.1476     56.222     46.329  33.534797     0.3826      9.071     6.5801 1.2394e-01     6.2681      5.244      7.605    11.2081 0.0000e+00
      5.388      0.136     6.1462     56.257     46.345  33.533021     0.4276      9.070     6.2877 1.2390e-01     6.9073      5.275      7.651    11.2085 0.0000e+00
      5.445      0.147     6.1518     56.212     46.355  33.526629     0.4445      9.070     6.1347 1.2388e-01     7.3150      5.336      7.739    11.2066 0.0000e+00
      5.509      0.143     6.1606     56.107     46.360  33.520949     0.4447      9.070     5.9357 1.2384e-01     7.4404      5.410      7.846    11.2009 0.0000e+00
      5.556      0.126     6.1737     56.007     46.376  33.527765     0.4475      9.071     5.6873 1.2384e-01     7.5689      5.458      7.917    11.1911 0.0000e+00
      5.578      0.098     6.1815     55.962     46.401  33.545597     0.4619      9.071     5.3685 1.2386e-01     8.6304      5.474      7.940    11.1752 0.0000e+00
      5.585      0.068     6.1780     55.984     46.401  33.546222     0.4857      9.070     5.0065 1.2382e-01    10.6414      5.478      7.945    11.1587 0.0000e+00
      5.590      0.042     6.1646     56.065     46.385  33.535319     0.5094      9.070     4.6651 1.2381e-01    11.8315      5.481      7.950    11.1481 0.0000e+00
      5.596      0.027     6.1520     56.189     46.392  33.540663     0.5327      9.070     4.4251 1.2384e-01    12.3633      5.487      7.959    11.1438 0.0000e+00
      5.604      0.021     6.1471     56.336     46.400  33.547385     0.6426      9.070     4.2561 1.2383e-01    16.2507      5.496      7.971    11.1439 0.0000e+00
      5.610      0.019     6.1497     56.498     46.408  33.553159     0.8228      9.070     4.0841 1.2377e-01    23.2732      5.502      7.982    11.1453 0.0000e+00
      5.614      0.019     6.1590     56.672     46.399  33.547033     0.8967      9.070     3.8933 1.2375e-01    27.3477      5.505      7.985    11.1460 0.0000e+00
      5.617      0.019     6.1735     56.827     46.384  33.536763     0.9286      9.069     3.5848 1.2380e-01    31.2187      5.507      7.988    11.1464 0.0000e+00
      5.620      0.021     6.1900     56.910     46.409  33.555866     1.3085      9.069     3.1933 1.2382e-01    70.0094      5.511      7.994    11.1475 0.0000e+00
      5.625      0.025     6.2072     56.916     46.450  33.587672     1.9694      9.070     2.8590 1.2382e-01   140.8654      5.515      7.999    11.1479 0.0000e+00
      5.631      0.031     6.2279     56.908     46.649  33.730997     2.2941      9.070     2.5543 1.2384e-01   179.0224      5.521      8.007    11.1469 0.0000e+00
      5.640      0.036     6.2474     56.894     47.929  34.654344     2.2384      9.069     2.2618 1.2387e-01   178.2906      5.530      8.021    11.1473 0.0000e+00
      5.651      0.040     6.2575     56.854     58.035  41.960154     1.6535      9.069     1.9044 1.2389e-01   133.3495      5.541      8.037    11.1495 0.0000e+00
      5.664      0.042     6.2527     56.816     85.844  62.072186     0.6074      9.069     1.5029 1.2389e-01    50.4746      5.555      8.056    11.1526 0.0000e+00
      5.676      0.043     6.2519     56.789    119.760  86.621173     0.0443      9.068     1.2785 1.2390e-01     5.2391      5.567      8.074    11.1527 0.0000e+00
      5.687      0.042     6.2543     56.776    141.049 102.063889    -0.0112      9.068     1.1704 1.2391e-01     1.0715      5.577      8.089    11.1494 0.0000e+00
