Data/DataNotYetUploadedToEDI/Raw_CTD/RawDownloads/111025_fcr40_S7809007.cnv
* Sea-Bird SBE19plus  Data File:
* FileName = C:\R\Reservoirs\Data\DataNotYetUploadedToEDI\Raw_CTD\RawDownloads\102725_fcr50_S7809_0007.hex
* Software version 2.8.0.119
* Temperature SN = 7809
* Conductivity SN = 7809
* System UpLoad Time = Nov 13 2025 15:24:56
* <ApplicationData>
* <Seaterm232>
# nquan = 15
# nvalues = 986                         
# units = specified
# name 0 = depFM: Depth [fresh water, m]
# name 1 = dz/dtM: Descent Rate [m/s]
# name 2 = sbeox0Mg/L: Oxygen, SBE 43 [mg/l]
# name 3 = sbeox0PS: Oxygen, SBE 43 [% saturation]
# name 4 = specc: Specific Conductance [uS/cm]
# name 5 = c0uS/cm: Conductivity [uS/cm]
# name 6 = flECO-AFL: Fluorescence, WET Labs ECO-AFL/FL [mg/m^3]
# name 7 = ph: pH
# name 8 = orp: Oxidation Reduction Potential [mV]
# name 9 = par/sat/log: PAR/Logarithmic, Satlantic
# name 10 = turbWETntu0: Turbidity, WET Labs ECO [NTU]
# name 11 = prdM: Pressure, Strain Gauge [db]
# name 12 = prdE: Pressure, Strain Gauge [psi]
# name 13 = tv290C: Temperature [ITS-90, deg C]
# name 14 = flag:  0.000e+00
# span 0 =     -0.730,      5.805       
# span 1 =     -0.172,      0.262       
# span 2 =     5.1369,    10.3986       
# span 3 =     46.873,     90.965       
# span 4 =      4.755,    173.551       
# span 5 =   3.187843, 125.838514       
# span 6 =    -0.1022,     2.2941       
# span 7 =      8.245,      9.102       
# span 8 =    -2.6412,  1012.5279       
# span 9 = 1.2373e-01, 3.1676e+02       
# span 10 =    -0.2195,   179.0224      
# span 11 =     -0.716,      5.693      
# span 12 =     -1.038,      8.258      
# span 13 =     8.4818,    11.5555      
# span 14 = 0.0000e+00, 0.0000e+00      
# interval = seconds: 0.25
# start_time = Nov 10 2025 15:33:25 [Instrument's time stamp, header]
# bad_flag = -9.990e-29
*END*
     -0.730 4.8923e-27    10.3843     88.796      4.755   3.187843     0.0097      8.590   706.6639 3.1676e+02     7.8045     -0.716     -1.038     8.4818 0.0000e+00
     -0.730 5.3815e-26    10.3778     88.830      5.203   3.488700    -0.0087      8.577   786.5536 3.1298e+02     7.6646     -0.715     -1.037     8.4906 0.0000e+00
     -0.730 5.9197e-25    10.3781     88.885      5.810   3.896751    -0.0190      8.569   856.2536 3.0267e+02     6.8328     -0.716     -1.038     8.5004 0.0000e+00
     -0.729 6.5116e-24    10.3864     88.921      5.685   3.813671    -0.0233      8.564   911.0753 2.8825e+02     5.2632     -0.715     -1.037     8.5087 0.0000e+00
     -0.729 7.1628e-23    10.3838     88.951      5.496   3.687676    -0.0348      8.572   921.4614 2.7364e+02     4.3309     -0.715     -1.037     8.5173 0.0000e+00
     -0.729 7.8791e-22    10.3841     88.976      7.123   4.780508    -0.0584      8.585   925.2169 2.5901e+02     4.1345     -0.716     -1.038     8.5247 0.0000e+00
     -0.729 8.6670e-21    10.3939     88.981      9.133   6.130224    -0.0764      8.599   910.4520 2.4624e+02     4.0844     -0.715     -1.038     8.5318 0.0000e+00
     -0.729 9.5337e-20    10.3931     88.965      8.758   5.878841    -0.0604      8.627   837.5834 2.3844e+02     3.7253     -0.716     -1.038     8.5385 0.0000e+00
     -0.729 1.0487e-18    10.3954     88.915      6.745   4.528476    -0.0476      8.644   734.7206 2.3589e+02     2.8678     -0.715     -1.038     8.5449 0.0000e+00
     -0.729 1.1536e-17    10.3986     88.857      6.610   4.438263    -0.0639      8.621   640.7970 2.3708e+02     2.3239     -0.715     -1.037     8.5509 0.0000e+00
     -0.729 1.2689e-16    10.3960     88.842      8.356   5.611818    -0.0663      8.586   530.2611 2.3823e+02     2.2733     -0.715     -1.037     8.5564 0.0000e+00
     -0.729 1.3958e-15    10.3953     88.857      8.909   5.983455    -0.0592      8.566   377.7971 2.3508e+02     2.1184     -0.715     -1.038     8.5617 0.0000e+00
     -0.729 1.5354e-14    10.3865     88.860      8.110   5.447304    -0.0702      8.538   285.6749 2.2150e+02     1.7498     -0.715     -1.038     8.5667 0.0000e+00
     -0.729 1.6889e-13    10.3748     88.859      7.664   5.148202    -0.0657      8.478   383.0710 1.9383e+02     1.5741     -0.715     -1.037     8.5714 0.0000e+00
     -0.729 1.8578e-12    10.3734     88.882      7.955   5.344787    -0.0383      8.400   627.1265 1.6427e+02     1.6334     -0.715     -1.037     8.5761 0.0000e+00
     -0.729 2.0436e-11    10.3768     88.920      8.061   5.416676    -0.0221      8.342   836.7225 1.4527e+02     1.4758     -0.715     -1.037     8.5805 0.0000e+00
     -0.729 2.2480e-10    10.3756     88.964      7.824   5.257166    -0.0361      8.310   935.2784 1.3416e+02     1.0008     -0.715     -1.037     8.5849 0.0000e+00
     -0.729 2.4728e-09    10.3717     88.990      7.630   5.126794    -0.0666      8.285   978.0679 1.2446e+02     0.6389     -0.714     -1.036     8.5889 0.0000e+00
     -0.729 2.7201e-08    10.3756     88.983      7.600   5.107475    -0.0653      8.273  1004.5954 1.1483e+02     0.5843     -0.715     -1.037     8.5921 0.0000e+00
     -0.729 2.9921e-07    10.3792     88.998      7.757   5.213650    -0.0463      8.272  1012.5279 1.0635e+02     0.4430     -0.715     -1.037     8.5947 0.0000e+00
     -0.729      0.000    10.3836     89.035      7.935   5.333500    -0.0605      8.261  1011.5159 1.0082e+02     0.0585     -0.715     -1.037     8.5971 0.0000e+00
     -0.729      0.000    10.3903     89.041      8.057   5.416174    -0.0787      8.245  1012.4065 9.9760e+01    -0.1374     -0.715     -1.037     8.5988 0.0000e+00
     -0.730      0.000    10.3826     89.003      8.394   5.643036    -0.0673      8.274   903.8735 1.0030e+02    -0.0126     -0.716     -1.038     8.6009 0.0000e+00
     -0.730      0.004    10.3849     88.943     12.850   8.646666    -0.0558      8.419   546.0513 1.0204e+02     0.3720     -0.715     -1.038     8.6025 0.0000e+00
     -0.729      0.018    10.3925     88.884     25.458  17.206888    -0.0147      8.629   159.6710 1.1273e+02     3.9666     -0.715     -1.037     8.6049 0.0000e+00
     -0.729      0.045    10.3928     88.861     40.763  27.816965     0.0804      8.750    33.9995 1.3716e+02    10.6551     -0.715     -1.036     8.6056 0.0000e+00
     -0.728      0.083    10.3864     88.928     49.393  34.148408     0.1617      8.776    47.6811 1.6492e+02    14.3590     -0.716     -1.038     8.6088 0.0000e+00
     -0.714      0.128    10.3786     88.996     50.234  35.216871     0.2107      8.782    51.7476 1.8832e+02    14.5563     -0.712     -1.032     8.6070 0.0000e+00
     -0.674      0.173    10.3700     88.913     48.708  34.583296     0.3484      8.788    55.1183 2.1151e+02    12.2216     -0.669     -0.971     8.6133 0.0000e+00
     -0.609      0.213    10.2822     88.674     47.730  34.229385     0.5949      8.789    62.4518 2.2909e+02     7.8212     -0.598     -0.868     8.9298 0.0000e+00
     -0.535      0.243    10.1413     88.340     47.155  34.047065     0.7527      8.784    67.6282 2.3357e+02     5.4851     -0.525     -0.761     9.5550 0.0000e+00
     -0.463      0.261    10.0329     87.973     46.855  33.965293     0.8001      8.780    64.2750 2.2482e+02     5.3937     -0.453     -0.656    10.0881 0.0000e+00
     -0.393      0.262     9.9162     87.648     46.726  33.938727     0.8351      8.780    58.7340 2.0690e+02     5.4187     -0.385     -0.559    10.5331 0.0000e+00
     -0.327      0.250     9.8018     87.413     46.677  33.916268     0.8510      8.784    56.2989 1.8098e+02     5.3431     -0.319     -0.463    10.9045 0.0000e+00
     -0.263      0.229     9.7128     87.329     46.689  33.884095     0.8427      8.789    55.5684 1.5151e+02     5.2995     -0.258     -0.374    11.1323 0.0000e+00
     -0.201      0.200     9.6369     87.460     46.778  33.866906     0.8507      8.795    54.8916 1.3472e+02     5.3345     -0.196     -0.283    11.2680 0.0000e+00
     -0.146      0.166     9.5880     87.823     46.850  33.835240     0.8638      8.800    54.4822 1.2646e+02     5.2880     -0.136     -0.196    11.3302 0.0000e+00
     -0.107      0.129     9.5546     88.359     46.828  33.754914     0.8514      8.804    54.2326 1.1874e+02     5.1131     -0.100     -0.144    11.3501 0.0000e+00
     -0.083      0.090     9.5522     88.948     46.755  33.656961     0.8427      8.808    54.1102 1.1818e+02     4.9631     -0.079     -0.114    11.3052 0.0000e+00
     -0.070      0.051     9.5910     89.503     46.722  33.602531     0.8335      8.813    54.1221 1.2039e+02     4.9771     -0.066     -0.095    11.1932 0.0000e+00
     -0.065      0.015     9.6532     89.988     46.754  33.604345     0.8485      8.817    54.2893 1.2119e+02     5.1460     -0.062     -0.090    11.0982 0.0000e+00
     -0.065     -0.015     9.7335     90.364     46.792  33.615417     0.8832      8.821    54.4109 1.2382e+02     5.2629     -0.061     -0.089    11.0329 0.0000e+00
     -0.071     -0.035     9.8130     90.587     46.793  33.609502     0.8957      8.825    54.4736 1.2651e+02     5.2290     -0.064     -0.094    10.9836 0.0000e+00
     -0.088     -0.044     9.8811     90.646     46.761  33.596259     0.8983      8.828    54.7042 1.2960e+02     5.1804     -0.083     -0.121    10.9549 0.0000e+00
     -0.112     -0.044     9.9414     90.569     46.799  33.645640     0.8894      8.832    55.0476 1.3438e+02     5.1876     -0.111     -0.162    10.9331 0.0000e+00
     -0.132     -0.037     9.9891     90.413     46.877  33.699035     0.8794      8.836    55.2693 1.3691e+02     5.2480     -0.134     -0.195    10.9154 0.0000e+00
     -0.141     -0.026    10.0169     90.217     46.824  33.607398     0.8699      8.840    55.4067 1.3744e+02     5.2960     -0.144     -0.208    10.9045 0.0000e+00
     -0.138     -0.012    10.0202     90.004     46.755  33.489288     0.8488      8.844    55.5906 1.3872e+02     5.2546     -0.137     -0.199    10.9115 0.0000e+00
     -0.132      0.000     9.9999     89.810     46.788  33.476351     0.8333      8.847    55.7717 1.4016e+02     5.1918     -0.127     -0.184    10.9522 0.0000e+00
     -0.129      0.008     9.9766     89.657     46.848  33.514382     0.8401      8.851    55.9619 1.3975e+02     5.1521     -0.125     -0.182    10.9707 0.0000e+00
     -0.129      0.010     9.9735     89.552     46.827  33.504999     0.8558      8.853    56.4277 1.3803e+02     5.1504     -0.127     -0.185    10.8907 0.0000e+00
     -0.128      0.008     9.9706     89.492     46.706  33.426359     0.8490      8.856    61.4902 1.3849e+02     5.1366     -0.126     -0.183    10.7914 0.0000e+00
     -0.124      0.008     9.9563     89.455     46.636  33.388331     0.8329      8.860    66.9244 1.4068e+02     5.0531     -0.122     -0.177    10.7587 0.0000e+00
     -0.121      0.015     9.9377     89.438     46.646  33.425883     0.8439      8.864    63.3678 1.3908e+02     5.0980     -0.118     -0.171    10.7647 0.0000e+00
     -0.120      0.030     9.9237     89.421     46.659  33.499763     0.8744      8.866    58.3233 1.3528e+02     5.3038     -0.118     -0.171    10.7728 0.0000e+00
     -0.120      0.049     9.9178     89.401     46.653  33.583788     0.8846      8.868    57.4692 1.3869e+02     5.4236     -0.120     -0.173    10.7795 0.0000e+00
     -0.112      0.064     9.9099     89.421     46.626  33.617135     0.8595      8.870    57.4292 1.4121e+02     5.3847     -0.119     -0.171    10.7897 0.0000e+00
     -0.087      0.073     9.9047     89.510     46.640  33.585808     0.8372      8.872    57.4957 1.3153e+02     5.2780     -0.092     -0.133    10.8106 0.0000e+00
     -0.050      0.072     9.8879     89.660     46.721  33.522192     0.8481      8.874    57.4132 1.2071e+02     5.1925     -0.044     -0.063    10.8806 0.0000e+00
     -0.019      0.061     9.8548     89.850     46.843  33.482270     0.8656      8.877    57.2056 1.1351e+02     5.1021     -0.014     -0.020    11.0025 0.0000e+00
     -0.000      0.045     9.8357     90.054     46.963  33.483631     0.8664      8.881    57.1368 1.0904e+02     5.0388      0.005      0.007    11.0892 0.0000e+00
      0.002      0.028     9.8578     90.252     46.987  33.475121     0.8484      8.883    57.2693 1.0956e+02     5.0415      0.009      0.014    11.0416 0.0000e+00
     -0.009      0.013     9.9141     90.415     46.889  33.442788     0.8315      8.884    57.3461 1.1206e+02     5.0673     -0.011     -0.015    10.8687 0.0000e+00
     -0.019      0.005     9.9721     90.506     46.742  33.409958     0.8454      8.886    57.2911 1.1140e+02     5.1458     -0.025     -0.037    10.7153 0.0000e+00
     -0.014      0.003    10.0157     90.546     46.618  33.395480     0.8745      8.887    57.2056 1.0715e+02     5.1694     -0.017     -0.024    10.6277 0.0000e+00
     -0.003      0.005    10.0469     90.566     46.518  33.394714     0.8756      8.888    57.1730 1.0577e+02     5.0796     -0.001     -0.001    10.5895 0.0000e+00
      0.004      0.008    10.0555     90.570     46.429  33.400764     0.8506      8.890    57.2413 1.1080e+02     4.9826      0.006      0.008    10.6465 0.0000e+00
      0.004      0.007    10.0407     90.554     46.344  33.405254     0.8476      8.892    57.3423 1.1481e+02     4.9869      0.004      0.005    10.7409 0.0000e+00
      0.002      0.002    10.0264     90.512     46.241  33.385636     0.8640      8.894    57.4484 1.1172e+02     5.0981      0.002      0.003    10.8161 0.0000e+00
     -0.001     -0.001    10.0118     90.481     46.144  33.353957     0.8571      8.896    57.5775 1.0868e+02     5.1313     -0.000      0.000    10.8921 0.0000e+00
     -0.004     -0.001     9.9932     90.481     46.092  33.339489     0.8310      8.897    57.6991 1.1041e+02     5.0475     -0.004     -0.007    10.9695 0.0000e+00
     -0.004      0.002     9.9770     90.494     46.063  33.337614     0.8226      8.899    57.7998 1.1414e+02     5.0413     -0.005     -0.007    11.0414 0.0000e+00
     -0.001      0.006     9.9547     90.523     46.024  33.331305     0.8475      8.901    57.8484 1.1531e+02     5.1243     -0.001     -0.000    11.1043 0.0000e+00
      0.001      0.010     9.9406     90.558     45.989  33.326677     0.8743      8.903    57.8566 1.1182e+02     5.1624      0.001      0.002    11.1457 0.0000e+00
      0.004      0.013     9.9391     90.588     45.991  33.345121     0.8639      8.903    57.8991 1.0838e+02     5.1266      0.002      0.004    11.1639 0.0000e+00
      0.009      0.014     9.9344     90.628     45.998  33.363991     0.8291      8.903    57.9319 1.0667e+02     5.0335      0.008      0.011    11.1821 0.0000e+00
      0.014      0.014     9.9329     90.710     45.981  33.364517     0.8281      8.904    57.9094 1.0508e+02     5.0272      0.015      0.021    11.2082 0.0000e+00
      0.019      0.013     9.9318     90.838     45.948  33.351497     0.8607      8.907    58.0570 1.0443e+02     5.1190      0.020      0.028    11.2323 0.0000e+00
      0.022      0.011     9.9304     90.965     45.913  33.333465     0.8902      8.909    58.4262 1.0390e+02     5.1189      0.022      0.031    11.2503 0.0000e+00
      0.023      0.008     9.9296     90.931     45.909  33.336830     0.9023      8.912    58.6737 1.0434e+02     5.0253      0.023      0.033    11.2643 0.0000e+00
      0.025      0.006     9.9351     90.373     45.890  33.328754     0.8827      8.914    58.7262 1.0839e+02     5.0123      0.025      0.035    11.2785 0.0000e+00
      0.025      0.004     9.9486     88.991     45.845  33.299263     0.8771      8.915    58.8029 1.1037e+02     5.0981      0.025      0.036    11.2908 0.0000e+00
      0.026      0.003     9.9628     86.766     45.842  33.297487     0.8846      8.916    58.9119 1.0712e+02     5.1744      0.024      0.035    11.2985 0.0000e+00
      0.027      0.003     9.9764     83.858     45.857  33.307274     0.8568      8.917    59.0115 1.0632e+02     5.2170      0.026      0.038    11.3053 0.0000e+00
      0.028      0.002     9.9279     80.496     45.834  33.290710     0.8322      8.919    59.1480 1.0674e+02     5.2044      0.028      0.041    11.3120 0.0000e+00
      0.028      0.000     9.7733     76.987     45.831  33.287551     0.8289      8.921    59.2711 1.0599e+02     5.2271      0.028      0.040    11.3164 0.0000e+00
      0.029     -0.004     9.5238     73.659     45.894  33.332516     0.8251      8.921    59.3815 1.0714e+02     5.2858      0.026      0.038    11.3146 0.0000e+00
      0.030     -0.006     9.1973     70.709     45.969  33.390264     0.8278      8.921    59.5356 1.0704e+02     5.1973      0.030      0.044    11.3123 0.0000e+00
      0.028     -0.006     8.8175     68.250     45.992  33.414789     0.8373      8.922    59.7586 1.0387e+02     5.0450      0.030      0.045    11.3153 0.0000e+00
      0.021     -0.003     8.4181     66.343     45.929  33.375276     0.8481      8.923    60.0129 1.0388e+02     5.0505      0.020      0.030    11.3134 0.0000e+00
      0.015      0.000     8.0485     64.826     45.818  33.293193     0.8577      8.926    60.2010 1.0486e+02     5.1605      0.012      0.018    11.3091 0.0000e+00
      0.016      0.002     7.7229     63.525     45.761  33.247095     0.8620      8.928    60.3130 1.0351e+02     5.2140      0.014      0.020    11.3130 0.0000e+00
      0.023      0.004     7.4438     62.453     45.785  33.262010     0.8589      8.928    60.3336 1.0624e+02     5.1505      0.023      0.033    11.3245 0.0000e+00
      0.030      0.005     7.2434     61.568     45.813  33.283206     0.8359      8.929    60.3646 1.1024e+02     5.0073      0.032      0.046    11.3345 0.0000e+00
      0.032      0.004     7.0898     60.803     45.849  33.313043     0.8264      8.930    60.5156 1.1176e+02     4.9861      0.033      0.047    11.3308 0.0000e+00
      0.029      0.001     6.9403     60.131     45.914  33.368986     0.8438      8.931    60.6094 1.1218e+02     5.1675      0.029      0.042    11.3216 0.0000e+00
