Data/DataNotYetUploadedToEDI/Raw_CTD/RawDownloads/111020_bvr50.cnv
* Sea-Bird SBE19plus  Data File:
* FileName = C:\DATA\111020_bvr50_0002.hex
* Software version 2.8.0.119
* Temperature SN = 7809
* Conductivity SN = 7809
* System UpLoad Time = Nov 10 2020 10:50:16
* <ApplicationData>
* <Seaterm232>
# nquan = 16
# nvalues = 2412                        
# units = specified
# name 0 = depFM: Depth [fresh water, m]
# name 1 = dz/dtM: Descent Rate [m/s]
# name 2 = orp: Oxidation Reduction Potential [mV]
# name 3 = sbeox0Mg/L: Oxygen, SBE 43 [mg/l]
# name 4 = sbeox0PS: Oxygen, SBE 43 [% saturation]
# name 5 = par/sat/log: PAR/Logarithmic, Satlantic
# name 6 = ph: pH
# name 7 = specc: Specific Conductance [uS/cm]
# name 8 = c0uS/cm: Conductivity [uS/cm]
# name 9 = flECO-AFL: Fluorescence, WET Labs ECO-AFL/FL [mg/m^3]
# name 10 = turbWETntu0: Turbidity, WET Labs ECO [NTU]
# name 11 = tv290C: Temperature [ITS-90, deg C]
# name 12 = density00: Density [density, kg/m^3]
# name 13 = prdE: Pressure, Strain Gauge [psi]
# name 14 = prdM: Pressure, Strain Gauge [db]
# name 15 = flag:  0.000e+00
# span 0 =     -0.683,     10.480       
# span 1 =     -0.304,      0.300       
# span 2 =   158.0757,  1240.2295       
# span 3 =     2.7232,     9.7917       
# span 4 =     24.908,     95.038       
# span 5 = 1.2353e-01, 2.6148e+02       
# span 6 =     15.687,     16.150       
# span 7 =      0.743,     44.840       
# span 8 =   0.634438,  36.246434       
# span 9 =    -1.0058,     8.5519       
# span 10 =    -0.3158,    71.2818      
# span 11 =    11.2794,    17.7440      
# span 12 =   998.6476,   999.6439      
# span 13 =     -0.972,     14.907      
# span 14 =     -0.670,     10.278      
# span 15 = 0.0000e+00, 0.0000e+00      
# interval = seconds: 0.25
# start_time = Nov 09 2020 21:54:09 [Instrument's time stamp, header]
# bad_flag = -9.990e-29
*END*
[from data line 1447]
      8.031      0.036   262.7998     5.3465     48.741 1.2365e-01     15.862     30.488  22.276464     1.7579     6.9802    11.5338   999.6020     11.421      7.875 0.0000e+00
      8.041      0.041   262.7808     5.3358     48.679 1.2369e-01     15.862     30.490  22.277144     1.7396     6.8910    11.5332   999.6021     11.431      7.882 0.0000e+00
      8.056      0.046   262.9075     5.3284     48.639 1.2370e-01     15.863     30.512  22.290867     1.7328     6.8229    11.5315   999.6023     11.458      7.900 0.0000e+00
      8.073      0.049   263.0412     5.3165     48.651 1.2375e-01     15.864     30.550  22.315543     1.7432     6.8436    11.5306   999.6025     11.486      7.919 0.0000e+00
      8.087      0.049   263.0214     5.3084     48.716 1.2380e-01     15.863     30.561  22.321833     1.7213     6.9013    11.5315   999.6025     11.505      7.932 0.0000e+00
      8.098      0.046   263.0982     5.3021     48.772 1.2378e-01     15.862     30.538  22.303489     1.6584     6.9361    11.5298   999.6027     11.518      7.941 0.0000e+00
      8.108      0.041   263.2817     5.2961     48.730 1.2376e-01     15.862     30.512  22.284001     1.6129     6.9209    11.5249   999.6033     11.533      7.951 0.0000e+00
      8.117      0.036   263.2617     5.2982     48.618 1.2377e-01     15.862     30.502  22.276465     1.6098     6.9241    11.5204   999.6039     11.546      7.961 0.0000e+00
      8.127      0.031   263.1141     5.3069     48.518 1.2373e-01     15.861     30.502  22.275781     1.6103     6.9396    11.5172   999.6044     11.558      7.969 0.0000e+00
      8.136      0.028   263.0452     5.3206     48.482 1.2373e-01     15.861     30.501  22.275734     1.6009     6.9028    11.5146   999.6046     11.575      7.981 0.0000e+00
      8.142      0.028   263.0309     5.3129     48.541 1.2377e-01     15.863     30.501  22.275894     1.6106     6.8917    11.5131   999.6047     11.584      7.987 0.0000e+00
      8.145      0.031   263.0277     5.2961     48.612 1.2376e-01     15.863     30.504  22.277723     1.6423     6.9078    11.5124   999.6048     11.584      7.987 0.0000e+00
      8.148      0.035   263.0920     5.2858     48.610 1.2376e-01     15.864     30.532  22.297839     1.7162     6.8921    11.5123   999.6048     11.586      7.988 0.0000e+00
      8.158      0.038   263.2066     5.2765     48.541 1.2376e-01     15.865     30.576  22.328866     1.8167     6.8730    11.5133   999.6048     11.601      7.998 0.0000e+00
      8.173      0.041   263.2083     5.2892     48.423 1.2373e-01     15.865     30.586  22.335784     1.8573     6.8484    11.5140   999.6048     11.624      8.015 0.0000e+00
      8.189      0.043   263.1130     5.3016     48.303 1.2369e-01     15.864     30.563  22.318060     1.8642     6.8698    11.5136   999.6049     11.650      8.032 0.0000e+00
      8.201      0.043   263.0869     5.2983     48.228 1.2365e-01     15.863     30.546  22.304820     1.8902     6.9249    11.5125   999.6051     11.667      8.044 0.0000e+00
      8.209      0.041   263.1505     5.2927     48.212 1.2366e-01     15.863     30.543  22.302525     1.9146     6.9309    11.5113   999.6053     11.676      8.050 0.0000e+00
      8.217      0.039   263.2796     5.2761     48.201 1.2372e-01     15.863     30.527  22.290315     1.9292     6.9432    11.5102   999.6054     11.686      8.057 0.0000e+00
      8.226      0.039   263.3573     5.2625     48.131 1.2376e-01     15.863     30.518  22.284024     1.9333     6.9711    11.5091   999.6056     11.699      8.066 0.0000e+00
      8.236      0.039   263.3154     5.2527     48.046 1.2381e-01     15.863     30.526  22.289883     1.9458     6.9587    11.5080   999.6057     11.713      8.076 0.0000e+00
      8.247      0.039   263.2902     5.2534     48.015 1.2385e-01     15.863     30.538  22.297736     2.0420     6.9308    11.5075   999.6059     11.729      8.087 0.0000e+00
      8.259      0.038   263.3959     5.2571     48.045 1.2382e-01     15.863     30.564  22.315556     2.1900     6.9080    11.5075   999.6059     11.748      8.100 0.0000e+00
      8.270      0.037   263.4746     5.2458     48.103 1.2377e-01     15.864     30.565  22.315087     2.2673     6.9239    11.5073   999.6060     11.765      8.112 0.0000e+00
      8.279      0.035   263.3819     5.2334     48.168 1.2376e-01     15.864     30.534  22.292074     2.2796     6.9514    11.5068   999.6061     11.776      8.120 0.0000e+00
      8.286      0.033   263.3069     5.2302     48.238 1.2379e-01     15.864     30.533  22.290979     2.1480     6.9312    11.5055   999.6062     11.784      8.124 0.0000e+00
      8.293      0.032   263.3434     5.2357     48.291 1.2379e-01     15.864     30.548  22.301835     1.8775     6.8854    11.5035   999.6065     11.793      8.131 0.0000e+00
      8.301      0.033   263.4783     5.2431     48.303 1.2377e-01     15.864     30.542  22.296490     1.7276     6.8439    11.5018   999.6067     11.806      8.140 0.0000e+00
      8.308      0.036   263.5608     5.2498     48.306 1.2378e-01     15.864     30.532  22.289780     1.7281     6.8416    11.5009   999.6068     11.816      8.147 0.0000e+00
      8.317      0.038   263.4818     5.2577     48.306 1.2378e-01     15.864     30.525  22.284119     1.7408     6.8581    11.5004   999.6069     11.828      8.155 0.0000e+00
      8.329      0.039   263.4691     5.2668     48.301 1.2372e-01     15.864     30.535  22.291459     1.7187     6.8368    11.4997   999.6071     11.845      8.167 0.0000e+00
      8.341      0.039   263.4940     5.2646     48.307 1.2368e-01     15.863     30.569  22.315105     1.6806     6.8247    11.4992   999.6072     11.864      8.181 0.0000e+00
      8.351      0.039   263.4377     5.2651     48.260 1.2369e-01     15.863     30.571  22.316363     1.6713     6.8834    11.4993   999.6072     11.881      8.191 0.0000e+00
      8.360      0.039   263.3905     5.2674     48.165 1.2368e-01     15.863     30.559  22.306658     1.6822     6.9283    11.4989   999.6073     11.891      8.199 0.0000e+00
      8.369      0.039   263.3533     5.2616     48.079 1.2368e-01     15.863     30.584  22.324601     1.6969     6.8875    11.4984   999.6074     11.903      8.207 0.0000e+00
      8.377      0.040   263.3321     5.2693     47.962 1.2370e-01     15.863     30.610  22.343059     1.7257     6.8706    11.4978   999.6075     11.915      8.215 0.0000e+00
      8.387      0.041   263.3930     5.2643     47.825 1.2373e-01     15.864     30.606  22.339582     1.7440     6.9295    11.4967   999.6077     11.928      8.224 0.0000e+00
      8.399      0.043   263.4867     5.2466     47.746 1.2378e-01     15.864     30.616  22.345976     1.7475     6.9813    11.4956   999.6078     11.947      8.237 0.0000e+00
      8.412      0.043   263.5189     5.2446     47.776 1.2380e-01     15.864     30.631  22.356954     1.7295     7.0165    11.4946   999.6080     11.966      8.250 0.0000e+00
      8.424      0.042   263.5244     5.2300     47.905 1.2380e-01     15.863     30.616  22.345484     1.6883     7.0456    11.4937   999.6082     11.982      8.261 0.0000e+00
      8.435      0.041   263.5534     5.2106     48.025 1.2376e-01     15.862     30.601  22.334117     1.6784     7.0936    11.4929   999.6083     11.998      8.273 0.0000e+00
      8.445      0.040   263.6114     5.2016     48.061 1.2368e-01     15.862     30.618  22.346342     1.6967     7.1502    11.4920   999.6084     12.012      8.281 0.0000e+00
      8.452      0.040   263.6227     5.2027     48.056 1.2365e-01     15.863     30.647  22.366470     1.7372     7.1126    11.4908   999.6086     12.020      8.287 0.0000e+00
      8.462      0.041   263.6047     5.2241     48.078 1.2376e-01     15.864     30.678  22.387225     1.7962     6.9819    11.4897   999.6088     12.033      8.297 0.0000e+00
      8.473      0.042   263.7370     5.2408     48.137 1.2379e-01     15.863     30.708  22.407045     1.8084     6.8753    11.4887   999.6089     12.053      8.310 0.0000e+00
      8.485      0.044   263.8465     5.2415     48.185 1.2374e-01     15.863     30.723  22.415860     1.7995     6.8876    11.4887   999.6090     12.069      8.321 0.0000e+00
      8.496      0.045   263.8099     5.2377     48.184 1.2378e-01     15.864     30.745  22.430378     1.8124     6.9244    11.4884   999.6091     12.083      8.331 0.0000e+00
      8.508      0.046   263.8104     5.2403     48.147 1.2377e-01     15.864     30.782  22.455746     1.8123     6.8744    11.4853   999.6095     12.100      8.343 0.0000e+00
      8.520      0.047   263.7670     5.2495     48.050 1.2371e-01     15.865     30.802  22.468913     1.8075     6.8324    11.4811   999.6100     12.120      8.356 0.0000e+00
      8.532      0.047   263.7155     5.2579     47.848 1.2373e-01     15.865     30.796  22.462739     1.8124     6.8624    11.4781   999.6104     12.135      8.367 0.0000e+00
      8.543      0.047   263.7896     5.2557     47.597 1.2375e-01     15.865     30.773  22.444510     1.8329     6.9288    11.4752   999.6108     12.149      8.377 0.0000e+00
      8.556      0.046   263.8883     5.2521     47.310 1.2375e-01     15.865     30.766  22.438764     1.8647     6.9473    11.4718   999.6113     12.169      8.390 0.0000e+00
      8.570      0.044   263.8771     5.2483     46.985 1.2380e-01     15.866     30.792  22.456680     1.8731     6.8803    11.4689   999.6116     12.189      8.404 0.0000e+00
      8.581      0.041   263.8263     5.2194     46.705 1.2378e-01     15.866     30.813  22.470870     1.8761     6.8408    11.4667   999.6119     12.206      8.416 0.0000e+00
      8.591      0.038   263.9613     5.1930     46.524 1.2372e-01     15.866     30.830  22.483507     1.8824     6.8467    11.4648   999.6121     12.219      8.424 0.0000e+00
      8.600      0.036   264.1338     5.1651     46.462 1.2371e-01     15.865     30.829  22.482629     1.9012     6.8483    11.4631   999.6123     12.233      8.434 0.0000e+00
      8.607      0.033   264.1053     5.1221     46.425 1.2374e-01     15.864     30.799  22.460254     1.9514     6.8943    11.4619   999.6125     12.242      8.441 0.0000e+00
      8.613      0.031   264.0468     5.0928     46.302 1.2376e-01     15.864     30.809  22.466659     1.9830     6.9228    11.4608   999.6126     12.249      8.445 0.0000e+00
      8.622      0.031   264.1146     5.0694     46.141 1.2374e-01     15.865     30.850  22.496649     1.9970     6.9181    11.4599   999.6128     12.264      8.455 0.0000e+00
      8.632      0.032   264.2363     5.0667     45.995 1.2374e-01     15.866     30.864  22.505760     1.9871     6.9751    11.4596   999.6129     12.280      8.467 0.0000e+00
      8.639      0.035   264.4008     5.0723     45.866 1.2369e-01     15.865     30.875  22.513412     1.9216     7.0282    11.4593   999.6129     12.289      8.472 0.0000e+00
      8.646      0.038   264.5538     5.0514     45.749 1.2364e-01     15.864     30.892  22.525746     1.8717     7.0452    11.4588   999.6130     12.296      8.477 0.0000e+00
      8.656      0.040   264.6234     5.0337     45.645 1.2370e-01     15.864     30.896  22.528053     1.8802     7.0774    11.4580   999.6132     12.310      8.487 0.0000e+00
      8.668      0.041   264.7269     5.0174     45.556 1.2373e-01     15.864     30.916  22.541305     1.9005     7.0395    11.4569   999.6133     12.328      8.500 0.0000e+00
      8.681      0.042   264.8584     5.0038     45.467 1.2372e-01     15.864     30.941  22.559144     1.8980     6.9315    11.4561   999.6135     12.346      8.514 0.0000e+00
      8.693      0.041   264.8370     4.9919     45.429 1.2373e-01     15.864     30.934  22.553484     1.8876     6.9036    11.4555   999.6136     12.365      8.525 0.0000e+00
      8.704      0.039   264.7255     4.9783     45.457 1.2371e-01     15.864     30.911  22.536284     1.8897     6.9422    11.4545   999.6138     12.380      8.535 0.0000e+00
      8.713      0.037   264.7151     4.9733     45.478 1.2371e-01     15.865     30.920  22.541430     1.8850     6.9525    11.4534   999.6139     12.393      8.545 0.0000e+00
      8.721      0.035   264.7116     4.9582     45.426 1.2376e-01     15.866     30.935  22.552294     1.8499     6.9251    11.4522   999.6141     12.404      8.553 0.0000e+00
      8.728      0.035   264.7700     4.9535     45.281 1.2376e-01     15.867     30.920  22.540802     1.8082     6.8853    11.4511   999.6143     12.414      8.560 0.0000e+00
      8.736      0.035   264.9902     4.9611     45.093 1.2366e-01     15.866     30.905  22.529319     1.8002     6.8830    11.4502   999.6144     12.424      8.566 0.0000e+00
      8.745      0.035   265.0507     4.9656     44.932 1.2365e-01     15.865     30.920  22.540287     1.7923     6.8975    11.4493   999.6145     12.437      8.575 0.0000e+00
      8.756      0.034   264.8997     4.9618     44.805 1.2371e-01     15.865     30.929  22.546577     1.7608     6.8541    11.4485   999.6147     12.454      8.587 0.0000e+00
      8.766      0.031   264.7988     4.9433     44.679 1.2371e-01     15.865     30.923  22.541946     1.7427     6.8047    11.4478   999.6148     12.470      8.598 0.0000e+00
      8.775      0.028   264.8628     4.9193     44.569 1.2369e-01     15.865     30.931  22.547711     1.7357     6.8154    11.4475   999.6149     12.482      8.606 0.0000e+00
      8.781      0.026   264.9862     4.9014     44.501 1.2372e-01     15.866     30.938  22.552866     1.7332     6.8467    11.4469   999.6150     12.490      8.612 0.0000e+00
      8.785      0.026   265.0001     4.8909     44.481 1.2371e-01     15.866     30.922  22.540865     1.7319     6.8396    11.4462   999.6151     12.496      8.615 0.0000e+00
      8.789      0.027   264.9445     4.8757     44.529 1.2366e-01     15.866     30.907  22.529438     1.7292     6.8330    11.4456   999.6151     12.500      8.618 0.0000e+00
      8.794      0.028   264.9158     4.8614     44.632 1.2370e-01     15.865     30.924  22.541535     1.7389     6.8692    11.4451   999.6152     12.505      8.623 0.0000e+00
      8.803      0.029   264.9116     4.8561     44.720 1.2376e-01     15.865     30.950  22.560300     1.7438     6.9000    11.4448   999.6153     12.519      8.632 0.0000e+00
      8.815      0.031   264.9800     4.8509     44.715 1.2369e-01     15.865     30.958  22.566066     1.7213     6.9651    11.4445   999.6154     12.541      8.647 0.0000e+00
      8.824      0.033   265.0540     4.8577     44.644 1.2365e-01     15.865     30.934  22.547826     1.6866     7.0735    11.4441   999.6154     12.554      8.656 0.0000e+00
      8.830      0.033   265.0317     4.8709     44.594 1.2370e-01     15.865     30.909  22.530017     1.6679     7.1120    11.4439   999.6155     12.557      8.658 0.0000e+00
      8.836      0.033   265.1409     4.8858     44.552 1.2373e-01     15.864     30.924  22.540992     1.6764     7.1213    11.4435   999.6156     12.566      8.664 0.0000e+00
      8.845      0.034   265.3414     4.8846     44.507 1.2375e-01     15.864     30.942  22.553688     1.7229     7.0827    11.4432   999.6157     12.581      8.674 0.0000e+00
      8.855      0.037   265.3057     4.8685     44.447 1.2376e-01     15.864     30.947  22.556698     1.7820     6.9198    11.4429   999.6157     12.595      8.684 0.0000e+00
      8.865      0.039   265.2262     4.8684     44.371 1.2369e-01     15.864     30.975  22.577384     1.8000     6.8339    11.4427   999.6158     12.606      8.692 0.0000e+00
      8.877      0.039   265.4117     4.8620     44.312 1.2366e-01     15.864     31.024  22.613549     1.7871     6.8679    11.4426   999.6159     12.624      8.704 0.0000e+00
      8.888      0.038   265.5702     4.8580     44.296 1.2372e-01     15.864     31.024  22.613446     1.7414     6.8852    11.4423   999.6160     12.644      8.718 0.0000e+00
