Data/DataNotYetUploadedToEDI/Raw_CTD/RawDownloads/111025_fcr40_S7809007.cnv
* Sea-Bird SBE19plus  Data File:
* FileName = C:\R\Reservoirs\Data\DataNotYetUploadedToEDI\Raw_CTD\RawDownloads\102725_fcr50_S7809_0007.hex
* Software version 2.8.0.119
* Temperature SN = 7809
* Conductivity SN = 7809
* System UpLoad Time = Nov 13 2025 15:24:56
* <ApplicationData>
* <Seaterm232>
# nquan = 15
# nvalues = 986                         
# units = specified
# name 0 = depFM: Depth [fresh water, m]
# name 1 = dz/dtM: Descent Rate [m/s]
# name 2 = sbeox0Mg/L: Oxygen, SBE 43 [mg/l]
# name 3 = sbeox0PS: Oxygen, SBE 43 [% saturation]
# name 4 = specc: Specific Conductance [uS/cm]
# name 5 = c0uS/cm: Conductivity [uS/cm]
# name 6 = flECO-AFL: Fluorescence, WET Labs ECO-AFL/FL [mg/m^3]
# name 7 = ph: pH
# name 8 = orp: Oxidation Reduction Potential [mV]
# name 9 = par/sat/log: PAR/Logarithmic, Satlantic
# name 10 = turbWETntu0: Turbidity, WET Labs ECO [NTU]
# name 11 = prdM: Pressure, Strain Gauge [db]
# name 12 = prdE: Pressure, Strain Gauge [psi]
# name 13 = tv290C: Temperature [ITS-90, deg C]
# name 14 = flag:  0.000e+00
# span 0 =     -0.730,      5.805       
# span 1 =     -0.172,      0.262       
# span 2 =     5.1369,    10.3986       
# span 3 =     46.873,     90.965       
# span 4 =      4.755,    173.551       
# span 5 =   3.187843, 125.838514       
# span 6 =    -0.1022,     2.2941       
# span 7 =      8.245,      9.102       
# span 8 =    -2.6412,  1012.5279       
# span 9 = 1.2373e-01, 3.1676e+02       
# span 10 =    -0.2195,   179.0224      
# span 11 =     -0.716,      5.693      
# span 12 =     -1.038,      8.258      
# span 13 =     8.4818,    11.5555      
# span 14 = 0.0000e+00, 0.0000e+00      
# interval = seconds: 0.25
# start_time = Nov 10 2025 15:33:25 [Instrument's time stamp, header]
# bad_flag = -9.990e-29
*END*
[from data line 482]
      0.029     -0.001     6.5059     59.799     46.227  33.789461     0.7162      9.074    66.2544 8.4102e+01     4.9716      0.028      0.041    11.5444 0.0000e+00
      0.029     -0.001     6.5046     59.770     46.220  33.784724     0.7114      9.075    66.2500 8.4353e+01     4.9915      0.028      0.041    11.5444 0.0000e+00
      0.030      0.000     6.5092     59.760     46.212  33.780091     0.7279      9.075    66.2668 8.4704e+01     5.0917      0.031      0.044    11.5443 0.0000e+00
      0.031      0.001     6.5156     59.756     46.233  33.796881     0.7326      9.075    66.2857 8.4463e+01     5.1243      0.030      0.045    11.5441 0.0000e+00
      0.030      0.001     6.5115     59.754     46.233  33.797401     0.7106      9.075    66.2193 8.3984e+01     5.0443      0.029      0.043    11.5444 0.0000e+00
      0.030      0.001     6.5061     59.753     46.217  33.786386     0.7114      9.076    66.1526 8.3753e+01     5.0459      0.029      0.042    11.5453 0.0000e+00
      0.031      0.000     6.5070     59.739     46.222  33.790595     0.7416      9.076    66.1675 8.3378e+01     5.1783      0.030      0.042    11.5464 0.0000e+00
      0.032      0.000     6.5057     59.693     46.214  33.784837     0.7685      9.075    66.1411 8.3281e+01     5.2440      0.031      0.044    11.5473 0.0000e+00
      0.032      0.001     6.5056     59.613     46.209  33.780214     0.7865      9.075    66.0921 8.3122e+01     5.1572      0.031      0.045    11.5481 0.0000e+00
      0.031      0.001     6.5057     59.522     46.234  33.798151     0.7848      9.075    66.0920 8.2977e+01     5.0181      0.030      0.043    11.5492 0.0000e+00
      0.031      0.001     6.5051     59.435     46.252  33.811369     0.7888      9.076    66.1386 8.3136e+01     5.0301      0.029      0.042    11.5498 0.0000e+00
      0.031      0.001     6.5007     59.364     46.255  33.813137     0.8021      9.076    66.1391 8.3023e+01     5.0978      0.030      0.043    11.5499 0.0000e+00
      0.031      0.001     6.4901     59.314     46.263  33.819537     0.8042      9.077    66.0984 8.2784e+01     5.0857      0.031      0.045    11.5492 0.0000e+00
      0.032      0.000     6.4805     59.305     46.271  33.825305     0.8061      9.077    66.0772 8.1842e+01     5.0537      0.032      0.046    11.5483 0.0000e+00
      0.032 1.7088e-08     6.4699     59.345     46.264  33.819430     0.7914      9.077    66.0544 8.1160e+01     4.9840      0.031      0.045    11.5483 0.0000e+00
      0.032 1.8797e-07     6.4630     59.422     46.255  33.811942     0.7853      9.077    65.9952 8.2055e+01     5.0287      0.032      0.046    11.5484 0.0000e+00
      0.032 1.8797e-07     6.4558     59.538     46.236  33.798213     0.8066      9.076    65.9646 8.3789e+01     5.1167      0.031      0.045    11.5484 0.0000e+00
      0.031 1.7088e-08     6.4545     59.658     46.212  33.780324     0.8163      9.076    66.0279 8.3662e+01     5.0562      0.030      0.043    11.5484 0.0000e+00
      0.031 1.5535e-09     6.4606     59.752     46.221  33.785984     0.8022      9.076    66.0712 8.1880e+01     5.0153      0.031      0.045    11.5478 0.0000e+00
      0.032 1.4122e-10     6.4670     59.815     46.246  33.803191     0.7774      9.077    66.0584 8.1385e+01     5.0323      0.032      0.046    11.5472 0.0000e+00
      0.032 1.2817e-11     6.4823     59.846     46.239  33.798038     0.7753      9.077    66.0455 8.1871e+01     5.1248      0.031      0.045    11.5467 0.0000e+00
      0.032 9.3600e-13     6.4970     59.862     46.225  33.787126     0.7841      9.077    66.0010 8.1881e+01     5.2805      0.032      0.046    11.5461 0.0000e+00
      0.032 -2.437e-12     6.5065     59.869     46.241  33.798151     0.7761      9.077    65.9506 8.0272e+01     5.3088      0.032      0.046    11.5452 0.0000e+00
      0.032 -2.796e-11     6.5147     59.857     46.250  33.804448     0.7701      9.077    65.9526 7.9967e+01     5.2623      0.031      0.045    11.5446 0.0000e+00
      0.032 -3.077e-10     6.5164     59.837     46.244  33.799815     0.7863      9.077    65.9386 8.1861e+01     5.2989      0.031      0.045    11.5441 0.0000e+00
      0.032 -3.384e-09     6.5183     59.823     46.253  33.805583     0.8139      9.078    65.9538 8.1736e+01     5.4095      0.032      0.046    11.5437 0.0000e+00
      0.033 -3.723e-08     6.5200     59.782     46.260  33.810736     0.8125      9.078    65.9638 8.1099e+01     5.4044      0.032      0.046    11.5430 0.0000e+00
      0.033 -4.095e-07     6.5181     59.696     46.244  33.798682     0.7857      9.078    65.8878 8.2409e+01     5.2709      0.033      0.047    11.5424 0.0000e+00
      0.033      0.000     6.5146     59.595     46.228  33.786731     0.8069      9.078    65.8956 8.2816e+01     5.1960      0.032      0.046    11.5422 0.0000e+00
      0.033      0.000     6.5151     59.491     46.237  33.793123     0.8857      9.078    65.9718 8.1781e+01     5.1818      0.032      0.047    11.5415 0.0000e+00
      0.032     -0.001     6.5128     59.423     46.264  33.812523     0.9310      9.079    65.9490 8.2384e+01     5.2018      0.032      0.046    11.5409 0.0000e+00
      0.032     -0.001     6.4996     59.405     46.289  33.830961     0.9130      9.081    65.8775 8.3449e+01     5.1647      0.032      0.046    11.5410 0.0000e+00
      0.032     -0.001     6.4904     59.388     46.282  33.825713     0.8845      9.081    65.8815 8.2787e+01     5.0743      0.031      0.045    11.5409 0.0000e+00
      0.032     -0.000     6.4767     59.359     46.264  33.812513     0.8781      9.081    65.8257 8.1233e+01     5.0997      0.031      0.045    11.5407 0.0000e+00
      0.032 -1.861e-08     6.4673     59.342     46.244  33.798255     0.8851      9.081    65.7192 8.1286e+01     5.1644      0.031      0.045    11.5408 0.0000e+00
      0.032 -2.047e-07     6.4698     59.339     46.219  33.780215     0.8858      9.080    65.7132 8.2014e+01     5.1732      0.031      0.045    11.5409 0.0000e+00
      0.032 -2.046e-07     6.4677     59.353     46.225  33.784725     0.8699      9.080    65.7517 8.1868e+01     5.1386      0.031      0.045    11.5406 0.0000e+00
      0.032 -1.660e-08     6.4630     59.396     46.230  33.789348     0.8424      9.081    65.8407 8.2045e+01     5.1215      0.032      0.046    11.5407 0.0000e+00
      0.032 3.5256e-09     6.4612     59.451     46.207  33.772659     0.8368      9.081    65.9295 8.2030e+01     5.2054      0.032      0.046    11.5410 0.0000e+00
      0.032 3.8782e-08     6.4614     59.514     46.207  33.773282     0.8603      9.081    65.8788 8.1609e+01     5.2306      0.032      0.046    11.5412 0.0000e+00
      0.032 4.2660e-07     6.4612     59.624     46.239  33.796882     0.8691      9.081    65.8298 8.1187e+01     5.1188      0.031      0.045    11.5415 0.0000e+00
      0.033      0.000     6.4672     59.782     46.249  33.804220     0.8511      9.081    65.9390 8.0781e+01     5.0837      0.032      0.047    11.5418 0.0000e+00
      0.033      0.000     6.4740     59.935     46.242  33.798556     0.8345      9.080    65.9953 8.1555e+01     5.2154      0.032      0.046    11.5425 0.0000e+00
      0.032      0.001     6.4779     60.053     46.232  33.791842     0.8437      9.080    65.9082 8.3712e+01     5.3794      0.031      0.045    11.5432 0.0000e+00
      0.032      0.001     6.4898     60.138     46.223  33.786496     0.8707      9.081    65.8322 8.3686e+01     5.3931      0.032      0.046    11.5434 0.0000e+00
      0.033      0.001     6.5100     60.171     46.238  33.797356     0.8775      9.081    65.8515 8.1566e+01     5.2782      0.032      0.046    11.5431 0.0000e+00
      0.034      0.001     6.5282     60.141     46.237  33.796264     0.8595      9.082    65.8829 7.9854e+01     5.2546      0.033      0.048    11.5427 0.0000e+00
      0.034      0.001     6.5395     60.061     46.206  33.773292     0.8449      9.082    65.8670 7.8474e+01     5.3468      0.033      0.048    11.5432 0.0000e+00
      0.033      0.001     6.5502     59.947     46.206  33.773387     0.8502      9.083    65.9180 7.8402e+01     5.4020      0.033      0.047    11.5437 0.0000e+00
      0.033      0.001     6.5547     59.823     46.239  33.797407     0.8577      9.083    66.0694 7.8990e+01     5.3751      0.032      0.046    11.5439 0.0000e+00
      0.033      0.001     6.5502     59.721     46.256  33.809940     0.8437      9.082    66.1484 7.8210e+01     5.2950      0.033      0.047    11.5438 0.0000e+00
      0.034      0.001     6.5411     59.655     46.240  33.798032     0.8462      9.081    66.0987 7.6326e+01     5.2869      0.034      0.049    11.5437 0.0000e+00
      0.034      0.001     6.5277     59.595     46.215  33.780318     0.8804      9.081    66.0707 7.5189e+01     5.3803      0.034      0.049    11.5436 0.0000e+00
      0.034      0.001     6.5132     59.531     46.222  33.786096     0.8914      9.081    66.0682 7.5353e+01     5.3992      0.034      0.049    11.5433 0.0000e+00
      0.034      0.001     6.5005     59.466     46.247  33.804449     0.8621      9.082    65.9821 7.5963e+01     5.3105      0.034      0.049    11.5434 0.0000e+00
      0.035      0.000     6.4960     59.406     46.257  33.811880     0.8335      9.083    65.8900 7.6751e+01     5.2307      0.034      0.049    11.5435 0.0000e+00
      0.035 1.8627e-08     6.4892     59.375     46.257  33.812503     0.8451      9.083    65.9012 7.6525e+01     5.2539      0.035      0.050    11.5441 0.0000e+00
      0.035 2.0490e-07     6.4814     59.365     46.257  33.811983     0.8776      9.084    65.9455 7.6114e+01     5.3175      0.034      0.049    11.5452 0.0000e+00
      0.035 2.0488e-07     6.4755     59.363     46.249  33.805592     0.8860      9.084    65.9952 7.7219e+01     5.2825      0.034      0.050    11.5455 0.0000e+00
      0.034 1.8306e-08     6.4662     59.384     46.241  33.798671     0.8631      9.083    65.9863 7.8463e+01     5.1386      0.033      0.049    11.5457 0.0000e+00
      0.034 -1.845e-09     6.4640     59.420     46.231  33.791750     0.8424      9.083    65.9247 7.8997e+01     5.0118      0.033      0.047    11.5456 0.0000e+00
      0.034 -3.722e-08     6.4641     59.461     46.222  33.785358     0.8524      9.083    65.9377 7.8820e+01     5.0133      0.033      0.048    11.5450 0.0000e+00
      0.035 -4.095e-07     6.4621     59.529     46.221  33.784829     0.8509      9.084    65.9713 7.8367e+01     5.0545      0.035      0.051    11.5445 0.0000e+00
      0.036      0.000     6.4653     59.629     46.221  33.785358     0.8073      9.084    65.9870 7.9163e+01     5.0317      0.036      0.052    11.5442 0.0000e+00
      0.036      0.000     6.4704     59.743     46.229  33.791750     0.7748      9.085    65.9550 8.1173e+01     4.9768      0.035      0.051    11.5437 0.0000e+00
      0.035     -0.001     6.4730     59.847     46.239  33.798671     0.7736      9.086    65.8434 8.2133e+01     4.9376      0.034      0.050    11.5437 0.0000e+00
      0.034     -0.001     6.4802     59.939     46.249  33.805593     0.7850      9.086    65.7559 8.2710e+01     4.9667      0.034      0.049    11.5441 0.0000e+00
      0.034     -0.001     6.4919     60.008     46.258  33.811995     0.7956      9.086    65.7572 8.3803e+01     5.0218      0.034      0.049    11.5446 0.0000e+00
      0.034     -0.000     6.5058     60.043     46.258  33.812629     0.7856      9.086    65.7728 8.4717e+01     5.0238      0.033      0.048    11.5451 0.0000e+00
      0.035      0.001     6.5166     60.048     46.259  33.813263     0.7805      9.085    65.8590 8.5251e+01     5.0591      0.034      0.049    11.5449 0.0000e+00
      0.035      0.001     6.5271     60.024     46.267  33.819664     0.8007      9.085    66.0251 8.3920e+01     5.1748      0.034      0.049    11.5444 0.0000e+00
      0.035      0.001     6.5357     59.976     46.277  33.826577     0.8142      9.086    66.0601 8.2058e+01     5.2269      0.035      0.050    11.5446 0.0000e+00
      0.036      0.001     6.5383     59.928     46.286  33.833393     0.8022      9.086    66.0244 8.2185e+01     5.1427      0.035      0.051    11.5453 0.0000e+00
      0.036      0.000     6.5393     59.915     46.293  33.838631     0.7800      9.086    66.0238 8.3410e+01     5.0448      0.035      0.051    11.5456 0.0000e+00
      0.035     -0.001     6.5364     59.929     46.277  33.826471     0.7867      9.086    65.9667 8.4001e+01     5.0688      0.034      0.050    11.5455 0.0000e+00
      0.035     -0.002     6.5310     59.942     46.258  33.813253     0.8167      9.086    65.8502 8.4411e+01     5.1252      0.034      0.050    11.5453 0.0000e+00
      0.035     -0.002     6.5229     59.957     46.248  33.805708     0.8267      9.086    65.7342 8.4685e+01     5.1110      0.034      0.050    11.5452 0.0000e+00
      0.034     -0.002     6.5224     59.987     46.238  33.798693     0.8152      9.086    65.6824 8.4559e+01     5.0685      0.033      0.048    11.5451 0.0000e+00
      0.033     -0.002     6.5258     60.019     46.228  33.791877     0.7951      9.087    65.7397 8.4014e+01     4.9869      0.032      0.046    11.5454 0.0000e+00
      0.033     -0.001     6.5265     60.042     46.220  33.786741     0.7914      9.087    65.8253 8.2087e+01     4.9781      0.032      0.046    11.5456 0.0000e+00
      0.033      0.000     6.5276     60.082     46.236  33.800044     0.8121      9.086    65.8571 8.2170e+01     5.0299      0.033      0.047    11.5455 0.0000e+00
      0.033      0.001     6.5307     60.115     46.268  33.825836     0.8130      9.086    65.8657 8.4551e+01     4.9654      0.031      0.045    11.5456 0.0000e+00
      0.033      0.002     6.5367     60.094     46.292  33.844812     0.7852      9.086    65.8433 8.5886e+01     4.9150      0.031      0.045    11.5456 0.0000e+00
      0.034      0.002     6.5352     60.059     46.285  33.839149     0.7677      9.086    65.7582 8.6499e+01     5.0354      0.033      0.048    11.5468 0.0000e+00
      0.036      0.002     6.5409     60.051     46.260  33.820807     0.7841      9.087    65.6114 8.5879e+01     5.1916      0.035      0.051    11.5490 0.0000e+00
      0.036      0.002     6.5483     60.041     46.251  33.813377     0.8084      9.088    65.5305 8.3747e+01     5.1974      0.036      0.052    11.5513 0.0000e+00
      0.036      0.002     6.5426     60.008     46.251  33.812752     0.7958      9.088    65.5547 8.2203e+01     5.0712      0.035      0.051    11.5529 0.0000e+00
      0.036      0.001     6.5357     59.953     46.252  33.813253     0.7815      9.088    65.5600 8.1574e+01     5.0325      0.035      0.051    11.5531 0.0000e+00
      0.036      0.001     6.5379     59.858     46.262  33.819434     0.7930      9.089    65.5940 8.2056e+01     5.1395      0.035      0.051    11.5525 0.0000e+00
      0.036      0.001     6.5380     59.770     46.269  33.824049     0.8023      9.090    65.7081 8.3471e+01     5.1695      0.036      0.052    11.5516 0.0000e+00
      0.036      0.001     6.5323     59.718     46.244  33.805598     0.8100      9.090    65.8211 8.3902e+01     5.0877      0.035      0.051    11.5507 0.0000e+00
      0.036      0.001     6.5306     59.672     46.219  33.786679     0.8034      9.089    65.8415 8.4133e+01     5.0047      0.036      0.052    11.5502 0.0000e+00
      0.037      0.001     6.5158     59.633     46.218  33.785630     0.7972      9.088    65.7825 8.3864e+01     4.9862      0.036      0.053    11.5498 0.0000e+00
      0.037      0.000     6.5046     59.606     46.229  33.792919     0.8105      9.089    65.7103 8.3714e+01     5.0685      0.037      0.055    11.5494 0.0000e+00
      0.037      0.000     6.5027     59.594     46.255  33.811362     0.8144      9.089    65.7432 8.4024e+01     5.1452      0.037      0.054    11.5488 0.0000e+00
      0.037     -0.001     6.4962     59.628     46.265  33.818282     0.8019      9.089    65.8361 8.3591e+01     5.1281      0.036      0.052    11.5482 0.0000e+00
