Data/DataNotYetUploadedToEDI/Raw_CTD/RawDownloads/111025_fcr10_S7809004.cnv
* Sea-Bird SBE19plus  Data File:
* FileName = C:\R\Reservoirs\Data\DataNotYetUploadedToEDI\Raw_CTD\RawDownloads\102725_fcr50_S7809_0004.hex
* Software version 2.8.0.119
* Temperature SN = 7809
* Conductivity SN = 7809
* System UpLoad Time = Nov 13 2025 15:23:27
* <ApplicationData>
* <Seaterm232>
# nquan = 15
# nvalues = 531                         
# units = specified
# name 0 = depFM: Depth [fresh water, m]
# name 1 = dz/dtM: Descent Rate [m/s]
# name 2 = sbeox0Mg/L: Oxygen, SBE 43 [mg/l]
# name 3 = sbeox0PS: Oxygen, SBE 43 [% saturation]
# name 4 = specc: Specific Conductance [uS/cm]
# name 5 = c0uS/cm: Conductivity [uS/cm]
# name 6 = flECO-AFL: Fluorescence, WET Labs ECO-AFL/FL [mg/m^3]
# name 7 = ph: pH
# name 8 = orp: Oxidation Reduction Potential [mV]
# name 9 = par/sat/log: PAR/Logarithmic, Satlantic
# name 10 = turbWETntu0: Turbidity, WET Labs ECO [NTU]
# name 11 = prdM: Pressure, Strain Gauge [db]
# name 12 = prdE: Pressure, Strain Gauge [psi]
# name 13 = tv290C: Temperature [ITS-90, deg C]
# name 14 = flag:  0.000e+00
# span 0 =     -0.722,      1.990       
# span 1 =     -0.226,      0.257       
# span 2 =     5.1173,    11.7837       
# span 3 =     46.304,     99.589       
# span 4 =      1.076,     48.746       
# span 5 =   0.648005,  33.379246       
# span 6 =    -0.0951,    20.4289       
# span 7 =     -2.727,      8.608       
# span 8 = -1240.7455,   147.5848       
# span 9 = 3.8135e+00, 1.6624e+02       
# span 10 =     1.3114,    92.1120      
# span 11 =     -0.708,      1.953      
# span 12 =     -1.027,      2.832      
# span 13 =     5.0471,    10.9283      
# span 14 = 0.0000e+00, 0.0000e+00      
# interval = seconds: 0.25
# start_time = Nov 10 2025 14:54:07 [Instrument's time stamp, header]
# bad_flag = -9.990e-29
*END*
[from data line 290]
      0.155      0.001     5.4735     50.004     46.455  33.312114     0.8096      8.277   118.0511 5.1663e+01     9.1888      0.154      0.223    10.8455 0.0000e+00
      0.155     -0.000     5.4780     50.241     46.453  33.310442     0.8147      8.278   118.1165 5.1683e+01     9.1065      0.152      0.222    10.8474 0.0000e+00
      0.154     -0.002     5.4898     50.517     46.454  33.310763     0.7816      8.281   118.2215 5.1663e+01     9.0750      0.150      0.218    10.8487 0.0000e+00
      0.152     -0.003     5.5108     50.821     46.462  33.316001     0.7509      8.284   118.2885 5.1624e+01     9.1499      0.149      0.216    10.8503 0.0000e+00
      0.150     -0.003     5.5302     51.167     46.454  33.310328     0.7423      8.288   118.2382 5.1512e+01     9.2259      0.147      0.214    10.8514 0.0000e+00
      0.150     -0.002     5.5568     51.584     46.448  33.305609     0.7524      8.290   118.3022 5.1277e+01     9.2079      0.146      0.212    10.8514 0.0000e+00
      0.151     -0.002     5.5886     52.050     46.472  33.322391     0.7488      8.291   118.4590 5.1003e+01     9.1040      0.147      0.213    10.8513 0.0000e+00
      0.152     -0.003     5.6215     52.497     46.472  33.322911     0.7489      8.293   118.4999 5.0921e+01     9.0622      0.149      0.215    10.8505 0.0000e+00
      0.152     -0.004     5.6580     52.889     46.457  33.311886     0.7698      8.297   118.4524 5.1114e+01     9.1132      0.149      0.216    10.8499 0.0000e+00
      0.150     -0.004     5.7044     53.213     46.462  33.315980     0.7687      8.301   118.3157 5.1501e+01     9.1742      0.148      0.214    10.8505 0.0000e+00
      0.146     -0.003     5.7605     53.458     46.451  33.308963     0.7519      8.305   118.1367 5.1936e+01     9.1499      0.144      0.208    10.8505 0.0000e+00
      0.143     -0.002     5.8106     53.635     46.424  33.290497     0.7422      8.308   118.0093 5.2068e+01     8.9899      0.140      0.202    10.8497 0.0000e+00
      0.143     -0.001     5.8542     53.729     46.413  33.283047     0.7502      8.310   117.8934 5.1883e+01     8.8802      0.139      0.203    10.8493 0.0000e+00
      0.146     -0.000     5.8914     53.721     46.413  33.282328     0.7664      8.312   117.9396 5.1619e+01     8.9509      0.144      0.209    10.8503 0.0000e+00
      0.148      0.001     5.9166     53.649     46.412  33.281798     0.7461      8.315   118.2241 5.1462e+01     8.9905      0.147      0.214    10.8518 0.0000e+00
      0.148      0.001     5.9366     53.558     46.405  33.276645     0.7127      8.318   118.4934 5.1491e+01     8.8802      0.146      0.212    10.8525 0.0000e+00
      0.147      0.001     5.9496     53.490     46.415  33.283461     0.7046      8.322   118.7008 5.1504e+01     8.8127      0.143      0.208    10.8524 0.0000e+00
      0.146      0.000     5.9456     53.460     46.439  33.300765     0.7138      8.325   118.9256 5.1336e+01     8.8918      0.142      0.206    10.8519 0.0000e+00
      0.147      0.000     5.9365     53.445     46.431  33.295535     0.7411      8.328   119.0599 5.1112e+01     9.0169      0.143      0.207    10.8517 0.0000e+00
      0.148      0.000     5.9247     53.457     46.415  33.283679     0.7519      8.332   119.1206 5.0962e+01     8.9931      0.145      0.210    10.8514 0.0000e+00
      0.149      0.001     5.9152     53.490     46.415  33.284304     0.7276      8.335   119.0576 5.0987e+01     8.9116      0.146      0.212    10.8513 0.0000e+00
      0.149      0.001     5.9158     53.538     46.439  33.303081     0.7056      8.339   118.8998 5.1220e+01     8.9537      0.146      0.212    10.8516 0.0000e+00
      0.148      0.001     5.9107     53.609     46.461  33.320385     0.7106      8.341   118.7618 5.1378e+01     8.9895      0.145      0.210    10.8517 0.0000e+00
      0.147      0.000     5.9136     53.653     46.435  33.303185     0.7216      8.343   118.5072 5.1354e+01     9.0039      0.143      0.208    10.8515 0.0000e+00
      0.147 1.8616e-08     5.9182     53.630     46.410  33.285458     0.7055      8.346   118.2307 5.1468e+01     9.0249      0.144      0.209    10.8523 0.0000e+00
      0.148 2.0478e-07     5.9206     53.598     46.425  33.296378     0.6994      8.349   118.1716 5.1654e+01     9.0721      0.145      0.211    10.8541 0.0000e+00
      0.148 2.0506e-07     5.9320     53.587     46.443  33.308330     0.7222      8.351   118.3091 5.1629e+01     9.1648      0.146      0.212    10.8556 0.0000e+00
      0.148 2.1972e-08     5.9394     53.535     46.437  33.303072     0.7234      8.354   118.5167 5.1447e+01     9.1555      0.145      0.211    10.8571 0.0000e+00
      0.147 3.8637e-08     5.9328     53.440     46.429  33.296254     0.6972      8.358   118.7027 5.1251e+01     9.0620      0.144      0.209    10.8584 0.0000e+00
      0.147 4.0655e-07     5.9261     53.383     46.420  33.289343     0.6879      8.361   118.8373 5.1139e+01     9.0242      0.144      0.209    10.8581 0.0000e+00
      0.148      0.000     5.9309     53.383     46.414  33.282952     0.7107      8.364   118.9389 5.1083e+01     9.0750      0.145      0.210    10.8570 0.0000e+00
      0.148      0.000     5.9253     53.409     46.415  33.282424     0.7399      8.366   118.9844 5.0973e+01     9.1632      0.145      0.211    10.8560 0.0000e+00
      0.148      0.001     5.9093     53.438     46.417  33.282944     0.7503      8.368   119.0437 5.0831e+01     9.1348      0.145      0.210    10.8548 0.0000e+00
      0.148      0.001     5.9032     53.460     46.426  33.289240     0.7442      8.370   119.1401 5.0850e+01     9.0049      0.145      0.211    10.8538 0.0000e+00
      0.148      0.000     5.9055     53.483     46.433  33.295112     0.7414      8.372   119.2036 5.0931e+01     8.9585      0.146      0.211    10.8519 0.0000e+00
      0.148      0.000     5.9090     53.507     46.425  33.290493     0.7669      8.374   119.2094 5.1010e+01     9.0524      0.145      0.211    10.8497 0.0000e+00
      0.149     -0.001     5.9133     53.504     46.430  33.296846     0.7941      8.376   119.0369 5.1241e+01     9.1833      0.146      0.212    10.8491 0.0000e+00
      0.149     -0.001     5.9151     53.460     46.444  33.308486     0.7707      8.379   118.8390 5.1411e+01     9.1746      0.146      0.211    10.8491 0.0000e+00
      0.148     -0.001     5.9167     53.347     46.437  33.304343     0.7337      8.382   118.8817 5.1267e+01     9.0842      0.145      0.210    10.8495 0.0000e+00
      0.147     -0.001     5.9219     53.149     46.445  33.310196     0.7208      8.385   119.0367 5.0944e+01     9.0473      0.143      0.208    10.8516 0.0000e+00
      0.147     -0.001     5.9201     52.919     46.455  33.315808     0.7227      8.388   119.0791 5.0706e+01     9.0360      0.144      0.209    10.8543 0.0000e+00
      0.148     -0.001     5.9164     52.688     46.447  33.308749     0.7399      8.390   119.0497 5.0621e+01     8.9820      0.145      0.210    10.8565 0.0000e+00
      0.148      0.000     5.9063     52.471     46.420  33.288295     0.7464      8.392   119.1121 5.0724e+01     8.8720      0.145      0.210    10.8574 0.0000e+00
      0.148 3.9100e-07     5.8797     52.283     46.378  33.258832     0.7341      8.394   119.2308 5.0920e+01     8.8330      0.145      0.210    10.8569 0.0000e+00
      0.147      0.000     5.8544     52.141     46.392  33.269734     0.7411      8.398   119.1953 5.0987e+01     8.8863      0.144      0.209    10.8555 0.0000e+00
      0.147      0.000     5.8288     52.088     46.424  33.293223     0.7734      8.400   118.9401 5.0883e+01     8.9358      0.144      0.208    10.8534 0.0000e+00
      0.148      0.001     5.8036     52.128     46.420  33.289068     0.7999      8.402   118.6410 5.0761e+01     8.9192      0.145      0.210    10.8525 0.0000e+00
      0.148      0.001     5.7834     52.219     46.412  33.282937     0.7950      8.404   118.5036 5.0813e+01     8.8220      0.145      0.211    10.8532 0.0000e+00
      0.148      0.001     5.7644     52.326     46.412  33.282535     0.7729      8.407   118.5695 5.0795e+01     8.7520      0.145      0.211    10.8549 0.0000e+00
      0.148      0.000     5.7579     52.414     46.413  33.284210     0.7731      8.409   118.5765 5.0664e+01     8.7900      0.145      0.211    10.8556 0.0000e+00
      0.148     -0.001     5.7657     52.469     46.438  33.303185     0.7979      8.411   118.4165 5.0749e+01     8.9050      0.146      0.212    10.8542 0.0000e+00
      0.148     -0.001     5.7761     52.502     46.462  33.321630     0.8229      8.414   118.2710 5.1002e+01     8.9473      0.145      0.211    10.8527 0.0000e+00
      0.147      0.000     5.7900     52.490     46.455  33.316898     0.8257      8.417   118.2793 5.1159e+01     8.8571      0.144      0.209    10.8527 0.0000e+00
      0.147 -1.846e-08     5.8008     52.440     46.444  33.309407     0.8073      8.419   118.4304 5.0989e+01     8.8390      0.144      0.209    10.8539 0.0000e+00
      0.147 -2.031e-07     5.8042     52.379     46.423  33.294501     0.8088      8.421   118.5494 5.0704e+01     8.9675      0.144      0.209    10.8550 0.0000e+00
      0.148 -2.031e-07     5.8106     52.280     46.381  33.263561     0.8096      8.424   118.6862 5.0630e+01     9.0107      0.145      0.210    10.8560 0.0000e+00
      0.148 -1.846e-08     5.8086     52.120     46.367  33.252536     0.7841      8.426   118.8791 5.0695e+01     8.8822      0.145      0.210    10.8566 0.0000e+00
      0.148 -1.678e-09     5.8003     51.905     46.417  33.288085     0.7751      8.427   118.9021 5.0865e+01     8.7812      0.145      0.210    10.8569 0.0000e+00
      0.147 -1.526e-10     5.7964     51.668     46.452  33.312719     0.7916      8.430   118.7929 5.1026e+01     8.8147      0.144      0.209    10.8571 0.0000e+00
      0.147 -1.387e-11     5.7858     51.394     46.430  33.296600     0.8094      8.432   118.6774 5.0991e+01     8.9106      0.144      0.209    10.8565 0.0000e+00
      0.148 -1.261e-12     5.7690     51.039     46.414  33.283535     0.7995      8.434   118.5385 5.0844e+01     8.9163      0.145      0.210    10.8554 0.0000e+00
      0.148 -1.146e-13     5.7424     50.629     46.415  33.281635     0.7963      8.437   118.4038 5.0752e+01     8.9179      0.145      0.210    10.8548 0.0000e+00
      0.148 -1.043e-14     5.7164     50.214     46.409  33.273624     0.8298      8.439   118.2540 5.0739e+01     9.0326      0.145      0.210    10.8545 0.0000e+00
      0.147 -1.026e-15     5.6903     49.807     46.380  33.250115     0.8625      8.441   118.1035 5.0758e+01     9.1408      0.145      0.210    10.8542 0.0000e+00
      0.147 -9.552e-16     5.6488     49.428     46.383  33.251164     0.8844      8.443   118.0459 5.0755e+01     9.2019      0.143      0.208    10.8536 0.0000e+00
      0.147 -9.568e-15     5.6010     49.123     46.431  33.286298     0.8605      8.444   118.0744 5.0681e+01     9.1560      0.144      0.209    10.8503 0.0000e+00
      0.147 -1.052e-13     5.5561     48.891     46.441  33.294263     0.8067      8.446   118.1896 5.0633e+01     9.0980      0.144      0.209    10.8451 0.0000e+00
      0.147 -1.157e-12     5.5116     48.732     46.425  33.284019     0.7996      8.447   118.3211 5.0581e+01     9.1509      0.144      0.209    10.8420 0.0000e+00
      0.147 -1.272e-11     5.4658     48.645     46.431  33.289329     0.8164      8.450   118.2879 5.0422e+01     9.2145      0.144      0.209    10.8409 0.0000e+00
      0.147 -1.400e-10     5.4340     48.613     46.437  33.295017     0.8019      8.453   118.2177 5.0325e+01     9.1838      0.144      0.209    10.8417 0.0000e+00
      0.147 -1.540e-09     5.4074     48.637     46.427  33.289355     0.7663      8.456   118.2468 5.0382e+01     9.0183      0.144      0.209    10.8433 0.0000e+00
      0.146 -1.694e-08     5.3890     48.690     46.418  33.284315     0.7603      8.457   118.2093 5.0467e+01     8.9217      0.143      0.208    10.8446 0.0000e+00
      0.146 -1.863e-07     5.3814     48.760     46.438  33.297523     0.7877      8.458   118.1091 5.0651e+01     9.0057      0.143      0.208    10.8461 0.0000e+00
      0.146 -1.863e-07     5.3760     48.879     46.476  33.322162     0.7897      8.460   118.0670 5.0854e+01     9.0097      0.143      0.208    10.8466 0.0000e+00
      0.147 -1.663e-08     5.3808     49.059     46.489  33.328451     0.7680      8.461   117.9581 5.0699e+01     8.9362      0.144      0.209    10.8483 0.0000e+00
      0.147 1.8473e-09     5.3874     49.265     46.466  33.310109     0.7584      8.463   117.7392 5.0327e+01     8.9707      0.145      0.210    10.8508 0.0000e+00
      0.147 3.7115e-08     5.3924     49.484     46.440  33.290718     0.7644      8.466   117.5709 5.0191e+01     9.0853      0.144      0.209    10.8505 0.0000e+00
      0.147 4.0980e-07     5.4054     49.702     46.432  33.284327     0.7913      8.467   117.4726 5.0319e+01     9.2295      0.144      0.209    10.8466 0.0000e+00
      0.147      0.000     5.4286     49.894     46.448  33.296287     0.8004      8.469   117.3252 5.0385e+01     9.2449      0.144      0.209    10.8428 0.0000e+00
      0.146      0.000     5.4514     50.092     46.464  33.308436     0.7743      8.470   117.1652 5.0471e+01     9.1349      0.144      0.208    10.8411 0.0000e+00
      0.146      0.001     5.4755     50.323     46.456  33.304331     0.7582      8.473   117.0866 5.0687e+01     9.0609      0.143      0.208    10.8405 0.0000e+00
      0.147      0.001     5.5029     50.560     46.461  33.310098     0.7720      8.476   117.0628 5.0681e+01     9.0677      0.144      0.208    10.8399 0.0000e+00
      0.148      0.001     5.5209     50.783     46.464  33.314723     0.8000      8.478   117.1363 5.0528e+01     9.1140      0.145      0.210    10.8400 0.0000e+00
      0.148      0.001     5.5413     51.018     46.436  33.296806     0.8051      8.479   117.2008 5.0510e+01     9.0747      0.145      0.211    10.8407 0.0000e+00
      0.148      0.001     5.5687     51.275     46.416  33.283797     0.7844      8.482   117.1539 5.0633e+01     9.0359      0.145      0.211    10.8417 0.0000e+00
      0.148      0.001     5.5965     51.535     46.418  33.284326     0.7819      8.484   117.0855 5.0722e+01     9.1236      0.146      0.212    10.8443 0.0000e+00
      0.148      0.000     5.6184     51.788     46.446  33.303197     0.8093      8.486   117.0627 5.0478e+01     9.2476      0.145      0.211    10.8475 0.0000e+00
      0.148     -0.001     5.6432     52.013     46.471  33.321634     0.8325      8.488   117.1356 5.0125e+01     9.2365      0.145      0.211    10.8506 0.0000e+00
      0.148     -0.001     5.6735     52.197     46.462  33.316919     0.8206      8.489   117.1923 5.0124e+01     9.1261      0.145      0.211    10.8519 0.0000e+00
      0.148     -0.001     5.7012     52.325     46.449  33.309630     0.7824      8.491   117.2320 5.0201e+01     9.1079      0.145      0.210    10.8505 0.0000e+00
      0.147      0.000     5.7317     52.386     46.429  33.296951     0.7613      8.493   117.3579 5.0115e+01     9.0851      0.144      0.209    10.8492 0.0000e+00
      0.147 -1.862e-08     5.7561     52.396     46.419  33.290513     0.7741      8.495   117.5106 5.0047e+01     9.0560      0.145      0.210    10.8497 0.0000e+00
      0.147 -2.048e-07     5.7770     52.366     46.425  33.295237     0.7873      8.497   117.6146 5.0075e+01     9.0977      0.144      0.209    10.8517 0.0000e+00
      0.148 -2.051e-07     5.7923     52.306     46.419  33.290622     0.7803      8.498   117.5839 5.0226e+01     9.0766      0.145      0.210    10.8543 0.0000e+00
      0.148 -2.263e-08     5.7964     52.220     46.429  33.298157     0.7723      8.501   117.5693 5.0270e+01     9.0737      0.145      0.211    10.8561 0.0000e+00
