Data/DataNotYetUploadedToEDI/Raw_CTD/RawDownloads/111025_fcr10_S7809004.cnv
* Sea-Bird SBE19plus  Data File:
* FileName = C:\R\Reservoirs\Data\DataNotYetUploadedToEDI\Raw_CTD\RawDownloads\102725_fcr50_S7809_0004.hex
* Software version 2.8.0.119
* Temperature SN = 7809
* Conductivity SN = 7809
* System UpLoad Time = Nov 13 2025 15:23:27
* <ApplicationData>
* <Seaterm232>
# nquan = 15
# nvalues = 531                         
# units = specified
# name 0 = depFM: Depth [fresh water, m]
# name 1 = dz/dtM: Descent Rate [m/s]
# name 2 = sbeox0Mg/L: Oxygen, SBE 43 [mg/l]
# name 3 = sbeox0PS: Oxygen, SBE 43 [% saturation]
# name 4 = specc: Specific Conductance [uS/cm]
# name 5 = c0uS/cm: Conductivity [uS/cm]
# name 6 = flECO-AFL: Fluorescence, WET Labs ECO-AFL/FL [mg/m^3]
# name 7 = ph: pH
# name 8 = orp: Oxidation Reduction Potential [mV]
# name 9 = par/sat/log: PAR/Logarithmic, Satlantic
# name 10 = turbWETntu0: Turbidity, WET Labs ECO [NTU]
# name 11 = prdM: Pressure, Strain Gauge [db]
# name 12 = prdE: Pressure, Strain Gauge [psi]
# name 13 = tv290C: Temperature [ITS-90, deg C]
# name 14 = flag:  0.000e+00
# span 0 =     -0.722,      1.990       
# span 1 =     -0.226,      0.257       
# span 2 =     5.1173,    11.7837       
# span 3 =     46.304,     99.589       
# span 4 =      1.076,     48.746       
# span 5 =   0.648005,  33.379246       
# span 6 =    -0.0951,    20.4289       
# span 7 =     -2.727,      8.608       
# span 8 = -1240.7455,   147.5848       
# span 9 = 3.8135e+00, 1.6624e+02       
# span 10 =     1.3114,    92.1120      
# span 11 =     -0.708,      1.953      
# span 12 =     -1.027,      2.832      
# span 13 =     5.0471,    10.9283      
# span 14 = 0.0000e+00, 0.0000e+00      
# interval = seconds: 0.25
# start_time = Nov 10 2025 14:54:07 [Instrument's time stamp, header]
# bad_flag = -9.990e-29
*END*
[from data line 386]
      0.148 -4.863e-07     5.7934     52.151     46.482  33.336004     0.7901      8.505   117.8175 5.0240e+01     9.1620      0.145      0.210    10.8562 0.0000e+00
      0.148     -0.000     5.7881     52.126     46.473  33.329707     0.7776      8.507   117.9290 5.0295e+01     9.0310      0.144      0.209    10.8564 0.0000e+00
      0.148      0.000     5.7766     52.089     46.445  33.310211     0.7646      8.508   118.0106 5.0276e+01     8.9472      0.145      0.210    10.8567 0.0000e+00
      0.148     -0.001     5.7646     52.108     46.418  33.290613     0.7575      8.509   118.0296 5.0176e+01     8.9347      0.145      0.210    10.8571 0.0000e+00
      0.148     -0.002     5.7720     52.116     46.409  33.283078     0.7505      8.512   117.9866 5.0208e+01     8.9483      0.145      0.211    10.8568 0.0000e+00
      0.148     -0.003     5.7681     52.030     46.410  33.282557     0.7380      8.513   117.8345 5.0415e+01     8.9063      0.145      0.211    10.8569 0.0000e+00
      0.147     -0.001     5.7577     51.938     46.413  33.284315     0.7138      8.514   117.7394 5.0545e+01     8.8029      0.145      0.211    10.8581 0.0000e+00
      0.145      0.005     5.7634     51.853     46.440  33.304328     0.7158      8.514   117.8691 5.0730e+01     8.8256      0.143      0.208    10.8577 0.0000e+00
      0.140      0.015     5.7735     51.747     46.481  33.334200     0.7623      8.511   118.0269 5.1120e+01     9.0103      0.136      0.198    10.8558 0.0000e+00
      0.140      0.024     5.7540     51.720     46.471  33.328277     0.8101      8.508   118.1839 5.0836e+01     9.1912      0.131      0.191    10.8546 0.0000e+00
      0.151      0.030     5.7437     51.750     46.425  33.296154     0.8110      8.504   118.4769 4.9377e+01     9.2020      0.144      0.208    10.8539 0.0000e+00
      0.171      0.034     5.7423     51.764     46.376  33.263029     0.7735      8.501   118.7300 4.7723e+01     9.0727      0.170      0.248    10.8540 0.0000e+00
      0.186      0.029     5.7174     51.786     46.347  33.244984     0.7563      8.498   118.9207 4.6467e+01     8.9948      0.186      0.271    10.8554 0.0000e+00
      0.192      0.007     5.7193     51.822     46.375  33.268304     0.7687      8.493   119.0628 4.5247e+01     8.9776      0.187      0.271    10.8566 0.0000e+00
      0.196     -0.037     5.7275     51.840     46.405  33.291220     0.7742      8.488   118.9856 4.4278e+01     8.9676      0.191      0.279    10.8576 0.0000e+00
      0.197     -0.093     5.7248     51.836     46.371  33.268290     0.7556      8.482   118.8474 4.5139e+01     8.9413      0.200      0.290    10.8596 0.0000e+00
      0.181     -0.148     5.7266     51.767     46.336  33.244836     0.7346      8.477   119.0268 4.9749e+01     8.8652      0.191      0.276    10.8631 0.0000e+00
      0.130     -0.192     5.7334     51.560     46.359  33.261425     0.7456      8.473   121.3268 6.0705e+01     8.8662      0.141      0.203    10.8660 0.0000e+00
      0.045     -0.219     5.7334     51.217     46.384  33.278533     0.7556      8.469   129.0177 7.7738e+01     8.8862      0.046      0.066    10.8680 0.0000e+00
     -0.045     -0.226     5.7336     50.787     46.361  33.261354     0.7473      8.466   134.3235 9.6790e+01     8.8334     -0.055     -0.081    10.8695 0.0000e+00
     -0.113     -0.211     5.7325     50.402     46.337  33.244050     0.7376      8.461   129.2100 1.1353e+02     8.8089     -0.121     -0.176    10.8712 0.0000e+00
     -0.155     -0.177     5.7060     50.161     46.358  33.259636     0.7374      8.454   123.2875 1.2676e+02     8.8633     -0.154     -0.224    10.8710 0.0000e+00
     -0.186     -0.133     5.6693     50.016     46.358  33.259476     0.7621      8.448   121.7380 1.3635e+02     8.9786     -0.184     -0.268    10.8700 0.0000e+00
     -0.211     -0.092     5.6150     49.986     46.336  33.242121     0.7699      8.447   121.0582 1.3908e+02     8.9725     -0.211     -0.306    10.8701 0.0000e+00
     -0.228     -0.062     5.5650     50.101     46.336  33.240116     0.7739      8.448   120.6609 1.3805e+02     8.8585     -0.224     -0.325    10.8684 0.0000e+00
     -0.240     -0.041     5.5466     50.274     46.332  33.235240     0.8095      8.450   120.3760 1.3793e+02     8.8291     -0.237     -0.345    10.8695 0.0000e+00
     -0.246     -0.025     5.5269     50.433     46.351  33.246606     0.8502      8.453   120.2809 1.3823e+02     8.8908     -0.244     -0.353    10.8703 0.0000e+00
     -0.246     -0.015     5.5200     50.519     46.361  33.250658     0.8837      8.456   120.7155 1.3853e+02     8.9898     -0.241     -0.350    10.8680 0.0000e+00
     -0.246     -0.008     5.5406     50.436     46.323  33.220781     0.8657      8.461   126.3186 1.3838e+02     9.0353     -0.240     -0.348    10.8659 0.0000e+00
     -0.246     -0.004     5.5611     50.159     46.303  33.202582     0.8062      8.467   136.5765 1.3819e+02     9.0318     -0.240     -0.348    10.8636 0.0000e+00
     -0.248     -0.002     5.5801     49.756     46.333  33.220938     0.7972      8.473   141.8395 1.3827e+02     9.0838     -0.243     -0.353    10.8616 0.0000e+00
     -0.249     -0.001     5.5958     49.292     46.382  33.252391     0.8238      8.479   141.8573 1.3817e+02     9.1854     -0.246     -0.357    10.8585 0.0000e+00
     -0.249      0.000     5.5887     48.816     46.405  33.265656     0.8282      8.487   141.4383 1.3801e+02     9.2006     -0.245     -0.355    10.8547 0.0000e+00
     -0.249      0.002     5.5538     48.359     46.393  33.254434     0.8085      8.493   140.8163 1.3814e+02     9.0975     -0.243     -0.353    10.8510 0.0000e+00
     -0.249      0.003     5.5078     47.929     46.380  33.243589     0.7774      8.496   140.1015 1.3829e+02     9.0662     -0.244     -0.354    10.8474 0.0000e+00
     -0.247      0.002     5.4550     47.541     46.408  33.261412     0.7764      8.499   139.6788 1.3824e+02     9.1641     -0.243     -0.352    10.8432 0.0000e+00
     -0.244      0.000     5.4014     47.216     46.438  33.279598     0.7883      8.502   139.2328 1.3816e+02     9.1873     -0.238     -0.346    10.8393 0.0000e+00
     -0.242     -0.002     5.3514     46.940     46.431  33.273140     0.7631      8.506   136.1721 1.3820e+02     9.0729     -0.237     -0.343    10.8369 0.0000e+00
     -0.245     -0.002     5.3031     46.682     46.393  33.246766     0.7306      8.509   133.3016 1.3837e+02     9.0109     -0.240     -0.348    10.8357 0.0000e+00
     -0.250      0.003     5.2595     46.459     46.345  33.214497     0.7195      8.512   135.4148 1.3862e+02     9.0864     -0.245     -0.355    10.8330 0.0000e+00
     -0.253      0.013     5.2240     46.313     46.324  33.200202     0.7275      8.515   137.2011 1.3878e+02     9.2013     -0.249     -0.360    10.8290 0.0000e+00
     -0.253      0.029     5.1966     46.304     46.328  33.200811     0.7362      8.515   135.5407 1.3818e+02     9.1703     -0.251     -0.363    10.8281 0.0000e+00
     -0.246      0.050     5.1658     46.468     46.361  33.221857     0.7249      8.514   131.6867 1.3594e+02     9.0188     -0.245     -0.356    10.8287 0.0000e+00
     -0.229      0.071     5.1401     46.768     46.421  33.264334     0.7073      8.510   126.6532 1.3166e+02     8.9755     -0.226     -0.328    10.8316 0.0000e+00
     -0.205      0.088     5.1209     47.178     46.426  33.270282     0.7073      8.504   123.8952 1.1781e+02     9.0558     -0.202     -0.292    10.8341 0.0000e+00
     -0.175      0.097     5.1173     47.671     46.364  33.230337     0.7410      8.498   123.6367 9.8380e+01     8.8965     -0.173     -0.251    10.8299 0.0000e+00
     -0.142      0.098     5.1402     48.192     46.351  33.225469     0.7745      8.494   126.7107 8.9064e+01     8.3480     -0.139     -0.201    10.8250 0.0000e+00
     -0.111      0.094     5.1729     48.685     46.411  33.274872     0.7705      8.492   129.8302 8.4645e+01     7.9227     -0.105     -0.152    10.8250 0.0000e+00
     -0.090      0.089     5.2189     49.116     46.464  33.320113     0.7759      8.493   127.1963 7.9653e+01     7.8541     -0.085     -0.122    10.8289 0.0000e+00
     -0.075      0.083     5.2755     49.490     46.465  33.328386     0.7893      8.495   123.9459 7.5997e+01     7.7235     -0.075     -0.108    10.8340 0.0000e+00
     -0.060      0.074     5.3341     49.727     46.432  33.311462     0.7747      8.496   123.4834 7.0977e+01     7.3685     -0.062     -0.089    10.8383 0.0000e+00
     -0.040      0.064     5.3909     49.764     46.416  33.305818     0.7489      8.498   123.4100 6.3844e+01     7.0791     -0.041     -0.060    10.8449 0.0000e+00
     -0.016      0.055     5.4346     49.761     46.433  33.323604     0.7190      8.500   123.3170 5.6398e+01     6.9241     -0.014     -0.022    10.8540 0.0000e+00
      0.003      0.048     5.4783     49.868     46.445  33.336188     0.7210      8.501   123.2191 5.2989e+01     6.9299      0.009      0.013    10.8617 0.0000e+00
      0.009      0.040     5.5117     50.049     46.434  33.331082     0.7562      8.503   123.0010 5.4016e+01     7.0807      0.012      0.019    10.8685 0.0000e+00
      0.008      0.030     5.5037     50.306     46.422  33.325309     0.7618      8.505   122.6581 5.6000e+01     7.1072      0.005      0.008    10.8753 0.0000e+00
      0.012      0.017     5.4938     50.715     46.425  33.329837     0.7396      8.506   122.5154 5.7492e+01     6.9770      0.008      0.011    10.8814 0.0000e+00
      0.023      0.009     5.5118     51.267     46.413  33.322395     0.7369      8.507   122.4796 5.8748e+01     7.0097      0.025      0.036    10.8855 0.0000e+00
      0.031      0.011     5.5309     51.877     46.378  33.298771     0.7547      8.508   122.3977 6.0154e+01     7.2629      0.035      0.051    10.8880 0.0000e+00
      0.027      0.023     5.5532     52.432     46.375  33.297981     0.7543      8.511   122.3856 6.1580e+01     7.3401      0.030      0.043    10.8915 0.0000e+00
      0.017      0.042     5.5990     52.815     46.397  33.312839     0.7489      8.513   122.4194 6.1356e+01     7.2266      0.013      0.019    10.8944 0.0000e+00
      0.017      0.065     5.6643     52.965     46.368  33.288082     0.7474      8.514   122.6340 5.8840e+01     7.1539      0.006      0.010    10.8959 0.0000e+00
      0.041      0.089     5.7350     52.880     46.325  33.252417     0.7452      8.514   123.0885 5.5521e+01     7.1778      0.033      0.048    10.8967 0.0000e+00
      0.082      0.109     5.8022     52.597     46.345  33.262279     0.7640      8.515   123.5262 5.1445e+01     7.3114      0.079      0.114    10.8981 0.0000e+00
      0.127      0.121     5.8465     52.213     46.375  33.280427     0.7585      8.515   123.7963 4.7537e+01     7.3346      0.127      0.185    10.8989 0.0000e+00
      0.166      0.125     5.8629     51.823     46.376  33.281510     0.7200      8.514   123.9455 4.5385e+01     7.1851      0.168      0.244    10.8940 0.0000e+00
      0.194      0.122     5.8544     51.474     46.361  33.275368     0.7069      8.514   124.1247 4.4433e+01     7.1087      0.195      0.283    10.8871 0.0000e+00
      0.212      0.114     5.8190     51.206     46.346  33.269614     0.7242      8.514   124.4148 4.3357e+01     7.1964      0.206      0.298    10.8818 0.0000e+00
      0.235      0.107     5.7723     51.079     46.351  33.275394     0.7461      8.516   124.7003 4.1078e+01     7.3231      0.223      0.323    10.8784 0.0000e+00
      0.268      0.102     5.7286     51.129     46.360  33.281795     0.7388      8.519   124.8227 3.8450e+01     7.3076      0.265      0.383    10.8784 0.0000e+00
      0.300      0.097     5.6881     51.336     46.362  33.283564     0.7111      8.521   124.7770 3.6726e+01     7.2148      0.299      0.433    10.8839 0.0000e+00
      0.325      0.091     5.6542     51.612     46.379  33.296782     0.7108      8.523   124.8357 3.5354e+01     7.2268      0.319      0.464    10.8912 0.0000e+00
      0.346      0.081     5.6388     51.833     46.402  33.314728     0.7347      8.525   125.0155 3.3959e+01     7.3158      0.339      0.492    10.8928 0.0000e+00
      0.366      0.070     5.6449     51.941     46.393  33.310219     0.7502      8.528   125.1445 3.2943e+01     7.4023      0.361      0.523    10.8919 0.0000e+00
      0.380      0.065     5.6708     51.948     46.384  33.305710     0.7402      8.532   125.3634 3.2383e+01     7.3845      0.376      0.545    10.8923 0.0000e+00
      0.390      0.067     5.7080     51.868     46.407  33.323656     0.7217      8.534   125.6833 3.1894e+01     7.2713      0.383      0.555    10.8933 0.0000e+00
      0.401      0.076     5.7341     51.723     46.424  33.336875     0.7352      8.536   126.0004 3.1111e+01     7.2289      0.390      0.567    10.8954 0.0000e+00
      0.418      0.087     5.7439     51.566     46.425  33.338645     0.7622      8.537   126.2725 2.9924e+01     7.2132      0.407      0.590    10.8978 0.0000e+00
      0.444      0.098     5.7446     51.491     46.432  33.345055     0.7646      8.538   126.5645 2.8448e+01     7.1497      0.434      0.628    10.8996 0.0000e+00
      0.478      0.107     5.7346     51.566     46.438  33.350937     0.7473      8.540   126.8631 2.6919e+01     7.1110      0.468      0.678    10.9010 0.0000e+00
      0.513      0.110     5.7170     51.829     46.428  33.346324     0.7279      8.542   127.0442 2.5502e+01     7.1554      0.505      0.733    10.9020 0.0000e+00
      0.545      0.107     5.6948     52.289     46.433  33.352724     0.7295      8.545   127.1192 2.4441e+01     7.2761      0.537      0.780    10.9029 0.0000e+00
      0.571      0.100     5.6836     52.880     46.447  33.364883     0.7510      8.547   127.0808 2.3675e+01     7.3066      0.561      0.813    10.9043 0.0000e+00
      0.591      0.095     5.6910     53.528     46.446  33.366452     0.7547      8.548   127.0103 2.2987e+01     7.2504      0.580      0.841    10.9066 0.0000e+00
      0.610      0.095     5.7176     54.190     46.450  33.371691     0.7318      8.549   126.9552 2.2300e+01     7.2800      0.598      0.868    10.9093 0.0000e+00
      0.630      0.101     5.7722     54.810     46.438  33.364788     0.7162      8.549   126.8454 2.1606e+01     7.3912      0.617      0.896    10.9119 0.0000e+00
      0.654      0.110     5.8406     55.330     46.410  33.346437     0.7242      8.548   126.8872 2.0772e+01     7.5363      0.637      0.924    10.9146 0.0000e+00
      0.684      0.120     5.9120     55.723     46.400  33.340140     0.7369      8.547   127.2015 1.9673e+01     7.4976      0.667      0.968    10.9170 0.0000e+00
      0.722      0.128     5.9876     55.975     46.415  33.352099     0.7363      8.547   127.4620 1.8575e+01     7.2650      0.708      1.028    10.9195 0.0000e+00
      0.760      0.132     6.0587     56.111     46.430  33.364144     0.7415      8.548   127.6280 1.7648e+01     7.2174      0.747      1.083    10.9223 0.0000e+00
      0.795      0.129     6.1158     56.174     46.422  33.358887     0.7505      8.548   127.8321 1.6802e+01     7.3319      0.781      1.132    10.9237 0.0000e+00
      0.829      0.119     6.1607     56.166     46.412  33.351975     0.7452      8.549   127.9507 1.6025e+01     7.3510      0.813      1.177    10.9245 0.0000e+00
      0.860      0.106     6.1872     56.113     46.401  33.344024     0.7356      8.551   128.0302 1.5342e+01     7.2774      0.845      1.225    10.9257 0.0000e+00
      0.887      0.096     6.1990     56.058     46.377  33.326194     0.7253      8.554   128.1054 1.4819e+01     7.1939      0.874      1.268    10.9265 0.0000e+00
      0.906      0.091     6.2076     55.997     46.380  33.326713     0.7292      8.555   128.2577 1.4502e+01     7.1953      0.892      1.292    10.9273 0.0000e+00
