Data/DataNotYetUploadedToEDI/Raw_CTD/RawDownloads/111025_fcr20_S7809005.cnv
* Sea-Bird SBE19plus  Data File:
* FileName = C:\R\Reservoirs\Data\DataNotYetUploadedToEDI\Raw_CTD\RawDownloads\102725_fcr50_S7809_0005.hex
* Software version 2.8.0.119
* Temperature SN = 7809
* Conductivity SN = 7809
* System UpLoad Time = Nov 13 2025 15:24:00
* <ApplicationData>
* <Seaterm232>
# nquan = 15
# nvalues = 1172                        
# units = specified
# name 0 = depFM: Depth [fresh water, m]
# name 1 = dz/dtM: Descent Rate [m/s]
# name 2 = sbeox0Mg/L: Oxygen, SBE 43 [mg/l]
# name 3 = sbeox0PS: Oxygen, SBE 43 [% saturation]
# name 4 = specc: Specific Conductance [uS/cm]
# name 5 = c0uS/cm: Conductivity [uS/cm]
# name 6 = flECO-AFL: Fluorescence, WET Labs ECO-AFL/FL [mg/m^3]
# name 7 = ph: pH
# name 8 = orp: Oxidation Reduction Potential [mV]
# name 9 = par/sat/log: PAR/Logarithmic, Satlantic
# name 10 = turbWETntu0: Turbidity, WET Labs ECO [NTU]
# name 11 = prdM: Pressure, Strain Gauge [db]
# name 12 = prdE: Pressure, Strain Gauge [psi]
# name 13 = tv290C: Temperature [ITS-90, deg C]
# name 14 = flag:  0.000e+00
# span 0 =     -0.727,      2.959       
# span 1 =     -0.312,      0.235       
# span 2 =     4.3011,    10.7719       
# span 3 =     38.963,     95.398       
# span 4 =      3.906,     46.594       
# span 5 =   2.578668,  33.493276       
# span 6 =     0.3363,     4.3705       
# span 7 =     -2.624,      9.040       
# span 8 =     6.6498,   761.5142       
# span 9 = 9.1613e-01, 1.4078e+02       
# span 10 =     4.5494,   370.4794      
# span 11 =     -0.713,      2.902      
# span 12 =     -1.034,      4.209      
# span 13 =     7.9985,    11.0256      
# span 14 = 0.0000e+00, 0.0000e+00      
# interval = seconds: 0.25
# start_time = Nov 10 2025 15:01:06 [Instrument's time stamp, header]
# bad_flag = -9.990e-29
*END*
[from data line 386]
      0.115      0.000     6.0770     55.311     46.409  33.415987     0.8100      8.978    85.5407 4.8110e+01     5.8516      0.113      0.163    11.0008 0.0000e+00
      0.115      0.000     6.0876     55.298     46.383  33.395961     0.7816      8.978    85.6205 4.8789e+01     5.7693      0.112      0.162    11.0004 0.0000e+00
      0.116      0.000     6.0922     55.268     46.383  33.394192     0.7797      8.978    85.5224 4.8693e+01     5.7677      0.113      0.164    11.0001 0.0000e+00
      0.116      0.001     6.0966     55.246     46.384  33.394600     0.7953      8.979    85.3861 4.8645e+01     5.7638      0.114      0.165    10.9997 0.0000e+00
      0.116      0.001     6.1005     55.256     46.392  33.400886     0.8044      8.979    85.3493 4.8472e+01     5.7565      0.114      0.165    10.9986 0.0000e+00
      0.116      0.001     6.0984     55.302     46.398  33.406758     0.7983      8.979    85.3363 4.8227e+01     5.7470      0.114      0.166    10.9970 0.0000e+00
      0.116      0.000     6.0939     55.343     46.390  33.402144     0.7792      8.979    85.4016 4.7997e+01     5.6840      0.114      0.166    10.9955 0.0000e+00
      0.116      0.000     6.0912     55.353     46.397  33.408544     0.7815      8.979    85.5366 4.8026e+01     5.7118      0.114      0.166    10.9948 0.0000e+00
      0.117      0.000     6.0904     55.351     46.413  33.420704     0.8020      8.979    85.5912 4.8372e+01     5.8095      0.115      0.167    10.9957 0.0000e+00
      0.117     -0.001     6.0983     55.332     46.415  33.422282     0.7932      8.980    85.6321 4.8300e+01     5.7722      0.114      0.166    10.9976 0.0000e+00
      0.116     -0.001     6.1040     55.271     46.422  33.427625     0.7670      8.980    85.6871 4.7954e+01     5.6714      0.113      0.165    10.9995 0.0000e+00
      0.115      0.000     6.1030     55.199     46.413  33.421858     0.7758      8.981    85.7387 4.8062e+01     5.7524      0.113      0.164    11.0007 0.0000e+00
      0.115      0.000     6.1027     55.154     46.405  33.415997     0.8257      8.982    85.8261 4.8131e+01     5.9660      0.113      0.164    11.0010 0.0000e+00
      0.115      0.001     6.1033     55.098     46.412  33.420205     0.8625      8.982    85.7971 4.8019e+01     6.0325      0.113      0.165    11.0011 0.0000e+00
      0.116      0.001     6.0946     55.017     46.397  33.409293     0.8550      8.982    85.6467 4.7987e+01     5.9422      0.114      0.166    11.0015 0.0000e+00
      0.116      0.001     6.0832     54.949     46.398  33.410948     0.8426      8.982    85.5565 4.8028e+01     5.8988      0.114      0.165    11.0020 0.0000e+00
      0.117      0.001     6.0821     54.901     46.438  33.440209     0.8545      8.982    85.5667 4.8021e+01     5.9169      0.115      0.166    11.0022 0.0000e+00
      0.117      0.001     6.0767     54.875     46.445  33.445873     0.8739      8.983    85.6838 4.7959e+01     5.8885      0.115      0.167    11.0017 0.0000e+00
      0.117      0.001     6.0644     54.862     46.402  33.415986     0.8770      8.984    85.7684 4.8058e+01     5.8289      0.115      0.167    11.0011 0.0000e+00
      0.117      0.000     6.0578     54.846     46.374  33.396074     0.8839      8.983    85.7292 4.8015e+01     5.8104      0.115      0.167    11.0012 0.0000e+00
      0.117 1.8628e-08     6.0523     54.852     46.372  33.395451     0.9320      8.982    85.7256 4.7715e+01     5.9049      0.115      0.167    11.0019 0.0000e+00
      0.117 2.0490e-07     6.0487     54.919     46.390  33.408452     0.9840      8.982    85.7250 4.7641e+01     6.0486      0.115      0.167    11.0032 0.0000e+00
      0.117 2.0490e-07     6.0495     55.035     46.414  33.426377     1.0048      8.982    85.6360 4.7918e+01     6.1132      0.115      0.167    11.0043 0.0000e+00
      0.117 1.8627e-08     6.0458     55.154     46.407  33.421856     0.9928      8.983    85.5953 4.8047e+01     6.0715      0.115      0.167    11.0049 0.0000e+00
      0.117 1.6934e-09     6.0443     55.243     46.401  33.417234     0.9378      8.984    85.5774 4.8072e+01     5.9885      0.115      0.167    11.0052 0.0000e+00
      0.117 1.5371e-10     6.0520     55.295     46.425  33.433933     0.8979      8.985    85.5053 4.8311e+01     5.9965      0.115      0.167    11.0054 0.0000e+00
      0.118 1.1451e-11     6.0675     55.333     46.425  33.433423     0.9105      8.985    85.4982 4.8490e+01     6.0662      0.115      0.167    11.0061 0.0000e+00
      0.118 -2.672e-11     6.0815     55.385     46.394  33.411073     0.9147      8.985    85.4912 4.8306e+01     6.0453      0.116      0.169    11.0070 0.0000e+00
      0.118 -3.078e-10     6.0916     55.405     46.403  33.417474     0.8656      8.985    85.4217 4.8034e+01     5.8811      0.115      0.168    11.0068 0.0000e+00
      0.117 -3.387e-09     6.0972     55.374     46.445  33.447371     0.8001      8.986    85.4317 4.8079e+01     5.7206      0.115      0.166    11.0059 0.0000e+00
      0.117 -3.725e-08     6.0979     55.340     46.456  33.455331     0.7796      8.986    85.5262 4.8291e+01     5.7441      0.115      0.166    11.0055 0.0000e+00
      0.117 -4.098e-07     6.1075     55.331     46.447  33.450282     0.7924      8.986    85.6182 4.8130e+01     5.8581      0.115      0.166    11.0054 0.0000e+00
      0.117      0.000     6.1116     55.338     46.445  33.449771     0.7892      8.987    85.5977 4.7591e+01     5.8687      0.115      0.167    11.0055 0.0000e+00
      0.118      0.000     6.1037     55.352     46.444  33.449148     0.7824      8.987    85.5362 4.7413e+01     5.8384      0.116      0.168    11.0053 0.0000e+00
      0.118     -0.001     6.0998     55.363     46.435  33.442748     0.7852      8.987    85.5627 4.8029e+01     5.8684      0.116      0.169    11.0055 0.0000e+00
      0.118     -0.001     6.0994     55.377     46.426  33.435835     0.7894      8.987    85.5742 4.8537e+01     5.8885      0.116      0.169    11.0064 0.0000e+00
      0.117     -0.001     6.1002     55.413     46.416  33.429019     0.7907      8.988    85.5888 4.8309e+01     5.9115      0.115      0.167    11.0072 0.0000e+00
      0.116     -0.001     6.1018     55.461     46.407  33.423770     0.7683      8.988    85.5668 4.8144e+01     5.9410      0.113      0.165    11.0079 0.0000e+00
      0.116     -0.000     6.1037     55.492     46.423  33.435816     0.7606      8.988    85.3949 4.7934e+01     5.9729      0.113      0.165    11.0079 0.0000e+00
      0.117 -1.009e-07     6.1032     55.512     46.439  33.447776     0.7887      8.988    85.3170 4.7776e+01     6.0574      0.115      0.166    11.0073 0.0000e+00
      0.117      0.000     6.1077     55.504     46.432  33.441487     0.8082      8.989    85.4004 4.7970e+01     6.1430      0.115      0.167    11.0074 0.0000e+00
      0.117      0.000     6.1157     55.461     46.407  33.423230     0.7966      8.989    85.4562 4.8053e+01     6.1199      0.116      0.168    11.0086 0.0000e+00
      0.117     -0.000     6.1165     55.402     46.399  33.417359     0.7648      8.990    85.4757 4.8101e+01     6.0171      0.115      0.167    11.0102 0.0000e+00
      0.117     -0.001     6.1204     55.342     46.422  33.433944     0.7576      8.990    85.4635 4.8066e+01     5.9933      0.114      0.166    11.0105 0.0000e+00
      0.117     -0.003     6.1204     55.311     46.421  33.433424     0.7756      8.989    85.3945 4.7848e+01     6.0025      0.114      0.166    11.0094 0.0000e+00
      0.117     -0.006     6.1138     55.313     46.390  33.411073     0.7745      8.989    85.3302 4.7958e+01     5.9577      0.114      0.166    11.0084 0.0000e+00
      0.116     -0.009     6.1079     55.315     46.399  33.417473     0.7609      8.989    85.3744 4.8491e+01     5.9292      0.114      0.165    11.0083 0.0000e+00
      0.114     -0.011     6.0994     55.317     46.440  33.447369     0.7605      8.989    85.4128 4.8571e+01     5.9308      0.113      0.164    11.0085 0.0000e+00
      0.109     -0.012     6.0950     55.326     46.452  33.455325     0.7779      8.990    85.3648 4.8811e+01     5.9434      0.108      0.157    11.0087 0.0000e+00
      0.103     -0.011     6.0986     55.316     46.445  33.450219     0.8052      8.990    85.3102 4.9442e+01     5.9112      0.101      0.146    11.0086 0.0000e+00
      0.098     -0.008     6.0975     55.269     46.445  33.449074     0.8073      8.991    85.2684 4.9803e+01     5.7811      0.094      0.136    11.0085 0.0000e+00
      0.097     -0.004     6.0971     55.183     46.435  33.441482     0.7870      8.991    85.2893 4.9900e+01     5.6686      0.093      0.136    11.0087 0.0000e+00
      0.099      0.001     6.1003     55.072     46.409  33.421869     0.7757      8.992    85.3042 4.9476e+01     5.6434      0.098      0.142    11.0079 0.0000e+00
      0.101      0.006     6.0993     54.970     46.382  33.402268     0.7794      8.993    85.2764 4.8997e+01     5.7154      0.100      0.145    11.0075 0.0000e+00
      0.102      0.010     6.0945     54.894     46.372  33.394826     0.7987      8.993    85.2116 4.8902e+01     5.8220      0.099      0.144    11.0073 0.0000e+00
      0.104      0.010     6.0848     54.827     46.373  33.395336     0.8012      8.993    85.1235 4.8772e+01     5.8045      0.101      0.147    11.0061 0.0000e+00
      0.109      0.009     6.0707     54.752     46.392  33.408430     0.7842      8.993    85.1578 4.8632e+01     5.7772      0.107      0.155    11.0053 0.0000e+00
      0.114      0.007     6.0588     54.668     46.417  33.426252     0.7847      8.993    85.1957 4.8470e+01     5.9024      0.113      0.164    11.0051 0.0000e+00
      0.116      0.006     6.0515     54.546     46.409  33.420483     0.7992      8.993    85.0660 4.7735e+01     6.0538      0.115      0.167    11.0050 0.0000e+00
      0.116      0.003     6.0449     54.333     46.385  33.402133     0.8089      8.993    84.9651 4.7697e+01     6.0371      0.114      0.165    11.0048 0.0000e+00
      0.114      0.001     6.0366     54.034     46.377  33.394712     0.7947      8.992    85.0084 4.8348e+01     5.9392      0.111      0.162    11.0044 0.0000e+00
      0.113      0.000     6.0272     53.692     46.378  33.394192     0.7771      8.992    85.0743 4.8255e+01     5.9632      0.110      0.160    11.0038 0.0000e+00
      0.114      0.000     6.0190     53.362     46.381  33.395847     0.7957      8.993    85.1597 4.7915e+01     6.0540      0.112      0.163    11.0036 0.0000e+00
      0.116      0.001     5.9931     53.099     46.408  33.414717     0.8202      8.994    85.2662 4.8235e+01     6.1143      0.113      0.165    11.0026 0.0000e+00
      0.116      0.001     5.9595     52.884     46.433  33.432020     0.8149      8.993    85.3292 4.8732e+01     6.1116      0.114      0.165    11.0000 0.0000e+00
      0.116      0.001     5.9201     52.664     46.410  33.414718     0.7899      8.993    85.2322 4.8617e+01     6.0557      0.114      0.166    10.9992 0.0000e+00
      0.116      0.001     5.8798     52.427     46.385  33.395857     0.7835      8.993    85.1263 4.8683e+01     6.0537      0.113      0.165    10.9987 0.0000e+00
      0.116      0.002     5.8529     52.176     46.385  33.394308     0.8046      8.994    85.1668 4.8801e+01     6.1213      0.113      0.164    10.9982 0.0000e+00
      0.116      0.002     5.8320     51.877     46.390  33.395983     0.8040      8.995    85.2062 4.8404e+01     6.1214      0.113      0.164    10.9977 0.0000e+00
      0.117      0.002     5.8082     51.506     46.419  33.416101     0.7847      8.995    85.2583 4.7670e+01     6.0214      0.114      0.166    10.9969 0.0000e+00
      0.119      0.002     5.7804     51.049     46.464  33.447226     0.7793      8.995    85.2808 4.7154e+01     5.9362      0.116      0.169    10.9958 0.0000e+00
      0.120      0.002     5.7563     50.532     46.475  33.455082     0.7885      8.995    85.2213 4.7479e+01     5.9460      0.117      0.170    10.9939 0.0000e+00
      0.120      0.002     5.7232     49.998     46.465  33.447650     0.8121      8.995    85.1403 4.7710e+01     6.0033      0.117      0.170    10.9921 0.0000e+00
      0.120      0.001     5.6840     49.479     46.427  33.420810     0.8157      8.994    85.1615 4.7579e+01     6.0138      0.117      0.170    10.9911 0.0000e+00
      0.120      0.000     5.6324     49.009     46.376  33.384332     0.8071      8.993    85.3062 4.7691e+01     6.0386      0.117      0.170    10.9904 0.0000e+00
      0.120      0.000     5.5726     48.584     46.381  33.387273     0.8239      8.994    85.3412 4.7706e+01     6.0979      0.118      0.171    10.9897 0.0000e+00
      0.120     -0.001     5.5144     48.219     46.390  33.392927     0.8446      8.995    85.2407 4.7822e+01     6.1167      0.118      0.171    10.9899 0.0000e+00
      0.120     -0.001     5.4536     47.977     46.385  33.389238     0.8568      8.996    85.2095 4.8058e+01     6.0611      0.118      0.171    10.9906 0.0000e+00
      0.119     -0.001     5.4034     47.851     46.409  33.406115     0.8392      8.996    85.3070 4.7927e+01     5.9033      0.117      0.170    10.9908 0.0000e+00
      0.119     -0.001     5.3569     47.806     46.409  33.406653     0.8066      8.996    85.3872 4.7887e+01     5.7800      0.116      0.168    10.9902 0.0000e+00
      0.118      0.000     5.3118     47.831     46.394  33.395743     0.8037      8.996    85.3201 4.8014e+01     5.8341      0.115      0.167    10.9893 0.0000e+00
      0.118 -5.619e-08     5.2866     47.889     46.400  33.401094     0.8123      8.996    85.2694 4.7926e+01     5.9423      0.116      0.168    10.9883 0.0000e+00
      0.119 -6.180e-07     5.2754     47.953     46.408  33.407911     0.8191      8.996    85.2902 4.7846e+01     5.9268      0.116      0.168    10.9878 0.0000e+00
      0.119      0.000     5.2688     48.030     46.417  33.414719     0.8275      8.997    85.3127 4.7822e+01     5.8179      0.117      0.169    10.9885 0.0000e+00
      0.119     -0.000     5.2735     48.048     46.424  33.419966     0.8388      8.997    85.4567 4.7772e+01     5.7865      0.117      0.170    10.9894 0.0000e+00
      0.119     -0.001     5.2828     47.982     46.407  33.407911     0.8563      8.997    85.5687 4.7932e+01     5.8546      0.117      0.169    10.9902 0.0000e+00
      0.118     -0.001     5.2857     47.924     46.392  33.395847     0.8560      8.997    85.5476 4.8191e+01     5.8565      0.115      0.167    10.9912 0.0000e+00
      0.118     -0.002     5.2992     47.856     46.400  33.400991     0.8352      8.997    85.5460 4.8068e+01     5.7750      0.115      0.167    10.9918 0.0000e+00
      0.118     -0.002     5.3053     47.702     46.410  33.406664     0.8294      8.998    85.5495 4.8004e+01     5.7232      0.115      0.167    10.9920 0.0000e+00
      0.117     -0.001     5.2877     47.488     46.403  33.400992     0.8445      8.998    85.5037 4.8209e+01     5.7427      0.116      0.168    10.9919 0.0000e+00
      0.116     -0.000     5.2852     47.263     46.397  33.395847     0.8585      8.998    85.4227 4.8086e+01     5.8053      0.114      0.165    10.9909 0.0000e+00
      0.116      0.001     5.2830     47.026     46.414  33.407911     0.8494      8.999    85.4294 4.7902e+01     5.7968      0.113      0.163    10.9893 0.0000e+00
      0.117      0.001     5.2632     46.770     46.432  33.419966     0.8254      8.999    85.4989 4.7893e+01     5.7764      0.114      0.165    10.9880 0.0000e+00
      0.118      0.001     5.2370     46.498     46.426  33.414717     0.8193      8.999    85.4891 4.7787e+01     5.7989      0.115      0.167    10.9876 0.0000e+00
      0.119      0.001     5.2130     46.198     46.418  33.407891     0.8415      8.998    85.3972 4.7574e+01     5.7949      0.117      0.169    10.9871 0.0000e+00
