Data/DataNotYetUploadedToEDI/Raw_CTD/RawDownloads/111025_fcr30_S7809006.cnv
* Sea-Bird SBE19plus  Data File:
* FileName = C:\R\Reservoirs\Data\DataNotYetUploadedToEDI\Raw_CTD\RawDownloads\102725_fcr50_S7809_0006.hex
* Software version 2.8.0.119
* Temperature SN = 7809
* Conductivity SN = 7809
* System UpLoad Time = Nov 13 2025 15:24:27
* <ApplicationData>
* <Seaterm232>
# nquan = 15
# nvalues = 865                         
# units = specified
# name 0 = depFM: Depth [fresh water, m]
# name 1 = dz/dtM: Descent Rate [m/s]
# name 2 = sbeox0Mg/L: Oxygen, SBE 43 [mg/l]
# name 3 = sbeox0PS: Oxygen, SBE 43 [% saturation]
# name 4 = specc: Specific Conductance [uS/cm]
# name 5 = c0uS/cm: Conductivity [uS/cm]
# name 6 = flECO-AFL: Fluorescence, WET Labs ECO-AFL/FL [mg/m^3]
# name 7 = ph: pH
# name 8 = orp: Oxidation Reduction Potential [mV]
# name 9 = par/sat/log: PAR/Logarithmic, Satlantic
# name 10 = turbWETntu0: Turbidity, WET Labs ECO [NTU]
# name 11 = prdM: Pressure, Strain Gauge [db]
# name 12 = prdE: Pressure, Strain Gauge [psi]
# name 13 = tv290C: Temperature [ITS-90, deg C]
# name 14 = flag:  0.000e+00
# span 0 =     -0.725,      5.153       
# span 1 =     -0.188,      0.254       
# span 2 =     5.7059,    11.8140       
# span 3 =     51.898,     99.465       
# span 4 =      2.489,     49.855       
# span 5 =   1.505033,  33.817024       
# span 6 =    -0.1272,     1.3190       
# span 7 =     -1.964,      9.064       
# span 8 =   -55.7686,   915.7720       
# span 9 = 1.3069e-01, 3.1699e+02       
# span 10 =     0.9259,   196.7630      
# span 11 =     -0.712,      5.054      
# span 12 =     -1.032,      7.331      
# span 13 =     5.0366,    11.5366      
# span 14 = 0.0000e+00, 0.0000e+00      
# interval = seconds: 0.25
# start_time = Nov 10 2025 15:24:37 [Instrument's time stamp, header]
# bad_flag = -9.990e-29
*END*
[from data line 675]
      2.408      0.067     6.4482     58.986     46.319  33.745424     0.7212      9.054    76.7885 5.7835e+00     5.6274      2.361      3.423    11.4273 0.0000e+00
      2.419      0.066     6.4493     58.925     46.247  33.689166     0.6995      9.054    77.3463 5.6997e+00     5.5539      2.372      3.440    11.4262 0.0000e+00
      2.430      0.070     6.4483     58.873     46.207  33.652344     0.6747      9.054    77.8763 5.6227e+00     5.4812      2.382      3.456    11.4257 0.0000e+00
      2.446      0.077     6.4459     58.823     46.262  33.680870     0.6710      9.054    78.2927 5.4886e+00     5.5342      2.394      3.473    11.4255 0.0000e+00
      2.471      0.084     6.4412     58.757     46.328  33.716827     0.6962      9.054    78.7670 5.3044e+00     5.6487      2.422      3.513    11.4250 0.0000e+00
      2.499      0.086     6.4331     58.702     46.325  33.706416     0.7210      9.054    79.3090 5.1360e+00     5.6695      2.452      3.556    11.4228 0.0000e+00
      2.526      0.083     6.4289     58.668     46.299  33.681876     0.7125      9.055    79.6841 4.9762e+00     5.5815      2.477      3.593    11.4145 0.0000e+00
      2.550      0.075     6.4280     58.638     46.290  33.673883     0.6850      9.055    80.0326 4.8375e+00     5.4722      2.504      3.631    11.3998 0.0000e+00
      2.567      0.065     6.4199     58.626     46.290  33.673222     0.6808      9.054    80.4247 4.7648e+00     5.4757      2.522      3.657    11.3852 0.0000e+00
      2.577      0.054     6.4150     58.638     46.290  33.673884     0.6863      9.054    80.8112 4.7280e+00     5.5545      2.529      3.666    11.3753 0.0000e+00
      2.586      0.042     6.4145     58.652     46.300  33.681886     0.6843      9.054    81.2645 4.6566e+00     5.5372      2.534      3.674    11.3704 0.0000e+00
      2.599      0.033     6.4094     58.682     46.333  33.706530     0.6826      9.054    81.6045 4.5531e+00     5.4710      2.547      3.696    11.3691 0.0000e+00
      2.610      0.029     6.4075     58.736     46.348  33.718066     0.6647      9.054    81.8236 4.4950e+00     5.5060      2.563      3.718    11.3698 0.0000e+00
      2.614      0.032     6.4112     58.781     46.314  33.694486     0.6507      9.055    82.1066 4.5072e+00     5.6185      2.566      3.721    11.3704 0.0000e+00
      2.614      0.041     6.4112     58.801     46.287  33.675208     0.6477      9.055    82.4457 4.5226e+00     5.6355      2.561      3.715    11.3708 0.0000e+00
      2.618      0.056     6.4130     58.783     46.289  33.675312     0.6280      9.054    82.7401 4.4716e+00     5.5409      2.562      3.715    11.3718 0.0000e+00
      2.632      0.077     6.4217     58.743     46.320  33.695734     0.6214      9.054    82.9985 4.3652e+00     5.4652      2.578      3.739    11.3728 0.0000e+00
      2.656      0.098     6.4258     58.720     46.373  33.731796     0.6588      9.054    83.3338 4.2401e+00     5.4725      2.603      3.776    11.3739 0.0000e+00
      2.686      0.112     6.4294     58.699     46.375  33.730651     0.7055      9.053    83.6960 4.0655e+00     5.5608      2.627      3.811    11.3737 0.0000e+00
      2.729      0.115     6.4277     58.682     46.312  33.681892     0.7122      9.053    83.7640 3.8458e+00     5.5760      2.672      3.876    11.3720 0.0000e+00
      2.774      0.105     6.4195     58.683     46.271  33.649817     0.6979      9.052    83.2110 3.6868e+00     5.4856      2.728      3.957    11.3699 0.0000e+00
      2.804      0.090     6.4206     58.681     46.288  33.660052     0.7155      9.052    82.3433 3.6119e+00     5.4924      2.756      3.997    11.3675 0.0000e+00
      2.817      0.078     6.4181     58.679     46.315  33.678747     0.7504      9.052    81.7046 3.5611e+00     5.5909      2.764      4.009    11.3640 0.0000e+00
      2.822      0.073     6.4144     58.679     46.328  33.685530     0.7695      9.052    81.2538 3.5541e+00     5.6519      2.770      4.017    11.3611 0.0000e+00
      2.824      0.076     6.4182     58.690     46.326  33.678609     0.7639      9.052    80.8502 3.5523e+00     5.6145      2.767      4.014    11.3590 0.0000e+00
      2.836      0.082     6.4164     58.706     46.309  33.658509     0.7413      9.051    80.5244 3.4471e+00     5.5485      2.770      4.019    11.3568 0.0000e+00
      2.870      0.085     6.4170     58.681     46.283  33.632822     0.7368      9.052    80.2398 3.2506e+00     5.5714      2.807      4.072    11.3556 0.0000e+00
      2.917      0.082     6.4171     58.635     46.272  33.621797     0.7520      9.052    79.9896 3.0896e+00     5.5498      2.870      4.162    11.3544 0.0000e+00
      2.949      0.073     6.4174     58.616     46.313  33.652098     0.7502      9.053    79.6504 3.0418e+00     5.4578      2.902      4.209    11.3483 0.0000e+00
      2.958      0.060     6.4256     58.622     46.352  33.681966     0.7144      9.054    79.2365 3.0459e+00     5.4148      2.904      4.212    11.3378 0.0000e+00
      2.957      0.047     6.4223     58.639     46.327  33.665701     0.6857      9.054    78.9432 3.0489e+00     5.4399      2.901      4.206    11.3295 0.0000e+00
      2.956      0.043     6.4140     58.664     46.299  33.645790     0.7030      9.054    78.7717 3.0319e+00     5.5574      2.895      4.199    11.3261 0.0000e+00
      2.962      0.057     6.4135     58.691     46.281  33.631551     0.7315      9.054    78.6245 2.9858e+00     5.6057      2.901      4.208    11.3278 0.0000e+00
      2.977      0.077     6.4141     58.713     46.269  33.620423     0.7305      9.053    78.3683 2.9262e+00     5.5114      2.919      4.234    11.3311 0.0000e+00
      2.999      0.093     6.4154     58.724     46.298  33.638132     0.7160      9.052    78.0833 2.8138e+00     5.4424      2.934      4.257    11.3329 0.0000e+00
      3.037      0.098     6.4184     58.710     46.325  33.655330     0.7230      9.052    77.8448 2.6470e+00     5.4887      2.971      4.310    11.3330 0.0000e+00
      3.082      0.090     6.4223     58.663     46.303  33.638027     0.7486      9.052    77.6367 2.5255e+00     5.5922      3.031      4.397    11.3315 0.0000e+00
      3.112      0.074     6.4246     58.603     46.277  33.619260     0.7421      9.052    77.5452 2.4810e+00     5.6007      3.060      4.438    11.3285 0.0000e+00
      3.121      0.054     6.4274     58.563     46.276  33.618750     0.6942      9.052    77.4269 2.4690e+00     5.5230      3.063      4.441    11.3246 0.0000e+00
      3.121      0.036     6.4269     58.561     46.294  33.631865     0.6776      9.052    77.1533 2.4794e+00     5.5406      3.062      4.442    11.3218 0.0000e+00
      3.117      0.025     6.4208     58.584     46.320  33.650936     0.7078      9.052    76.9041 2.4874e+00     5.6437      3.055      4.431    11.3208 0.0000e+00
      3.117      0.023     6.4131     58.602     46.331  33.659001     0.7348      9.053    76.7364 2.4626e+00     5.6418      3.053      4.427    11.3207 0.0000e+00
      3.127      0.026     6.4072     58.606     46.341  33.665928     0.7378      9.054    76.5888 2.4223e+00     5.5514      3.065      4.445    11.3212 0.0000e+00
      3.141      0.028     6.4081     58.608     46.350  33.671241     0.7190      9.054    76.4108 2.3789e+00     5.5074      3.080      4.467    11.3219 0.0000e+00
      3.155      0.029     6.4117     58.604     46.335  33.659801     0.7156      9.053    76.1319 2.3457e+00     5.5534      3.095      4.489    11.3223 0.0000e+00
      3.164      0.030     6.4145     58.578     46.327  33.654497     0.7467      9.053    75.8849 2.3471e+00     5.6300      3.106      4.506    11.3220 0.0000e+00
      3.164      0.033     6.4140     58.546     46.350  33.670556     0.7705      9.053    75.6612 2.3617e+00     5.6475      3.103      4.501    11.3210 0.0000e+00
      3.163      0.039     6.4140     58.525     46.342  33.663635     0.7542      9.054    75.4062 2.3601e+00     5.5949      3.098      4.493    11.3200 0.0000e+00
      3.169      0.044     6.4158     58.519     46.306  33.634258     0.7160      9.055    75.2967 2.3212e+00     5.5400      3.104      4.502    11.3199 0.0000e+00
      3.188      0.049     6.4109     58.542     46.306  33.632584     0.6995      9.055    75.2832 2.2377e+00     5.5307      3.122      4.528    11.3205 0.0000e+00
      3.213      0.055     6.4070     58.569     46.322  33.643390     0.7218      9.055    75.2430 2.1658e+00     5.4817      3.152      4.571    11.3204 0.0000e+00
      3.233      0.064     6.4055     58.579     46.316  33.638029     0.7686      9.056    75.0690 2.1467e+00     5.4606      3.178      4.608    11.3187 0.0000e+00
      3.242      0.075     6.4035     58.604     46.309  33.631203     0.7908      9.057    74.7282 2.1412e+00     5.5150      3.180      4.611    11.3154 0.0000e+00
      3.248      0.089     6.4080     58.661     46.303  33.624291     0.7663      9.057    74.4779 2.1012e+00     5.5243      3.180      4.612    11.3123 0.0000e+00
      3.266      0.101     6.4132     58.716     46.301  33.617900     0.7460      9.057    74.3653 2.0312e+00     5.6077      3.198      4.638    11.3117 0.0000e+00
      3.298      0.110     6.4116     58.747     46.308  33.617370     0.7371      9.056    74.3138 1.9380e+00     5.7375      3.227      4.681    11.3117 0.0000e+00
      3.343      0.112     6.4136     58.764     46.315  33.617880     0.7168      9.056    74.2849 1.8201e+00     5.7268      3.276      4.752    11.3096 0.0000e+00
      3.390      0.105     6.4228     58.763     46.327  33.624064     0.7080      9.055    74.1878 1.7318e+00     5.6838      3.334      4.836    11.3066 0.0000e+00
      3.419      0.085     6.4305     58.741     46.335  33.628688     0.7233      9.055    74.0003 1.7026e+00     5.6613      3.362      4.876    11.3018 0.0000e+00
      3.429      0.059     6.4331     58.716     46.309  33.610337     0.7430      9.056    73.7393 1.6893e+00     5.6250      3.362      4.876    11.2948 0.0000e+00
      3.435      0.037     6.4368     58.679     46.283  33.592523     0.7375      9.056    73.5268 1.6737e+00     5.5868      3.368      4.886    11.2896 0.0000e+00
      3.436      0.028     6.4378     58.633     46.296  33.603633     0.7152      9.056    73.4096 1.6795e+00     5.5069      3.375      4.894    11.2872 0.0000e+00
      3.431      0.032     6.4332     58.604     46.316  33.617777     0.7318      9.057    73.3551 1.6925e+00     5.4785      3.364      4.879    11.2856 0.0000e+00
      3.430      0.039     6.4322     58.595     46.345  33.636649     0.7893      9.057    73.2979 1.6715e+00     5.5511      3.355      4.867    11.2855 0.0000e+00
      3.447      0.047     6.4278     58.611     46.354  33.641471     0.8267      9.057    73.1488 1.6210e+00     5.5994      3.372      4.892    11.2874 0.0000e+00
      3.478      0.056     6.4203     58.642     46.316  33.612633     0.8179      9.057    73.0143 1.5782e+00     5.5849      3.414      4.952    11.2896 0.0000e+00
      3.500      0.063     6.4181     58.660     46.308  33.605193     0.7749      9.057    72.9623 1.5677e+00     5.5806      3.441      4.991    11.2898 0.0000e+00
      3.507      0.063     6.4169     58.677     46.326  33.614959     0.7394      9.058    72.8646 1.5546e+00     5.6148      3.436      4.984    11.2870 0.0000e+00
      3.516      0.053     6.4187     58.702     46.315  33.603822     0.7381      9.058    72.6922 1.5075e+00     5.5891      3.442      4.992    11.2841 0.0000e+00
      3.536      0.043     6.4252     58.715     46.307  33.597419     0.7506      9.057    72.5136 1.4642e+00     5.5775      3.470      5.031    11.2838 0.0000e+00
      3.552      0.043     6.4254     58.723     46.312  33.600993     0.7491      9.057    72.3400 1.4582e+00     5.6113      3.489      5.061    11.2826 0.0000e+00
      3.556      0.050     6.4271     58.754     46.290  33.583586     0.7372      9.058    72.1413 1.4770e+00     5.5873      3.489      5.061    11.2785 0.0000e+00
      3.556      0.056     6.4326     58.782     46.288  33.577291     0.7563      9.058    72.0047 1.4740e+00     5.5943      3.482      5.051    11.2742 0.0000e+00
      3.568      0.059     6.4336     58.766     46.313  33.588306     0.7889      9.058    71.9786 1.4258e+00     5.5598      3.491      5.064    11.2733 0.0000e+00
      3.594      0.061     6.4321     58.720     46.325  33.589874     0.7894      9.057    71.9113 1.3641e+00     5.4776      3.525      5.112    11.2744 0.0000e+00
      3.622      0.065     6.4367     58.665     46.341  33.596249     0.7962      9.057    71.7943 1.3272e+00     5.4539      3.558      5.160    11.2739 0.0000e+00
      3.641      0.066     6.4444     58.624     46.354  33.601931     0.8457      9.058    71.6817 1.3176e+00     5.4787      3.572      5.181    11.2690 0.0000e+00
      3.651      0.065     6.4413     58.599     46.348  33.595125     0.8977      9.058    71.5824 1.3066e+00     5.5718      3.580      5.193    11.2592 0.0000e+00
      3.661      0.064     6.4374     58.562     46.325  33.577398     0.9253      9.058    71.5407 1.2833e+00     5.5890      3.589      5.207    11.2507 0.0000e+00
      3.673      0.064     6.4316     58.522     46.326  33.577927     0.9131      9.058    71.4353 1.2537e+00     5.4820      3.599      5.220    11.2452 0.0000e+00
      3.691      0.066     6.4260     58.487     46.360  33.601527     0.8750      9.059    71.2547 1.2218e+00     5.4738      3.617      5.247    11.2414 0.0000e+00
      3.715      0.066     6.4272     58.468     46.370  33.608957     0.8643      9.059    71.0781 1.1936e+00     5.5931      3.644      5.285    11.2395 0.0000e+00
      3.737      0.065     6.4208     58.473     46.364  33.604324     0.8754      9.059    70.8479 1.1626e+00     5.6601      3.666      5.317    11.2384 0.0000e+00
      3.756      0.063     6.4175     58.472     46.370  33.608952     0.8428      9.060    70.6226 1.1332e+00     5.6008      3.685      5.347    11.2376 0.0000e+00
      3.767      0.059     6.4131     58.472     46.360  33.601465     0.7608      9.060    70.4194 1.1282e+00     5.4907      3.697      5.363    11.2373 0.0000e+00
      3.772      0.052     6.4092     58.508     46.328  33.577241     0.7323      9.060    70.1973 1.1259e+00     5.5237      3.695      5.358    11.2366 0.0000e+00
      3.785      0.046     6.4133     58.566     46.319  33.569847     0.7569      9.060    70.0014 1.0894e+00     5.6590      3.705      5.374    11.2365 0.0000e+00
      3.806      0.042     6.4121     58.605     46.327  33.575505     0.7915      9.060    69.8576 1.0544e+00     5.6585      3.736      5.419    11.2374 0.0000e+00
      3.820      0.044     6.4094     58.623     46.336  33.582209     0.8345      9.060    69.6634 1.0554e+00     5.5512      3.751      5.441    11.2372 0.0000e+00
      3.823      0.050     6.4146     58.630     46.344  33.587456     0.8362      9.060    69.3739 1.0583e+00     5.4886      3.748      5.436    11.2357 0.0000e+00
      3.827      0.056     6.4239     58.617     46.330  33.575504     0.8363      9.060    69.0253 1.0452e+00     5.5172      3.750      5.437    11.2347 0.0000e+00
      3.838      0.059     6.4274     58.596     46.318  33.564585     0.8530      9.060    68.6325 1.0238e+00     5.5208      3.760      5.454    11.2351 0.0000e+00
      3.859      0.060     6.4287     58.584     46.345  33.582323     0.8376      9.061    67.8931 9.8496e-01     5.4303      3.781      5.485    11.2356 0.0000e+00
      3.887      0.059     6.4303     58.559     46.371  33.599636     0.8086      9.061    66.2803 9.3767e-01     5.3785      3.814      5.532    11.2350 0.0000e+00
      3.911      0.052     6.4292     58.504     46.350  33.583572     0.7779      9.061    64.3618 9.1575e-01     5.4416      3.841      5.571    11.2330 0.0000e+00
      3.922      0.040     6.4251     58.451     46.342  33.578428     0.7657      9.061    63.0230 9.1599e-01     5.5439      3.849      5.583    11.2300 0.0000e+00
