Data/DataNotYetUploadedToEDI/Raw_CTD/RawDownloads/111025_fcr50_S7809003.cnv
* Sea-Bird SBE19plus  Data File:
* FileName = C:\R\Reservoirs\Data\DataNotYetUploadedToEDI\Raw_CTD\RawDownloads\102725_fcr50_S7809_0003.hex
* Software version 2.8.0.119
* Temperature SN = 7809
* Conductivity SN = 7809
* System UpLoad Time = Nov 13 2025 15:23:09
* <ApplicationData>
* <Seaterm232>
# nquan = 15
# nvalues = 1413                        
# units = specified
# name 0 = depFM: Depth [fresh water, m]
# name 1 = dz/dtM: Descent Rate [m/s]
# name 2 = sbeox0Mg/L: Oxygen, SBE 43 [mg/l]
# name 3 = sbeox0PS: Oxygen, SBE 43 [% saturation]
# name 4 = specc: Specific Conductance [uS/cm]
# name 5 = c0uS/cm: Conductivity [uS/cm]
# name 6 = flECO-AFL: Fluorescence, WET Labs ECO-AFL/FL [mg/m^3]
# name 7 = ph: pH
# name 8 = orp: Oxidation Reduction Potential [mV]
# name 9 = par/sat/log: PAR/Logarithmic, Satlantic
# name 10 = turbWETntu0: Turbidity, WET Labs ECO [NTU]
# name 11 = prdM: Pressure, Strain Gauge [db]
# name 12 = prdE: Pressure, Strain Gauge [psi]
# name 13 = tv290C: Temperature [ITS-90, deg C]
# name 14 = flag:  0.000e+00
# span 0 =     -0.711,      9.535       
# span 1 =     -2.356,      0.251       
# span 2 =     4.3589,    10.9120       
# span 3 =     39.922,     95.650       
# span 4 =      0.653,    308.733       
# span 5 =   0.425037, 224.955449       
# span 6 =    -0.0775,     1.1131       
# span 7 =     -2.152,     13.319       
# span 8 = -1171.2030,   627.7323       
# span 9 = 1.2367e-01, 2.2738e+02       
# span 10 =     1.3364,    91.7384      
# span 11 =     -0.698,      9.354      
# span 12 =     -1.012,     13.567      
# span 13 =     7.4655,    11.5650      
# span 14 = 0.0000e+00, 0.0000e+00      
# interval = seconds: 0.25
# start_time = Nov 10 2025 10:44:20 [Instrument's time stamp, header]
# bad_flag = -9.990e-29
*END*
[from data line 1157]
      5.797      0.053     4.9345     44.853     46.707  34.003681     0.4413      8.812   102.0316 1.2383e-01    11.1078      5.687      8.247    11.3946 0.0000e+00
      5.810      0.043     4.9280     44.734     46.734  34.022762     0.4112      8.810   102.1386 1.2384e-01    11.1457      5.701      8.269    11.3960 0.0000e+00
      5.819      0.033     4.9235     44.603     46.771  34.048451     0.4122      8.808   102.3514 1.2379e-01    11.2583      5.707      8.278    11.3973 0.0000e+00
      5.824      0.026     4.9132     44.488     46.788  34.060497     0.4448      8.807   102.4540 1.2370e-01    11.3423      5.712      8.284    11.3980 0.0000e+00
      5.828      0.023     4.8996     44.401     46.763  34.041521     0.4721      8.806   102.6906 1.2368e-01    11.3755      5.715      8.289    11.3982 0.0000e+00
      5.830      0.025     4.8889     44.320     46.719  34.009347     0.4838      8.805   102.8892 1.2370e-01    11.3186      5.718      8.293    11.3975 0.0000e+00
      5.833      0.028     4.8715     44.232     46.691  33.988717     0.4780      8.804   102.7040 1.2374e-01    11.2349      5.719      8.295    11.3965 0.0000e+00
      5.841      0.029     4.8591     44.139     46.682  33.982430     0.4770      8.803   102.6020 1.2384e-01    11.2514      5.724      8.303    11.3960 0.0000e+00
      5.855      0.029     4.8513     44.045     46.702  33.996773     0.4814      8.803   102.5175 1.2391e-01    11.2784      5.742      8.329    11.3950 0.0000e+00
      5.868      0.029     4.8427     43.953     46.754  34.035243     0.4550      8.804   102.1978 1.2388e-01    11.1854      5.759      8.353    11.3949 0.0000e+00
      5.874      0.029     4.8329     43.877     46.798  34.066898     0.4156      8.804   102.6083 1.2382e-01    11.1187      5.762      8.357    11.3956 0.0000e+00
      5.876      0.032     4.8220     43.807     46.793  34.062275     0.3974      8.803   103.7823 1.2379e-01    11.1546      5.763      8.358    11.3947 0.0000e+00
      5.877      0.037     4.8129     43.754     46.768  34.042790     0.4091      8.801   104.3458 1.2380e-01    11.2783      5.764      8.359    11.3948 0.0000e+00
      5.882      0.039     4.8006     43.752     46.740  34.021640     0.4410      8.799   104.0010 1.2380e-01    11.4180      5.764      8.361    11.3952 0.0000e+00
      5.898      0.032     4.7943     43.796     46.707  33.996897     0.4414      8.799   103.3997 1.2379e-01    11.4432      5.779      8.381    11.3949 0.0000e+00
      5.923      0.014     4.7862     43.854     46.708  33.997408     0.4139      8.799   103.1851 1.2374e-01    11.4810      5.811      8.426    11.3940 0.0000e+00
      5.944     -0.006     4.7777     43.888     46.749  34.027814     0.4079      8.798   103.8141 1.2373e-01    11.4997      5.839      8.469    11.3924 0.0000e+00
      5.939     -0.019     4.7791     43.890     46.773  34.047310     0.4104      8.796   104.8966 1.2378e-01    11.3961      5.837      8.466    11.3914 0.0000e+00
      5.906     -0.021     4.7846     43.880     46.764  34.042795     0.3869      8.792   105.5177 1.2379e-01    11.2863      5.795      8.405    11.3908 0.0000e+00
      5.868     -0.015     4.7934     43.864     46.755  34.036667     0.3474      8.788   105.5595 1.2379e-01    11.1977      5.743      8.329    11.3906 0.0000e+00
      5.857     -0.001     4.7971     43.833     46.755  34.036668     0.3325      8.785   105.4020 1.2381e-01    11.1440      5.729      8.309    11.3911 0.0000e+00
      5.879      0.021     4.7955     43.779     46.765  34.042805     0.3645      8.783   105.1621 1.2378e-01    11.1837      5.762      8.357    11.3934 0.0000e+00
      5.912      0.042     4.7943     43.730     46.773  34.047425     0.4265      8.782   104.8969 1.2374e-01    11.3020      5.803      8.417    11.3964 0.0000e+00
      5.932      0.054     4.7928     43.740     46.749  34.029073     0.4500      8.781   104.8621 1.2378e-01    11.3444      5.824      8.446    11.3974 0.0000e+00
      5.941      0.053     4.7899     43.813     46.725  34.011250     0.4235      8.781   105.1708 1.2380e-01    11.2870      5.826      8.449    11.3964 0.0000e+00
      5.946      0.046     4.7839     43.921     46.740  34.022267     0.4144      8.781   105.5324 1.2381e-01    11.3936      5.830      8.455    11.3946 0.0000e+00
      5.953      0.040     4.7750     44.047     46.759  34.035381     0.4310      8.782   105.6202 1.2381e-01    11.6764      5.838      8.467    11.3936 0.0000e+00
      5.962      0.038     4.7762     44.160     46.771  34.042916     0.4417      8.783   104.7695 1.2379e-01    11.8369      5.844      8.477    11.3933 0.0000e+00
      5.975      0.038     4.7864     44.234     46.781  34.049931     0.4362      8.784   103.3346 1.2381e-01    11.7971      5.856      8.495    11.3928 0.0000e+00
      5.990      0.036     4.7974     44.262     46.791  34.056758     0.4218      8.783   102.8112 1.2382e-01    11.7072      5.876      8.523    11.3922 0.0000e+00
      6.001      0.032     4.8139     44.248     46.799  34.062008     0.4256      8.783   102.9154 1.2376e-01    11.7412      5.887      8.538    11.3916 0.0000e+00
      6.006      0.027     4.8268     44.197     46.783  34.049962     0.4497      8.783   103.1327 1.2369e-01    11.8664      5.889      8.542    11.3907 0.0000e+00
      6.010      0.023     4.8355     44.103     46.766  34.038002     0.4547      8.784   103.4597 1.2368e-01    11.8537      5.894      8.549    11.3900 0.0000e+00
      6.013      0.021     4.8381     43.973     46.774  34.044299     0.4282      8.785   102.9110 1.2369e-01    11.7584      5.898      8.554    11.3896 0.0000e+00
      6.015      0.021     4.8363     43.813     46.799  34.062651     0.4033      8.785   101.7461 1.2372e-01    11.7740      5.899      8.556    11.3892 0.0000e+00
      6.020      0.023     4.8315     43.634     46.808  34.069554     0.4119      8.786   101.0761 1.2381e-01    11.9056      5.902      8.560    11.3889 0.0000e+00
      6.028      0.024     4.8207     43.460     46.800  34.064314     0.4403      8.786   100.9193 1.2390e-01    12.0857      5.910      8.572    11.3890 0.0000e+00
      6.039      0.024     4.8059     43.311     46.798  34.062746     0.4384      8.786   101.0554 1.2387e-01    12.1075      5.923      8.590    11.3895 0.0000e+00
      6.048      0.023     4.7884     43.198     46.782  34.050586     0.4062      8.786   101.2584 1.2387e-01    11.9985      5.933      8.604    11.3897 0.0000e+00
      6.052      0.020     4.7677     43.150     46.773  34.044185     0.3923      8.787   101.2237 1.2393e-01    11.9629      5.936      8.609    11.3901 0.0000e+00
      6.054      0.017     4.7474     43.169     46.780  34.048799     0.4198      8.788    99.2589 1.2391e-01    11.9842      5.936      8.609    11.3905 0.0000e+00
      6.056      0.014     4.7318     43.214     46.773  34.042926     0.4401      8.788    94.7963 1.2381e-01    11.9825      5.938      8.611    11.3904 0.0000e+00
      6.060      0.012     4.7174     43.272     46.764  34.036629     0.4132      8.788    90.7158 1.2372e-01    11.8737      5.942      8.618    11.3900 0.0000e+00
      6.065      0.011     4.7119     43.344     46.763  34.036108     0.3936      8.788    87.9515 1.2373e-01    11.7959      5.948      8.626    11.3898 0.0000e+00
      6.069      0.013     4.7166     43.395     46.764  34.036628     0.4107      8.788    85.7234 1.2381e-01    11.8625      5.952      8.632    11.3897 0.0000e+00
      6.070      0.020     4.7221     43.406     46.773  34.042916     0.4373      8.789    84.6837 1.2381e-01    11.8936      5.954      8.636    11.3895 0.0000e+00
      6.069      0.031     4.7265     43.387     46.782  34.048685     0.4489      8.789    84.5004 1.2378e-01    11.7959      5.952      8.632    11.3895 0.0000e+00
      6.071      0.045     4.7378     43.357     46.776  34.042921     0.4349      8.789    83.6784 1.2378e-01    11.6718      5.950      8.631    11.3895 0.0000e+00
      6.083      0.056     4.7436     43.327     46.769  34.036681     0.4082      8.788    81.9725 1.2378e-01    11.6564      5.960      8.645    11.3893 0.0000e+00
      6.108      0.063     4.7444     43.282     46.771  34.036682     0.4009      8.786    80.1356 1.2379e-01    11.7467      5.987      8.685    11.3894 0.0000e+00
      6.138      0.068     4.7415     43.217     46.781  34.042923     0.4229      8.786    79.1935 1.2378e-01    11.7734      6.023      8.737    11.3891 0.0000e+00
      6.160      0.069     4.7370     43.146     46.791  34.048697     0.4409      8.786    79.0129 1.2376e-01    11.6373      6.047      8.771    11.3870 0.0000e+00
      6.170      0.066     4.7363     43.105     46.784  34.043042     0.4266      8.786    78.3825 1.2373e-01    11.4680      6.053      8.779    11.3850 0.0000e+00
      6.178      0.061     4.7306     43.086     46.778  34.038002     0.3995      8.787    77.2500 1.2370e-01    11.4679      6.056      8.782    11.3837 0.0000e+00
      6.192      0.058     4.7243     43.049     46.798  34.051200     0.4047      8.787    76.1610 1.2380e-01    11.6367      6.070      8.804    11.3822 0.0000e+00
      6.211      0.060     4.7134     43.004     46.834  34.075727     0.4231      8.787    75.2818 1.2391e-01    11.7325      6.091      8.835    11.3814 0.0000e+00
      6.229      0.069     4.7095     42.953     46.842  34.080765     0.4141      8.788    74.1914 1.2391e-01    11.6693      6.109      8.861    11.3811 0.0000e+00
      6.244      0.081     4.7112     42.870     46.797  34.048675     0.4040      8.789    73.0434 1.2385e-01    11.6242      6.124      8.882    11.3799 0.0000e+00
      6.261      0.092     4.7049     42.760     46.736  34.004945     0.4171      8.788    72.5003 1.2381e-01    11.6655      6.137      8.902    11.3781 0.0000e+00
      6.283      0.099     4.7003     42.636     46.723  33.996151     0.4391      8.787    72.0992 1.2384e-01    11.7581      6.156      8.930    11.3760 0.0000e+00
      6.315      0.101     4.6968     42.484     46.734  34.005804     0.4375      8.785    71.5495 1.2381e-01    11.7876      6.191      8.978    11.3756 0.0000e+00
      6.352      0.098     4.6869     42.300     46.717  33.994768     0.4145      8.783    70.9294 1.2375e-01    11.7160      6.231      9.037    11.3772 0.0000e+00
      6.384      0.090     4.6735     42.094     46.707  33.989605     0.4025      8.783    69.5054 1.2379e-01    11.6774      6.266      9.087    11.3769 0.0000e+00
      6.405      0.078     4.6620     41.899     46.729  34.006822     0.4254      8.783    67.4964 1.2378e-01    11.6965      6.285      9.116    11.3768 0.0000e+00
      6.417      0.066     4.6444     41.792     46.736  34.012600     0.4747      8.783    66.1706 1.2377e-01    11.7077      6.293      9.128    11.3792 0.0000e+00
      6.424      0.058     4.6238     41.807     46.713  33.996025     0.4903      8.783    65.4339 1.2379e-01    11.6082      6.299      9.136    11.3819 0.0000e+00
      6.433      0.055     4.6009     41.913     46.714  33.996753     0.4738      8.783    65.0420 1.2377e-01    11.4833      6.307      9.147    11.3834 0.0000e+00
      6.447      0.057     4.5748     42.081     46.748  34.021402     0.4832      8.783    64.9607 1.2373e-01    11.7700      6.320      9.167    11.3842 0.0000e+00
      6.466      0.060     4.5616     42.297     46.773  34.040274     0.5117      8.782    64.0200 1.2377e-01    12.4099      6.341      9.197    11.3851 0.0000e+00
      6.485      0.060     4.5655     42.557     46.764  34.034592     0.5192      8.782    62.2724 1.2382e-01    12.7640      6.361      9.226    11.3854 0.0000e+00
      6.503      0.056     4.5784     42.837     46.738  34.016144     0.4989      8.783    61.0388 1.2386e-01    12.7374      6.378      9.249    11.3852 0.0000e+00
      6.518      0.049     4.5965     43.059     46.726  34.007560     0.4741      8.783    60.4622 1.2393e-01    12.4982      6.393      9.272    11.3852 0.0000e+00
      6.530      0.041     4.6211     43.187     46.707  33.994246     0.4779      8.784    60.1182 1.2397e-01    12.1949      6.406      9.290    11.3857 0.0000e+00
      6.537      0.034     4.6486     43.269     46.690  33.982067     0.5027      8.784    59.7187 1.2392e-01    12.0425      6.410      9.297    11.3863 0.0000e+00
      6.542      0.028     4.6835     43.320     46.697  33.987202     0.5163      8.784    59.2452 1.2381e-01    12.0222      6.415      9.304    11.3874 0.0000e+00
      6.547      0.023     4.7109     43.344     46.705  33.992874     0.5093      8.785    58.7813 1.2372e-01    12.1888      6.420      9.312    11.3883 0.0000e+00
      6.553      0.023     4.7194     43.360     46.697  33.987202     0.4923      8.786    58.1538 1.2375e-01    12.5197      6.426      9.322    11.3887 0.0000e+00
      6.559      0.025     4.7295     43.349     46.690  33.982057     0.4855      8.786    57.3367 1.2379e-01    12.7771      6.434      9.332    11.3889 0.0000e+00
      6.563      0.027     4.7355     43.328     46.707  33.994122     0.4936      8.786    56.4731 1.2375e-01    12.8081      6.436      9.334    11.3888 0.0000e+00
      6.568      0.028     4.7356     43.358     46.724  34.006187     0.4903      8.786    55.7994 1.2374e-01    12.7228      6.439      9.339    11.3886 0.0000e+00
      6.578      0.031     4.7398     43.417     46.718  34.001044     0.4630      8.786    55.9886 1.2376e-01    12.7033      6.451      9.357    11.3883 0.0000e+00
      6.589      0.034     4.7387     43.465     46.710  33.995382     0.4466      8.786    56.7818 1.2377e-01    12.7763      6.463      9.373    11.3880 0.0000e+00
      6.597      0.038     4.7307     43.518     46.719  34.001174     0.4583      8.786    56.5282 1.2378e-01    12.9228      6.469      9.382    11.3877 0.0000e+00
      6.605      0.042     4.7369     43.569     46.728  34.007624     0.4711      8.787    55.4167 1.2377e-01    12.9365      6.476      9.393    11.3872 0.0000e+00
      6.616      0.048     4.7463     43.607     46.732  34.009920     0.4513      8.787    54.7870 1.2371e-01    12.4646      6.487      9.408    11.3868 0.0000e+00
      6.627      0.058     4.7484     43.624     46.758  34.028943     0.4186      8.787    55.0234 1.2373e-01    11.7598      6.499      9.426    11.3867 0.0000e+00
      6.641      0.071     4.7562     43.610     46.783  34.047291     0.4090      8.787    55.6931 1.2382e-01    11.4520      6.511      9.443    11.3865 0.0000e+00
      6.658      0.083     4.7616     43.564     46.774  34.041419     0.4181      8.787    55.8292 1.2388e-01    11.5090      6.527      9.467    11.3861 0.0000e+00
      6.683      0.091     4.7659     43.471     46.746  34.021394     0.4290      8.787    55.4650 1.2395e-01    11.8685      6.551      9.502    11.3855 0.0000e+00
      6.714      0.094     4.7691     43.336     46.711  33.995506     0.4250      8.788    54.9884 1.2395e-01    12.4519      6.583      9.548    11.3857 0.0000e+00
      6.747      0.093     4.7664     43.216     46.692  33.982193     0.4280      8.788    54.3692 1.2389e-01    12.8231      6.619      9.600    11.3860 0.0000e+00
      6.772      0.089     4.7626     43.140     46.700  33.987327     0.4392      8.788    53.8283 1.2384e-01    12.9760      6.645      9.637    11.3863 0.0000e+00
      6.789      0.083     4.7533     43.105     46.710  33.994124     0.4367      8.788    53.5251 1.2384e-01    13.0361      6.658      9.656    11.3867 0.0000e+00
      6.804      0.077     4.7341     43.110     46.720  34.000931     0.4303      8.789    53.2853 1.2388e-01    12.9694      6.671      9.676    11.3867 0.0000e+00
      6.821      0.072     4.7207     43.131     46.728  34.006178     0.4198      8.789    52.9071 1.2389e-01    12.8528      6.688      9.700    11.3868 0.0000e+00
      6.840      0.071     4.7130     43.156     46.711  33.994122     0.4180      8.789    52.6525 1.2387e-01    12.8889      6.708      9.729    11.3867 0.0000e+00
