Data/DataNotYetUploadedToEDI/Raw_CTD/RawDownloads/111025_fcr50_S7809003.cnv
* Sea-Bird SBE19plus  Data File:
* FileName = C:\R\Reservoirs\Data\DataNotYetUploadedToEDI\Raw_CTD\RawDownloads\102725_fcr50_S7809_0003.hex
* Software version 2.8.0.119
* Temperature SN = 7809
* Conductivity SN = 7809
* System UpLoad Time = Nov 13 2025 15:23:09
* <ApplicationData>
* <Seaterm232>
# nquan = 15
# nvalues = 1413                        
# units = specified
# name 0 = depFM: Depth [fresh water, m]
# name 1 = dz/dtM: Descent Rate [m/s]
# name 2 = sbeox0Mg/L: Oxygen, SBE 43 [mg/l]
# name 3 = sbeox0PS: Oxygen, SBE 43 [% saturation]
# name 4 = specc: Specific Conductance [uS/cm]
# name 5 = c0uS/cm: Conductivity [uS/cm]
# name 6 = flECO-AFL: Fluorescence, WET Labs ECO-AFL/FL [mg/m^3]
# name 7 = ph: pH
# name 8 = orp: Oxidation Reduction Potential [mV]
# name 9 = par/sat/log: PAR/Logarithmic, Satlantic
# name 10 = turbWETntu0: Turbidity, WET Labs ECO [NTU]
# name 11 = prdM: Pressure, Strain Gauge [db]
# name 12 = prdE: Pressure, Strain Gauge [psi]
# name 13 = tv290C: Temperature [ITS-90, deg C]
# name 14 = flag:  0.000e+00
# span 0 =     -0.711,      9.535       
# span 1 =     -2.356,      0.251       
# span 2 =     4.3589,    10.9120       
# span 3 =     39.922,     95.650       
# span 4 =      0.653,    308.733       
# span 5 =   0.425037, 224.955449       
# span 6 =    -0.0775,     1.1131       
# span 7 =     -2.152,     13.319       
# span 8 = -1171.2030,   627.7323       
# span 9 = 1.2367e-01, 2.2738e+02       
# span 10 =     1.3364,    91.7384      
# span 11 =     -0.698,      9.354      
# span 12 =     -1.012,     13.567      
# span 13 =     7.4655,    11.5650      
# span 14 = 0.0000e+00, 0.0000e+00      
# interval = seconds: 0.25
# start_time = Nov 10 2025 10:44:20 [Instrument's time stamp, header]
# bad_flag = -9.990e-29
*END*
[from data line 386]
      0.178 -8.382e-37     6.1552     56.454     46.093  33.673876     0.5836      8.551   198.6442 9.7501e+01     7.7431      0.174      0.253    11.5196 0.0000e+00
      0.178 -9.220e-36     6.1646     56.433     46.092  33.675227     0.6062      8.552   198.8207 9.7675e+01     7.7702      0.174      0.253    11.5176 0.0000e+00
      0.178 -1.014e-34     6.1586     56.433     46.117  33.696353     0.6096      8.553   199.2276 9.8360e+01     7.7580      0.174      0.253    11.5183 0.0000e+00
      0.178 -1.116e-33     6.1506     56.489     46.173  33.738977     0.5745      8.554   199.0034 9.9017e+01     7.5953      0.174      0.253    11.5218 0.0000e+00
      0.178 -1.227e-32     6.1509     56.584     46.181  33.746474     0.5310      8.554   198.1754 9.8934e+01     7.4430      0.174      0.253    11.5251 0.0000e+00
      0.178 -1.350e-31     6.1462     56.699     46.150  33.723560     0.5247      8.554   197.7339 9.8571e+01     7.4541      0.174      0.253    11.5282 0.0000e+00
      0.178 -1.485e-30     6.1433     56.837     46.140  33.715710     0.5492      8.555   197.6230 9.8434e+01     7.5929      0.174      0.253    11.5311 0.0000e+00
      0.178 -1.633e-29     6.1511     56.990     46.142  33.714997     0.5512      8.556   197.5227 9.9074e+01     7.6523      0.175      0.254    11.5330 0.0000e+00
      0.178 -1.797e-28     6.1621     57.101     46.147  33.714933     0.5243      8.558   197.5540 9.9771e+01     7.6600      0.175      0.254    11.5346 0.0000e+00
      0.178 -1.976e-27     6.1741     57.105     46.152  33.714941     0.5071      8.558   197.9151 9.9290e+01     7.6861      0.174      0.253    11.5350 0.0000e+00
      0.178 -2.174e-26     6.1886     57.000     46.156  33.715082     0.5190      8.559   198.3613 9.8551e+01     7.6946      0.174      0.253    11.5338 0.0000e+00
      0.178 -2.391e-25     6.2087     56.866     46.161  33.716642     0.5430      8.559   198.3029 9.8470e+01     7.6945      0.174      0.253    11.5315 0.0000e+00
      0.178 -2.631e-24     6.2241     56.771     46.185  33.733804     0.5391      8.559   197.8117 9.8762e+01     7.6499      0.174      0.253    11.5276 0.0000e+00
      0.178 -2.894e-23     6.2263     56.700     46.184  33.732245     0.5213      8.559   197.2392 9.9065e+01     7.6341      0.174      0.252    11.5229 0.0000e+00
      0.178 -3.183e-22     6.2108     56.632     46.139  33.697796     0.5362      8.560   197.0594 9.9210e+01     7.7091      0.174      0.253    11.5193 0.0000e+00
      0.178 -3.501e-21     6.1925     56.590     46.142  33.697954     0.5602      8.561   197.7889 9.9010e+01     7.8042      0.174      0.253    11.5176 0.0000e+00
      0.178 -3.851e-20     6.1847     56.566     46.193  33.734148     0.5627      8.561   198.8324 9.9072e+01     7.8278      0.174      0.253    11.5181 0.0000e+00
      0.178 -4.237e-19     6.1783     56.545     46.222  33.754742     0.5498      8.562   199.0944 9.9677e+01     7.7545      0.174      0.252    11.5178 0.0000e+00
      0.178 -4.660e-18     6.1685     56.526     46.224  33.756614     0.5293      8.564   198.8915 9.9979e+01     7.7043      0.174      0.253    11.5152 0.0000e+00
      0.178 -5.126e-17     6.1657     56.511     46.224  33.756782     0.5310      8.564   198.5298 1.0001e+02     7.7328      0.174      0.253    11.5116 0.0000e+00
      0.178 -5.639e-16     6.1641     56.497     46.224  33.756782     0.5458      8.564   197.9047 9.9735e+01     7.6562      0.174      0.253    11.5106 0.0000e+00
      0.178 -6.203e-15     6.1609     56.485     46.223  33.756612     0.5412      8.564   197.9589 9.9268e+01     7.4611      0.174      0.252    11.5118 0.0000e+00
      0.178 -6.823e-14     6.1597     56.490     46.219  33.754725     0.5332      8.564   198.8408 9.9657e+01     7.3894      0.174      0.253    11.5118 0.0000e+00
      0.178 -7.505e-13     6.1572     56.513     46.188  33.733963     0.5250      8.565   199.3609 9.9952e+01     7.4726      0.174      0.253    11.5120 0.0000e+00
      0.178 -8.256e-12     6.1570     56.542     46.132  33.695915     0.5420      8.565   199.2569 9.9497e+01     7.5777      0.174      0.252    11.5120 0.0000e+00
      0.178 -9.081e-11     6.1535     56.569     46.099  33.675375     0.5803      8.566   198.9604 9.9749e+01     7.5673      0.174      0.253    11.5118 0.0000e+00
      0.178 -9.990e-10     6.1545     56.594     46.095  33.675945     0.5884      8.567   198.6153 1.0029e+02     7.4490      0.175      0.254    11.5134 0.0000e+00
      0.178 -1.099e-08     6.1575     56.642     46.130  33.702813     0.5897      8.568   198.2678 1.0013e+02     7.4119      0.174      0.253    11.5153 0.0000e+00
      0.178 -1.209e-07     6.1598     56.699     46.188  33.746462     0.6137      8.568   198.0276 9.9744e+01     7.5623      0.174      0.252    11.5181 0.0000e+00
      0.178     -0.000     6.1635     56.752     46.205  33.759585     0.6368      8.569   197.9486 9.9501e+01     7.7648      0.174      0.253    11.5231 0.0000e+00
      0.178     -0.000     6.1627     56.821     46.171  33.734588     0.6269      8.570   198.0015 9.9298e+01     7.7772      0.174      0.253    11.5267 0.0000e+00
      0.178     -0.000     6.1694     56.901     46.122  33.698007     0.5948      8.571   198.2366 9.9352e+01     7.6775      0.173      0.252    11.5274 0.0000e+00
      0.178     -0.002     6.1770     56.998     46.124  33.697957     0.5888      8.571   198.2951 9.9411e+01     7.7205      0.174      0.253    11.5288 0.0000e+00
      0.178     -0.019     6.1793     57.103     46.175  33.733977     0.6131      8.571   197.4181 9.9124e+01     7.8534      0.174      0.253    11.5304 0.0000e+00
      0.178     -0.214     6.1896     57.176     46.202  33.752853     0.6304      8.571   195.9797 9.9491e+01     7.8838      0.174      0.253    11.5298 0.0000e+00
      0.178     -2.356     6.1970     57.211     46.180  33.735849     0.6146      8.571   195.3585 1.0034e+02     7.7808      0.175      0.254    11.5285 0.0000e+00
      0.178     -2.356     6.2072     57.202     46.157  33.718714     0.5889      8.571   195.7569 1.0047e+02     7.7003      0.174      0.253    11.5275 0.0000e+00
      0.178     -0.214     6.2228     57.148     46.181  33.736018     0.6031      8.572   196.4089 1.0030e+02     7.7645      0.174      0.252    11.5262 0.0000e+00
      0.178     -0.019     6.2288     57.078     46.205  33.754738     0.6276      8.573   196.1014 1.0064e+02     7.8409      0.174      0.253    11.5251 0.0000e+00
      0.178     -0.002     6.2342     57.006     46.204  33.754723     0.6273      8.574   194.8774 1.0089e+02     7.8384      0.174      0.252    11.5243 0.0000e+00
      0.178     -0.000     6.2335     56.923     46.177  33.735832     0.6083      8.576   194.1712 1.0040e+02     7.7671      0.174      0.253    11.5229 0.0000e+00
      0.178     -0.000     6.2259     56.853     46.151  33.716670     0.5725      8.576   194.1878 9.9941e+01     7.6628      0.175      0.254    11.5230 0.0000e+00
      0.178     -0.000     6.2173     56.825     46.145  33.713367     0.5520      8.576   194.4762 9.9986e+01     7.6367      0.174      0.253    11.5246 0.0000e+00
      0.178 -1.209e-07     6.2105     56.833     46.118  33.695893     0.5439      8.575   194.6467 1.0013e+02     7.5881      0.174      0.253    11.5256 0.0000e+00
      0.178 -1.099e-08     6.2006     56.872     46.115  33.695736     0.5323      8.575   194.6997 1.0026e+02     7.4849      0.175      0.254    11.5260 0.0000e+00
      0.178 -1.000e-09     6.1904     56.915     46.133  33.711463     0.5448      8.576   194.6876 1.0009e+02     7.5159      0.175      0.254    11.5262 0.0000e+00
      0.178 -1.056e-10     6.1891     56.944     46.108  33.695720     0.5793      8.577   194.3285 1.0004e+02     7.6551      0.174      0.252    11.5269 0.0000e+00
      0.178 -1.712e-10     6.1884     56.949     46.104  33.695720     0.6083      8.578   193.9720 1.0057e+02     7.7675      0.174      0.253    11.5290 0.0000e+00
      0.178 -1.794e-09     6.1946     56.919     46.121  33.711477     0.6122      8.578   193.7327 1.0042e+02     7.7821      0.175      0.254    11.5313 0.0000e+00
      0.178 -1.972e-08     6.1993     56.861     46.095  33.695905     0.5932      8.579   193.5002 9.9762e+01     7.6269      0.175      0.254    11.5339 0.0000e+00
      0.178 -2.169e-07     6.2017     56.802     46.095  33.697778     0.5773      8.580   194.0002 9.9532e+01     7.4281      0.174      0.253    11.5375 0.0000e+00
      0.178 -3.977e-07     6.2033     56.760     46.143  33.734128     0.5864      8.581   194.9601 9.9759e+01     7.4284      0.174      0.253    11.5407 0.0000e+00
      0.178 -2.169e-07     6.1985     56.737     46.169  33.754736     0.6123      8.581   195.2112 1.0008e+02     7.5619      0.174      0.253    11.5445 0.0000e+00
      0.178 -1.972e-08     6.1911     56.742     46.171  33.756614     0.6158      8.581   195.0574 9.9999e+01     7.5733      0.174      0.253    11.5482 0.0000e+00
      0.178 -1.792e-09     6.1825     56.736     46.171  33.756835     0.5963      8.581   194.7354 9.9842e+01     7.4635      0.175      0.254    11.5501 0.0000e+00
      0.178 -1.630e-10     6.1796     56.708     46.172  33.757408     0.5998      8.581   194.1571 9.9344e+01     7.4297      0.175      0.254    11.5520 0.0000e+00
      0.178 -1.482e-11     6.1739     56.696     46.182  33.763546     0.6257      8.581   194.4318 9.8891e+01     7.5067      0.175      0.254    11.5537 0.0000e+00
      0.178 -1.347e-12     6.1779     56.685     46.189  33.767599     0.6349      8.581   195.4757 9.9290e+01     7.6091      0.176      0.255    11.5536 0.0000e+00
      0.178 -1.224e-13     6.1787     56.676     46.156  33.742955     0.6197      8.583   195.9380 9.9848e+01     7.6766      0.174      0.253    11.5532 0.0000e+00
      0.178 -1.113e-14     6.1707     56.690     46.124  33.719364     0.5917      8.583   195.8059 1.0008e+02     7.7077      0.175      0.254    11.5531 0.0000e+00
      0.178 -1.012e-15     6.1733     56.726     46.146  33.736147     0.5869      8.583   195.5984 1.0009e+02     7.7461      0.175      0.254    11.5522 0.0000e+00
      0.178 -9.200e-17     6.1711     56.778     46.171  33.755542     0.6202      8.583   195.4089 9.9980e+01     7.7656      0.174      0.253    11.5508 0.0000e+00
      0.178 -8.365e-18     6.1691     56.853     46.182  33.763529     0.6272      8.583   195.1492 9.9853e+01     7.7037      0.174      0.253    11.5496 0.0000e+00
      0.179 -7.605e-19     6.1709     56.943     46.190  33.769282     0.5723      8.583   195.0396 9.9833e+01     7.6133      0.175      0.255    11.5498 0.0000e+00
      0.179 -6.910e-20     6.1752     57.013     46.180  33.761657     0.5224      8.584   195.2882 1.0012e+02     7.6625      0.175      0.254    11.5509 0.0000e+00
      0.178 -6.285e-21     6.1802     57.035     46.143  33.734773     0.5321      8.586   195.5741 1.0026e+02     7.8204      0.174      0.253    11.5522 0.0000e+00
      0.178 -5.710e-22     6.1879     57.020     46.092  33.698007     0.5481      8.586   195.7426 9.9749e+01     7.8152      0.175      0.254    11.5528 0.0000e+00
      0.178 -5.195e-23     6.2002     56.986     46.091  33.697799     0.5319      8.585   195.6913 9.9416e+01     7.6677      0.175      0.254    11.5523 0.0000e+00
      0.178 -4.721e-24     6.2086     56.944     46.138  33.732256     0.5197      8.584   194.7813 9.9709e+01     7.6085      0.175      0.254    11.5519 0.0000e+00
      0.178 -4.292e-25     6.2108     56.909     46.140  33.733958     0.5257      8.584   193.2586 9.9772e+01     7.6804      0.175      0.254    11.5519 0.0000e+00
      0.178 -3.902e-26     6.2076     56.888     46.119  33.718369     0.5461      8.584   192.5948 9.9740e+01     7.7844      0.175      0.253    11.5522 0.0000e+00
      0.179 -3.547e-27     6.2045     56.886     46.142  33.734113     0.5584      8.585   192.9507 1.0048e+02     7.7735      0.175      0.254    11.5528 0.0000e+00
      0.179 -3.224e-28     6.1985     56.919     46.144  33.733971     0.5418      8.586   193.4315 1.0073e+02     7.6856      0.175      0.254    11.5531 0.0000e+00
      0.179 -2.931e-29     6.1946     56.976     46.124  33.716656     0.5190      8.587   193.0736 9.9989e+01     7.6433      0.176      0.255    11.5529 0.0000e+00
      0.179 -2.665e-30     6.1926     57.026     46.126  33.715082     0.5246      8.588   191.9785 9.9963e+01     7.7066      0.175      0.254    11.5528 0.0000e+00
      0.179 -2.423e-31     6.1909     57.062     46.128  33.714939     0.5519      8.588   191.2900 1.0023e+02     7.8020      0.176      0.255    11.5523 0.0000e+00
      0.179 -2.202e-32     6.1954     57.107     46.128  33.714932     0.5574      8.588   191.0291 1.0008e+02     7.7717      0.175      0.254    11.5505 0.0000e+00
      0.179 -2.002e-33     6.2041     57.161     46.126  33.714995     0.5406      8.588   190.8891 1.0007e+02     7.7160      0.175      0.254    11.5476 0.0000e+00
      0.178 -1.820e-34     6.2104     57.206     46.124  33.715710     0.5402      8.588   191.0608 9.9815e+01     7.7779      0.175      0.254    11.5436 0.0000e+00
      0.178 -1.654e-35     6.2127     57.207     46.132  33.723576     0.5617      8.587   191.3845 9.9515e+01     7.8705      0.175      0.254    11.5408 0.0000e+00
      0.179 -1.502e-36     6.2185     57.173     46.161  33.746661     0.5755      8.587   191.3615 9.9580e+01     7.8790      0.175      0.254    11.5411 0.0000e+00
      0.179 -1.135e-37     6.2234     57.138     46.151  33.741051     0.5568      8.588   191.0400 9.9558e+01     7.8133      0.175      0.254    11.5437 0.0000e+00
      0.179 2.4378e-37     6.2312     57.133     46.120  33.719184     0.5187      8.588   190.7665 9.9455e+01     7.7252      0.176      0.255    11.5462 0.0000e+00
      0.179 2.8171e-36     6.2297     57.151     46.143  33.736057     0.5147      8.588   190.4645 9.9566e+01     7.7013      0.175      0.254    11.5479 0.0000e+00
      0.179 3.1001e-35     6.2240     57.137     46.168  33.754723     0.5332      8.588   190.2270 9.9572e+01     7.7301      0.176      0.255    11.5502 0.0000e+00
      0.179 3.4101e-34     6.2195     57.125     46.168  33.754548     0.5343      8.588   190.9065 9.9370e+01     7.7306      0.176      0.255    11.5525 0.0000e+00
      0.179 3.7511e-33     6.2166     57.134     46.139  33.733942     0.5363      8.588   192.1424 9.9490e+01     7.7420      0.176      0.255    11.5530 0.0000e+00
      0.179 4.1262e-32     6.2256     57.136     46.087  33.695905     0.5490      8.588   192.4362 9.9890e+01     7.7658      0.176      0.255    11.5537 0.0000e+00
      0.179 4.5388e-31     6.2186     57.121     46.059  33.675319     0.5626      8.588   192.2215 9.9676e+01     7.7785      0.175      0.254    11.5545 0.0000e+00
      0.179 4.9927e-30     6.2171     57.095     46.059  33.675372     0.5512      8.589   191.9551 9.9085e+01     7.7596      0.176      0.255    11.5532 0.0000e+00
      0.179 5.4920e-29     6.2210     57.090     46.088  33.696547     0.5193      8.589   191.3663 9.9305e+01     7.6744      0.176      0.255    11.5533 0.0000e+00
      0.179 6.0412e-28     6.2197     57.104     46.148  33.741004     0.5104      8.588   191.5550 9.9565e+01     7.6017      0.176      0.255    11.5542 0.0000e+00
      0.179 6.6453e-27     6.2199     57.104     46.185  33.768780     0.5355      8.588   192.6015 9.9395e+01     7.6660      0.176      0.255    11.5531 0.0000e+00
      0.179 7.3098e-26     6.2136     57.086     46.199  33.778614     0.5646      8.588   193.1781 9.9639e+01     7.8026      0.176      0.255    11.5533 0.0000e+00
      0.179 8.0408e-25     6.2139     57.068     46.225  33.796457     0.5622      8.588   193.0207 9.9975e+01     7.8189      0.176      0.255    11.5548 0.0000e+00
