Data/DataNotYetUploadedToEDI/Raw_CTD/RawDownloads/111025_fcr30_S7809006.cnv
* Sea-Bird SBE19plus  Data File:
* FileName = C:\R\Reservoirs\Data\DataNotYetUploadedToEDI\Raw_CTD\RawDownloads\102725_fcr50_S7809_0006.hex
* Software version 2.8.0.119
* Temperature SN = 7809
* Conductivity SN = 7809
* System UpLoad Time = Nov 13 2025 15:24:27
* <ApplicationData>
* <Seaterm232>
# nquan = 15
# nvalues = 865                         
# units = specified
# name 0 = depFM: Depth [fresh water, m]
# name 1 = dz/dtM: Descent Rate [m/s]
# name 2 = sbeox0Mg/L: Oxygen, SBE 43 [mg/l]
# name 3 = sbeox0PS: Oxygen, SBE 43 [% saturation]
# name 4 = specc: Specific Conductance [uS/cm]
# name 5 = c0uS/cm: Conductivity [uS/cm]
# name 6 = flECO-AFL: Fluorescence, WET Labs ECO-AFL/FL [mg/m^3]
# name 7 = ph: pH
# name 8 = orp: Oxidation Reduction Potential [mV]
# name 9 = par/sat/log: PAR/Logarithmic, Satlantic
# name 10 = turbWETntu0: Turbidity, WET Labs ECO [NTU]
# name 11 = prdM: Pressure, Strain Gauge [db]
# name 12 = prdE: Pressure, Strain Gauge [psi]
# name 13 = tv290C: Temperature [ITS-90, deg C]
# name 14 = flag:  0.000e+00
# span 0 =     -0.725,      5.153       
# span 1 =     -0.188,      0.254       
# span 2 =     5.7059,    11.8140       
# span 3 =     51.898,     99.465       
# span 4 =      2.489,     49.855       
# span 5 =   1.505033,  33.817024       
# span 6 =    -0.1272,     1.3190       
# span 7 =     -1.964,      9.064       
# span 8 =   -55.7686,   915.7720       
# span 9 = 1.3069e-01, 3.1699e+02       
# span 10 =     0.9259,   196.7630      
# span 11 =     -0.712,      5.054      
# span 12 =     -1.032,      7.331      
# span 13 =     5.0366,    11.5366      
# span 14 = 0.0000e+00, 0.0000e+00      
# interval = seconds: 0.25
# start_time = Nov 10 2025 15:24:37 [Instrument's time stamp, header]
# bad_flag = -9.990e-29
*END*
     -0.725 9.9220e-19    11.7860     92.664      3.817   2.296486    -0.0769      2.103   779.3404 2.4788e+02     5.5471     -0.711     -1.031     5.0366 0.0000e+00
     -0.725 9.0200e-20    11.8135     92.618      3.845   2.314070    -0.0822      2.313   805.1446 2.4753e+02     5.5011     -0.711     -1.031     5.0473 0.0000e+00
     -0.724 8.2000e-21    11.8140     92.590      3.885   2.339435    -0.0566      2.435   831.4571 2.4688e+02     5.2838     -0.710     -1.030     5.0605 0.0000e+00
     -0.724 7.4545e-22    11.8127     92.560      3.901   2.349775    -0.0418      2.519   834.8904 2.4778e+02     4.7978     -0.710     -1.030     5.0728 0.0000e+00
     -0.725 6.7770e-23    11.8120     92.487      3.944   2.375739    -0.0608      2.689   819.2954 2.4865e+02     4.4755     -0.711     -1.031     5.0854 0.0000e+00
     -0.725 6.1605e-24    11.7941     92.414      3.984   2.399979    -0.0868      2.931   807.8372 2.4922e+02     4.3599     -0.711     -1.031     5.0967 0.0000e+00
     -0.725 5.6005e-25    11.7921     92.389      3.966   2.389461    -0.0809      3.168   806.3947 2.5368e+02     4.3217     -0.710     -1.030     5.1070 0.0000e+00
     -0.725 5.0915e-26    11.7883     92.390      3.941   2.375262    -0.0650      3.403   801.1648 2.6155e+02     4.4235     -0.711     -1.031     5.1145 0.0000e+00
     -0.725 4.6286e-27    11.7751     92.394      3.907   2.354996    -0.0772      3.658   794.1620 2.6705e+02     4.5320     -0.711     -1.031     5.1195 0.0000e+00
     -0.725 4.2078e-28    11.7596     92.387      3.872   2.334475    -0.0787      3.926   792.7069 2.6749e+02     4.6085     -0.710     -1.030     5.1237 0.0000e+00
     -0.725 3.8253e-29    11.7592     92.372      3.843   2.317180    -0.0597      4.171   792.7775 2.6656e+02     4.6645     -0.711     -1.031     5.1285 0.0000e+00
     -0.725 3.4775e-30    11.7579     92.394      3.768   2.272587    -0.0627      4.349   799.5752 2.6849e+02     4.6290     -0.711     -1.031     5.1338 0.0000e+00
     -0.725 3.1614e-31    11.7559     92.419      3.712   2.238735    -0.0827      4.427   827.4041 2.7019e+02     4.6232     -0.711     -1.031     5.1391 0.0000e+00
     -0.725 2.8740e-32    11.7574     92.434      3.688   2.224620    -0.0766      4.395   868.8994 2.6479e+02     4.7313     -0.710     -1.030     5.1443 0.0000e+00
     -0.725 2.6156e-33    11.7458     92.466      3.694   2.228610    -0.0551      4.297   895.7883 2.5511e+02     4.7073     -0.711     -1.031     5.1490 0.0000e+00
     -0.725 2.6878e-34    11.7535     92.487      3.790   2.286983    -0.0638      4.272   897.1509 2.5174e+02     4.2986     -0.711     -1.031     5.1536 0.0000e+00
     -0.725 3.6542e-34    11.7557     92.507      3.911   2.360274    -0.0826      4.412   888.1281 2.5649e+02     3.7179     -0.711     -1.031     5.1583 0.0000e+00
     -0.725 3.7841e-33    11.7514     92.527      4.006   2.417949    -0.0738      4.647   883.8318 2.6469e+02     3.4582     -0.711     -1.031     5.1630 0.0000e+00
     -0.725 4.1603e-32    11.7597     92.503      4.105   2.477547    -0.0575      4.833   890.5477 2.7178e+02     3.4824     -0.711     -1.031     5.1678 0.0000e+00
     -0.725 4.5763e-31    11.7576     92.445      4.160   2.510731    -0.0687      4.859   901.8756 2.7436e+02     3.4635     -0.711     -1.031     5.1724 0.0000e+00
     -0.725 5.0340e-30    11.7592     92.416      4.145   2.502428    -0.1008      4.878   903.8683 2.7537e+02     3.4345     -0.711     -1.031     5.1757 0.0000e+00
     -0.725 5.5374e-29    11.7643     92.412      4.147   2.503860    -0.1047      5.115   890.9813 2.7419e+02     3.5078     -0.711     -1.031     5.1778 0.0000e+00
     -0.725 6.0911e-28    11.7614     92.407      4.187   2.528049    -0.0729      5.517   858.9430 2.6880e+02     3.5295     -0.710     -1.030     5.1796 0.0000e+00
     -0.725 6.7002e-27    11.7470     92.409      4.209   2.541496    -0.0664      5.970   825.7210 2.6960e+02     3.4234     -0.711     -1.031     5.1814 0.0000e+00
     -0.725 7.3703e-26    11.7451     92.424      4.206   2.539753    -0.0760      6.397   815.2136 2.7750e+02     3.4540     -0.711     -1.031     5.1834 0.0000e+00
     -0.725 8.1073e-25    11.7454     92.452      4.151   2.506968    -0.0569      6.752   815.6161 2.7727e+02     3.6274     -0.711     -1.032     5.1859 0.0000e+00
     -0.725 8.9180e-24    11.7426     92.484      3.971   2.398502    -0.0597      7.051   812.0886 2.6455e+02     3.6409     -0.711     -1.031     5.1887 0.0000e+00
     -0.725 9.8098e-23    11.7425     92.515      3.816   2.305207    -0.0930      7.332   788.9096 2.4826e+02     3.5494     -0.711     -1.032     5.1917 0.0000e+00
     -0.725 1.0791e-21    11.7419     92.503      3.855   2.329160    -0.0939      7.601   778.8523 2.3558e+02     3.6484     -0.711     -1.031     5.1947 0.0000e+00
     -0.725 1.1870e-20    11.7477     92.452      3.924   2.371376    -0.0781      7.470   829.0097 2.2779e+02     3.8465     -0.710     -1.030     5.1978 0.0000e+00
     -0.725 1.3057e-19    11.7472     92.417      3.925   2.372213    -0.0687      6.407   886.6077 2.2633e+02     3.8619     -0.711     -1.031     5.2012 0.0000e+00
     -0.725 1.4363e-18    11.7556     92.421      3.870   2.339273    -0.0632      4.653   906.2017 2.3113e+02     3.8004     -0.711     -1.031     5.2048 0.0000e+00
     -0.725 1.5799e-17    11.7518     92.443      3.788   2.289844    -0.0698      2.956   908.8971 2.3974e+02     3.6149     -0.711     -1.031     5.2086 0.0000e+00
     -0.725 1.7379e-16    11.7404     92.503      3.774   2.281344    -0.0652      1.581   909.1311 2.4620e+02     3.2246     -0.711     -1.031     5.2122 0.0000e+00
     -0.725 1.9117e-15    11.7338     92.625      3.804   2.299849    -0.0664      0.412   908.7730 2.4684e+02     3.0092     -0.711     -1.031     5.2157 0.0000e+00
     -0.725 2.1028e-14    11.7357     92.741      3.634   2.196860    -0.0846     -0.650   908.5252 2.4561e+02     3.8461     -0.711     -1.031     5.2190 0.0000e+00
     -0.725 2.3131e-13    11.7379     92.816      3.181   1.922955    -0.0274     -1.571   908.3717 2.4237e+02    14.6074     -0.711     -1.031     5.2216 0.0000e+00
     -0.725 2.5444e-12    11.7389     92.846      2.832   1.711985     0.0934     -1.833   908.9828 2.3996e+02    34.4025     -0.711     -1.032     5.2236 0.0000e+00
     -0.725 2.7989e-11    11.7626     92.831      2.558   1.546444     0.1443     -0.956   910.4077 2.4373e+02    45.1307     -0.711     -1.031     5.2250 0.0000e+00
     -0.725 3.0787e-10    11.7759     92.767      2.489   1.505033     0.1385      0.666   912.4351 2.4967e+02    46.0446     -0.710     -1.030     5.2264 0.0000e+00
     -0.725 3.3866e-09    11.7852     92.646      3.051   1.844704     0.1319      2.472   915.7720 2.5340e+02    45.1789     -0.711     -1.031     5.2279 0.0000e+00
     -0.725 3.7253e-08    11.7896     92.505      3.587   2.169376     0.0720      4.236   912.8104 2.5373e+02    34.1509     -0.711     -1.031     5.2293 0.0000e+00
     -0.725 4.0978e-07    11.7849     92.377      4.370   2.643409    -0.0290      5.655   901.3197 2.4928e+02    14.0233     -0.711     -1.031     5.2309 0.0000e+00
     -0.725      0.000    11.7804     92.302      5.613   3.395084    -0.0642      6.561   851.6940 2.3783e+02     3.1196     -0.711     -1.031     5.2328 0.0000e+00
     -0.725      0.000    11.7596     92.303      5.520   3.339089    -0.0377      7.097   740.3193 2.1458e+02     2.1970     -0.712     -1.032     5.2348 0.0000e+00
     -0.725      0.001    11.7407     92.325      4.298   2.599949    -0.0248      7.374   701.6864 1.8494e+02     1.8775     -0.711     -1.031     5.2371 0.0000e+00
     -0.724      0.001    11.7226     92.337      3.824   2.313568    -0.0415      7.140   800.9311 1.6220e+02     1.2724     -0.710     -1.030     5.2396 0.0000e+00
     -0.724      0.001    11.7080     92.370      4.088   2.473827    -0.0733      5.886   887.5021 1.5108e+02     0.9259     -0.710     -1.030     5.2425 0.0000e+00
     -0.724      0.001    11.7131     92.427      4.253   2.573850    -0.0843      3.613   905.9990 1.4702e+02     0.9677     -0.710     -1.030     5.2456 0.0000e+00
     -0.724      0.000    11.7165     92.479      4.251   2.572721    -0.0828      1.195   907.6479 1.4116e+02     1.1286     -0.710     -1.030     5.2486 0.0000e+00
     -0.724 1.8626e-08    11.7137     92.508      4.274   2.586877    -0.0968     -0.507   907.6106 1.3274e+02     1.3338     -0.710     -1.029     5.2518 0.0000e+00
     -0.724 2.0489e-07    11.7173     92.514      4.325   2.618316    -0.0868     -1.418   907.5276 1.2735e+02     1.5022     -0.710     -1.029     5.2548 0.0000e+00
     -0.724 2.0489e-07    11.7255     92.509      4.459   2.699450    -0.0541     -1.844   907.5045 1.2823e+02     1.6280     -0.710     -1.030     5.2578 0.0000e+00
     -0.724 1.8626e-08    11.7319     92.509      4.742   2.871026    -0.0508     -1.964   907.5896 1.3318e+02     1.5907     -0.710     -1.030     5.2609 0.0000e+00
     -0.724 1.6933e-09    11.7344     92.508      5.030   3.045756    -0.0640     -1.869   907.6958 1.3643e+02     1.4272     -0.710     -1.030     5.2637 0.0000e+00
     -0.724 1.5394e-10    11.7340     92.486      5.122   3.101647    -0.0546     -1.649   907.7564 1.3948e+02     1.3934     -0.710     -1.030     5.2666 0.0000e+00
     -0.724 1.4019e-11    11.7315     92.455      5.019   3.040013    -0.0537     -1.390   907.8058 1.4645e+02     1.3862     -0.710     -1.030     5.2694 0.0000e+00
     -0.724 1.5421e-12    11.7307     92.426      4.844   2.934044    -0.0875     -1.144   907.8626 1.5538e+02     1.3741     -0.710     -1.030     5.2722 0.0000e+00
     -0.724 3.0843e-12    11.7318     92.408      4.679   2.833976    -0.1218     -0.904   907.8407 1.6008e+02     1.4526     -0.710     -1.030     5.2751 0.0000e+00
     -0.724 3.2665e-11    11.7268     92.403      4.485   2.716984    -0.1272     -0.638   907.7992 1.5770e+02     1.5498     -0.710     -1.030     5.2775 0.0000e+00
     -0.724 3.5920e-10    11.7212     92.380      4.285   2.596437    -0.1023     -0.307   907.8773 1.5046e+02     1.6611     -0.710     -1.030     5.2804 0.0000e+00
     -0.724 3.9512e-09    11.7175     92.348      4.153   2.516737    -0.0962      0.085   908.0103 1.3861e+02     1.6709     -0.710     -1.029     5.2827 0.0000e+00
     -0.724 4.3463e-08    11.7122     92.352      4.043   2.450159    -0.1032      0.494   908.0306 1.2658e+02     1.4979     -0.710     -1.029     5.2859 0.0000e+00
     -0.724 4.7810e-07    11.7150     92.396      4.002   2.424930    -0.0786      0.917   907.7795 1.2008e+02     1.2773     -0.710     -1.029     5.2878 0.0000e+00
     -0.724      0.000    11.7090     92.431      4.067   2.465082    -0.0654      1.332   904.9745 1.1668e+02     1.1213     -0.710     -1.030     5.2920 0.0000e+00
     -0.724      0.000    11.7029     92.444      4.215   2.555551    -0.0853      1.732   874.0290 1.1538e+02     1.0463     -0.710     -1.029     5.2923 0.0000e+00
     -0.724      0.001    11.6999     92.460      5.162   3.138698    -0.1026      2.672   534.0502 1.1638e+02     1.2248     -0.710     -1.030     5.2987 0.0000e+00
     -0.724      0.007    11.7112     92.440     14.267   8.755679    -0.1071      4.507    31.5473 1.1897e+02     1.6395     -0.709     -1.029     5.2949 0.0000e+00
     -0.724      0.027    11.7125     92.315     33.392  20.905560    -0.1153      6.305   -55.7686 1.2889e+02     1.8243     -0.711     -1.030     5.3075 0.0000e+00
     -0.724      0.062    11.7151     92.227     47.367  30.549619    -0.1181      7.351    58.2249 1.5481e+02     1.8203     -0.709     -1.028     5.2932 0.0000e+00
     -0.720      0.107    11.7102     92.354     49.855  33.297510     0.1004      7.884    73.9883 1.9633e+02     2.6156     -0.711     -1.031     5.3228 0.0000e+00
     -0.698      0.154    11.7262     92.444     48.643  33.453109     0.5451      8.173    81.9111 2.4004e+02     4.1639     -0.702     -1.017     5.2806 0.0000e+00
     -0.641      0.197    11.5938     92.322     47.653  33.447071     0.8144      8.337    86.9943 2.7514e+02     4.9984     -0.638     -0.924     5.6592 0.0000e+00
     -0.563      0.230    11.1452     92.152     46.978  33.415522     0.8513      8.434    89.5038 2.9879e+02     5.0202     -0.550     -0.797     7.1048 0.0000e+00
     -0.484      0.250    10.7946     92.033     46.474  33.325880     0.8655      8.492    89.7967 3.0970e+02     5.0764     -0.470     -0.683     8.5500 0.0000e+00
     -0.414      0.254    10.5770     91.977     46.077  33.188273     0.8950      8.531    89.4177 3.0550e+02     5.2670     -0.402     -0.584     9.4867 0.0000e+00
     -0.353      0.243    10.3712     91.952     45.756  33.020750     0.9089      8.560    83.6297 2.8640e+02     5.3784     -0.344     -0.499    10.1855 0.0000e+00
     -0.298      0.225    10.2484     91.964     45.566  32.886523     0.9168      8.584    77.5474 2.4316e+02     5.3638     -0.292     -0.423    10.6270 0.0000e+00
     -0.245      0.203    10.1675     92.110     45.581  32.834197     0.9162      8.604    76.1914 1.9497e+02     5.2958     -0.243     -0.352    10.8965 0.0000e+00
     -0.191      0.179    10.1308     92.471     45.687  32.768668     0.8927      8.622    75.4939 1.7752e+02     5.2393     -0.187     -0.271    11.0425 0.0000e+00
     -0.140      0.151    10.1143     92.997     45.786  32.665052     0.8657      8.637    74.8787 1.6819e+02     5.2278     -0.133     -0.192    11.1024 0.0000e+00
     -0.100      0.120    10.1106     93.574     45.895  32.596262     0.8566      8.651    74.3453 1.5357e+02     5.1904     -0.092     -0.134    11.1041 0.0000e+00
     -0.075      0.087    10.1321     94.089     45.908  32.507755     0.8746      8.663    74.1208 1.4445e+02     5.0947     -0.070     -0.101    11.0567 0.0000e+00
     -0.064      0.057    10.2195     94.499     45.771  32.356129     0.8998      8.672    74.0568 1.3854e+02     5.0617     -0.059     -0.086    10.8719 0.0000e+00
     -0.061      0.033    10.3352     94.850     45.621  32.222049     0.9280      8.679    73.8299 1.3478e+02     5.2008     -0.057     -0.085    10.6514 0.0000e+00
     -0.060      0.017    10.4425     95.137     45.550  32.155401     0.9580      8.687    73.5287 1.3439e+02     5.3753     -0.059     -0.086    10.4913 0.0000e+00
     -0.059      0.008    10.5306     95.319     45.514  32.121252     0.9623      8.694    73.2546 1.3676e+02     5.3614     -0.058     -0.084    10.3838 0.0000e+00
     -0.058      0.003    10.5828     95.398     45.433  32.062909     0.9468      8.701    72.9240 1.3704e+02     5.1698     -0.056     -0.082    10.3325 0.0000e+00
     -0.055     -0.003    10.6300     95.403     45.284  31.957493     0.9368      8.708    72.5430 1.3459e+02     5.0063     -0.054     -0.078    10.3104 0.0000e+00
     -0.054     -0.012    10.6690     95.381     45.245  31.925161     0.9413      8.714    72.1759 1.3152e+02     5.0243     -0.052     -0.075    10.2916 0.0000e+00
     -0.055     -0.022    10.6912     95.353     45.522  32.116055     0.9600      8.719    71.8416 1.3293e+02     5.1477     -0.052     -0.076    10.2806 0.0000e+00
     -0.060     -0.027    10.6993     95.310     45.845  32.362360     0.9376      8.724    71.5121 1.4133e+02     5.1999     -0.055     -0.081    10.2825 0.0000e+00
     -0.073     -0.027    10.6957     95.216     45.862  32.429046     0.8709      8.728    71.2886 1.5235e+02     5.2116     -0.068     -0.097    10.2857 0.0000e+00
     -0.093     -0.020    10.6946     95.079     45.644  32.351445     0.8355      8.732    71.1188 1.6041e+02     5.2555     -0.095     -0.137    10.2812 0.0000e+00
     -0.105     -0.009    10.6954     94.945     45.299  32.185469     0.8352      8.737    70.8357 1.6361e+02     5.2869     -0.112     -0.163    10.2622 0.0000e+00
     -0.101      0.002    10.6902     94.830     44.956  32.008342     0.8416      8.741    70.5329 1.5944e+02     5.2829     -0.101     -0.147    10.2758 0.0000e+00
