Data/DataNotYetUploadedToEDI/Raw_CTD/RawDownloads/111025_fcr30_S7809006.cnv
* Sea-Bird SBE19plus  Data File:
* FileName = C:\R\Reservoirs\Data\DataNotYetUploadedToEDI\Raw_CTD\RawDownloads\102725_fcr50_S7809_0006.hex
* Software version 2.8.0.119
* Temperature SN = 7809
* Conductivity SN = 7809
* System UpLoad Time = Nov 13 2025 15:24:27
* <ApplicationData>
* <Seaterm232>
# nquan = 15
# nvalues = 865                         
# units = specified
# name 0 = depFM: Depth [fresh water, m]
# name 1 = dz/dtM: Descent Rate [m/s]
# name 2 = sbeox0Mg/L: Oxygen, SBE 43 [mg/l]
# name 3 = sbeox0PS: Oxygen, SBE 43 [% saturation]
# name 4 = specc: Specific Conductance [uS/cm]
# name 5 = c0uS/cm: Conductivity [uS/cm]
# name 6 = flECO-AFL: Fluorescence, WET Labs ECO-AFL/FL [mg/m^3]
# name 7 = ph: pH
# name 8 = orp: Oxidation Reduction Potential [mV]
# name 9 = par/sat/log: PAR/Logarithmic, Satlantic
# name 10 = turbWETntu0: Turbidity, WET Labs ECO [NTU]
# name 11 = prdM: Pressure, Strain Gauge [db]
# name 12 = prdE: Pressure, Strain Gauge [psi]
# name 13 = tv290C: Temperature [ITS-90, deg C]
# name 14 = flag:  0.000e+00
# span 0 =     -0.725,      5.153       
# span 1 =     -0.188,      0.254       
# span 2 =     5.7059,    11.8140       
# span 3 =     51.898,     99.465       
# span 4 =      2.489,     49.855       
# span 5 =   1.505033,  33.817024       
# span 6 =    -0.1272,     1.3190       
# span 7 =     -1.964,      9.064       
# span 8 =   -55.7686,   915.7720       
# span 9 = 1.3069e-01, 3.1699e+02       
# span 10 =     0.9259,   196.7630      
# span 11 =     -0.712,      5.054      
# span 12 =     -1.032,      7.331      
# span 13 =     5.0366,    11.5366      
# span 14 = 0.0000e+00, 0.0000e+00      
# interval = seconds: 0.25
# start_time = Nov 10 2025 15:24:37 [Instrument's time stamp, header]
# bad_flag = -9.990e-29
*END*
[from data line 193]
      0.077      0.003     6.6585     60.449     46.156  33.630563     0.9317      8.931    72.4849 1.2154e+02     5.1019      0.075      0.108    11.4165 0.0000e+00
      0.077      0.000     6.6499     60.373     46.181  33.650675     0.9523      8.932    72.4749 1.2199e+02     5.1449      0.074      0.108    11.4201 0.0000e+00
      0.079     -0.002     6.6243     60.370     46.188  33.657595     0.9617      8.933    72.4619 1.2065e+02     5.1944      0.078      0.113    11.4230 0.0000e+00
      0.082     -0.002     6.6157     60.366     46.176  33.650799     0.9373      8.934    72.5863 1.1981e+02     5.1191      0.081      0.118    11.4247 0.0000e+00
      0.081     -0.002     6.5973     60.316     46.147  33.631946     0.8986      8.935    72.7741 1.2034e+02     5.0550      0.081      0.117    11.4286 0.0000e+00
      0.077     -0.002     6.5859     60.250     46.128  33.619986     0.8933      8.936    72.8400 1.2168e+02     5.1359      0.076      0.110    11.4316 0.0000e+00
      0.073     -0.002     6.5911     60.202     46.146  33.633082     0.9145      8.937    72.7807 1.2220e+02     5.1404      0.071      0.104    11.4323 0.0000e+00
      0.073     -0.003     6.5922     60.186     46.188  33.663393     0.9385      8.938    72.7447 1.2036e+02     5.0075      0.070      0.102    11.4338 0.0000e+00
      0.076     -0.004     6.5840     60.203     46.197  33.669256     0.9596      8.939    72.7488 1.1909e+02     4.9295      0.074      0.107    11.4371 0.0000e+00
      0.077     -0.004     6.5751     60.233     46.158  33.640522     0.9615      8.939    72.7451 1.1890e+02     4.9830      0.077      0.112    11.4394 0.0000e+00
      0.077     -0.003     6.5699     60.243     46.149  33.633205     0.9616      8.940    72.7855 1.1829e+02     5.1075      0.077      0.111    11.4395 0.0000e+00
      0.073     -0.003     6.5673     60.220     46.164  33.644230     0.9520      8.941    72.8929 1.1910e+02     5.1714      0.071      0.103    11.4390 0.0000e+00
      0.068     -0.002     6.5704     60.163     46.168  33.646934     0.9116      8.941    72.9252 1.2056e+02     5.1745      0.065      0.093    11.4384 0.0000e+00
      0.067     -0.001     6.5757     60.058     46.194  33.665890     0.8812      8.943    72.8326 1.2002e+02     5.1799      0.064      0.094    11.4373 0.0000e+00
      0.070      0.002     6.5773     59.927     46.220  33.683097     0.8843      8.945    72.7189 1.1881e+02     5.2360      0.070      0.102    11.4370 0.0000e+00
      0.073      0.006     6.5734     59.796     46.198  33.664652     0.8914      8.945    72.6698 1.1825e+02     5.3067      0.073      0.105    11.4379 0.0000e+00
      0.075      0.008     6.5698     59.665     46.158  33.633196     0.8834      8.946    72.7548 1.1810e+02     5.2831      0.073      0.106    11.4376 0.0000e+00
      0.077      0.009     6.5562     59.534     46.140  33.619987     0.8704      8.947    72.8862 1.1814e+02     5.2245      0.075      0.109    11.4378 0.0000e+00
      0.078      0.008     6.5408     59.396     46.156  33.631835     0.8758      8.948    72.9683 1.1804e+02     5.2131      0.077      0.111    11.4364 0.0000e+00
      0.081      0.007     6.5281     59.248     46.183  33.649554     0.9077      8.950    73.0591 1.1644e+02     5.2820      0.079      0.114    11.4320 0.0000e+00
      0.084      0.005     6.5130     59.092     46.178  33.643890     0.9311      8.951    73.1230 1.1487e+02     5.3056      0.083      0.121    11.4291 0.0000e+00
      0.086      0.003     6.5003     58.928     46.157  33.626796     0.9252      8.951    73.1386 1.1543e+02     5.1561      0.086      0.125    11.4295 0.0000e+00
      0.086      0.002     6.4840     58.714     46.167  33.633206     0.9033      8.951    73.1622 1.1434e+02     5.0117      0.085      0.123    11.4306 0.0000e+00
      0.084      0.000     6.4694     58.449     46.200  33.657952     0.8913      8.951    73.1503 1.1293e+02     5.0295      0.082      0.118    11.4287 0.0000e+00
      0.083     -0.001     6.4505     58.202     46.219  33.672215     0.8960      8.952    73.0810 1.1387e+02     5.0640      0.081      0.117    11.4251 0.0000e+00
      0.084     -0.001     6.4369     58.030     46.225  33.678773     0.9025      8.953    73.0122 1.1412e+02     5.0524      0.082      0.119    11.4229 0.0000e+00
      0.084      0.000     6.4140     57.927     46.214  33.673801     0.9028      8.953    73.0068 1.1392e+02     5.0599      0.083      0.120    11.4228 0.0000e+00
      0.084 -1.842e-08     6.3806     57.874     46.211  33.675545     0.8921      8.954    73.1023 1.1341e+02     4.9835      0.083      0.121    11.4235 0.0000e+00
      0.084 -2.026e-07     6.3515     57.912     46.240  33.699862     0.8977      8.954    73.2194 1.1258e+02     4.9490      0.083      0.120    11.4242 0.0000e+00
      0.084 -1.995e-07     6.3320     58.027     46.254  33.714033     0.9119      8.954    73.2186 1.1220e+02     5.0185      0.082      0.120    11.4258 0.0000e+00
      0.084 1.8810e-08     6.3243     58.180     46.257  33.719999     0.9057      8.956    73.1782 1.1120e+02     5.0036      0.081      0.119    11.4295 0.0000e+00
      0.084 4.0813e-07     6.3125     58.378     46.238  33.708562     0.8973      8.957    73.2477 1.1069e+02     4.9399      0.082      0.118    11.4337 0.0000e+00
      0.084      0.000     6.3178     58.597     46.228  33.702649     0.9030      8.957    73.3704 1.1075e+02     4.9319      0.082      0.120    11.4370 0.0000e+00
      0.084      0.000     6.3335     58.823     46.239  33.711946     0.9247      8.958    73.3706 1.1035e+02     5.0091      0.082      0.120    11.4416 0.0000e+00
      0.084      0.001     6.3458     59.060     46.213  33.694083     0.9264      8.959    73.2511 1.1074e+02     5.0531      0.082      0.119    11.4468 0.0000e+00
      0.084      0.001     6.3704     59.285     46.189  33.677013     0.8983      8.960    73.1293 1.1119e+02     4.9864      0.082      0.119    11.4491 0.0000e+00
      0.084      0.001     6.3939     59.471     46.213  33.695885     0.8758      8.961    73.0164 1.1074e+02     4.9543      0.082      0.119    11.4499 0.0000e+00
      0.085      0.001     6.4175     59.601     46.259  33.731923     0.8627      8.962    72.9192 1.1081e+02     5.0399      0.083      0.121    11.4514 0.0000e+00
      0.086      0.001     6.4449     59.669     46.255  33.732080     0.8572      8.962    72.8146 1.1106e+02     5.1343      0.084      0.122    11.4523 0.0000e+00
      0.086      0.000     6.4700     59.684     46.205  33.697785     0.8500      8.962    72.6977 1.1017e+02     5.1047      0.084      0.122    11.4527 0.0000e+00
      0.085 1.8628e-08     6.4915     59.673     46.203  33.697942     0.8339      8.963    72.6250 1.0973e+02     4.9897      0.083      0.121    11.4538 0.0000e+00
      0.084 2.0490e-07     6.5048     59.623     46.249  33.733981     0.8376      8.965    72.6235 1.1029e+02     4.9735      0.083      0.120    11.4569 0.0000e+00
      0.084 2.0490e-07     6.5124     59.543     46.274  33.752857     0.8614      8.966    72.6799 1.1009e+02     5.0795      0.083      0.120    11.4605 0.0000e+00
      0.084 1.8627e-08     6.5107     59.506     46.251  33.735839     0.8718      8.967    72.7901 1.1058e+02     5.1444      0.083      0.120    11.4626 0.0000e+00
      0.084 1.6934e-09     6.5105     59.501     46.229  33.718551     0.8637      8.967    72.8378 1.1063e+02     5.1089      0.083      0.120    11.4648 0.0000e+00
      0.085 1.5395e-10     6.5066     59.468     46.252  33.734156     0.8377      8.967    72.7406 1.0874e+02     5.1281      0.083      0.121    11.4674 0.0000e+00
      0.085 1.3995e-11     6.4909     59.398     46.253  33.734195     0.8241      8.968    72.6471 1.0808e+02     5.2742      0.083      0.121    11.4681 0.0000e+00
      0.085 1.2723e-12     6.4890     59.276     46.231  33.719023     0.8490      8.968    72.5675 1.0899e+02     5.3040      0.083      0.121    11.4673 0.0000e+00
      0.085 1.1566e-13     6.4929     59.132     46.260  33.741043     0.8724      8.969    72.4666 1.0939e+02     5.2492      0.083      0.121    11.4666 0.0000e+00
      0.084 1.0515e-14     6.4870     59.035     46.267  33.746653     0.8739      8.970    72.4591 1.0905e+02     5.2262      0.083      0.120    11.4650 0.0000e+00
      0.084 9.5590e-16     6.4823     58.985     46.235  33.723413     0.8754      8.971    72.4767 1.0889e+02     5.1286      0.082      0.119    11.4636 0.0000e+00
      0.084 8.6900e-17     6.4675     58.955     46.220  33.713831     0.8987      8.971    72.4220 1.0930e+02     5.0946      0.082      0.119    11.4649 0.0000e+00
      0.085 7.9010e-18     6.4467     58.940     46.190  33.694239     0.9311      8.972    72.3130 1.0930e+02     5.1218      0.083      0.121    11.4665 0.0000e+00
      0.085 7.3002e-19     6.4375     58.953     46.164  33.676872     0.9345      8.973    72.2782 1.0845e+02     5.0475      0.084      0.122    11.4671 0.0000e+00
      0.085 1.9577e-19     6.4336     59.020     46.187  33.694182     0.9065      8.973    72.4307 1.0825e+02     4.9478      0.083      0.121    11.4672 0.0000e+00
      0.085 1.4412e-18     6.4298     59.140     46.213  33.713200     0.8844      8.974    72.5224 1.0800e+02     4.9413      0.083      0.121    11.4686 0.0000e+00
      0.084 1.5789e-17     6.4276     59.268     46.218  33.716475     0.8920      8.975    72.4407 1.0781e+02     5.0025      0.082      0.119    11.4709 0.0000e+00
      0.084 1.7367e-16     6.4273     59.372     46.243  33.733783     0.8982      8.975    72.3888 1.0789e+02     5.0053      0.082      0.120    11.4727 0.0000e+00
      0.084 1.9103e-15     6.4343     59.443     46.242  33.732133     0.8845      8.976    72.4111 1.0837e+02     4.9399      0.083      0.121    11.4737 0.0000e+00
      0.084 2.1014e-14     6.4498     59.484     46.193  33.696526     0.8842      8.977    72.3668 1.0898e+02     4.9644      0.083      0.120    11.4735 0.0000e+00
      0.085 2.3115e-13     6.4652     59.524     46.175  33.683927     0.9035      8.977    72.2837 1.0828e+02     5.0968      0.083      0.121    11.4721 0.0000e+00
      0.085 2.5427e-12     6.4766     59.560     46.205  33.706698     0.9185      8.977    72.2662 1.0842e+02     5.1736      0.082      0.121    11.4711 0.0000e+00
      0.085 2.7969e-11     6.4849     59.555     46.220  33.718064     0.9066      8.978    72.1553 1.0870e+02     5.1081      0.083      0.119    11.4709 0.0000e+00
      0.085 3.0766e-10     6.4875     59.515     46.188  33.694474     0.8763      8.979    71.9753 1.0770e+02     4.9881      0.084      0.120    11.4707 0.0000e+00
      0.084 3.3843e-09     6.4911     59.483     46.161  33.675248     0.8773      8.979    71.9833 1.0756e+02     4.9861      0.083      0.121    11.4710 0.0000e+00
      0.084 3.7227e-08     6.4987     59.481     46.161  33.675939     0.9102      8.980    72.0796 1.0777e+02     5.0836      0.083      0.120    11.4721 0.0000e+00
      0.084 4.0950e-07     6.4966     59.470     46.197  33.702834     0.9237      8.981    72.1066 1.0740e+02     5.1772      0.082      0.119    11.4728 0.0000e+00
      0.084      0.000     6.4907     59.423     46.258  33.746654     0.8996      8.981    72.1383 1.0680e+02     5.2301      0.082      0.119    11.4725 0.0000e+00
      0.084      0.000     6.4851     59.376     46.281  33.761640     0.8763      8.983    72.1178 1.0559e+02     5.2438      0.082      0.120    11.4729 0.0000e+00
      0.084      0.001     6.4873     59.354     46.276  33.757131     0.8923      8.984    72.1174 1.0569e+02     5.2742      0.082      0.120    11.4744 0.0000e+00
      0.085      0.001     6.4885     59.342     46.275  33.755586     0.9096      8.984    72.1330 1.0650e+02     5.2224      0.083      0.121    11.4747 0.0000e+00
      0.085      0.001     6.4798     59.300     46.258  33.742965     0.9025      8.984    72.0492 1.0609e+02     5.0617      0.084      0.120    11.4741 0.0000e+00
      0.085      0.000     6.4749     59.228     46.242  33.731412     0.8980      8.984    72.0497 1.0513e+02     4.9367      0.083      0.121    11.4726 0.0000e+00
      0.085 1.8614e-08     6.4726     59.168     46.258  33.742791     0.8883      8.985    72.0537 1.0502e+02     4.9401      0.084      0.122    11.4707 0.0000e+00
      0.085 2.0475e-07     6.4742     59.143     46.273  33.753664     0.8847      8.985    72.0116 1.0523e+02     5.1372      0.084      0.121    11.4696 0.0000e+00
      0.085 2.0478e-07     6.4698     59.141     46.248  33.735984     0.8963      8.986    72.0563 1.0411e+02     5.3039      0.083      0.121    11.4696 0.0000e+00
      0.085 1.8919e-08     6.4588     59.144     46.224  33.719357     0.8870      8.987    72.0782 1.0279e+02     5.2482      0.083      0.120    11.4697 0.0000e+00
      0.085 5.0510e-09     6.4520     59.163     46.254  33.742962     0.8722      8.987    72.0179 1.0249e+02     5.1811      0.084      0.121    11.4696 0.0000e+00
      0.085 3.7101e-08     6.4495     59.214     46.284  33.767606     0.8844      8.988    72.0158 1.0279e+02     5.2441      0.083      0.121    11.4697 0.0000e+00
      0.084 4.0644e-07     6.4510     59.279     46.274  33.763554     0.9097      8.989    72.1383 1.0209e+02     5.3602      0.083      0.120    11.4696 0.0000e+00
      0.084      0.000     6.4501     59.320     46.263  33.757423     0.9120      8.990    72.2090 1.0199e+02     5.3564      0.083      0.120    11.4706 0.0000e+00
      0.084      0.000     6.4508     59.331     46.262  33.756917     0.8875      8.990    72.1830 1.0223e+02     5.2319      0.083      0.120    11.4725 0.0000e+00
      0.085      0.001     6.4564     59.332     46.263  33.757438     0.8875      8.990    72.0819 1.0083e+02     5.2214      0.083      0.121    11.4763 0.0000e+00
      0.085      0.001     6.4654     59.327     46.273  33.763726     0.9115      8.991    71.9332 1.0091e+02     5.2975      0.083      0.121    11.4803 0.0000e+00
      0.086      0.000     6.4697     59.324     46.282  33.769492     0.9202      8.992    71.8467 1.0158e+02     5.2639      0.084      0.122    11.4817 0.0000e+00
      0.086      0.000     6.4691     59.323     46.275  33.763709     0.9179      8.993    71.8117 1.0057e+02     5.1570      0.084      0.122    11.4817 0.0000e+00
      0.086      0.000     6.4705     59.307     46.267  33.757251     0.9080      8.993    71.7678 9.9790e+01     5.0638      0.084      0.122    11.4808 0.0000e+00
      0.085      0.001     6.4690     59.285     46.265  33.754858     0.9007      8.993    71.7462 1.0011e+02     5.0591      0.083      0.121    11.4798 0.0000e+00
      0.084      0.002     6.4687     59.280     46.239  33.734772     0.9131      8.993    71.8085 1.0045e+02     5.0663      0.082      0.118    11.4792 0.0000e+00
      0.085      0.002     6.4698     59.244     46.200  33.704724     0.9329      8.993    71.8328 9.9283e+01     5.0147      0.083      0.120    11.4787 0.0000e+00
      0.087      0.002     6.4686     59.164     46.206  33.708775     0.9236      8.993    71.7818 9.8031e+01     5.0151      0.086      0.125    11.4785 0.0000e+00
      0.088      0.002     6.4623     59.087     46.223  33.720311     0.8831      8.994    71.7942 9.8057e+01     5.0370      0.088      0.127    11.4776 0.0000e+00
      0.088      0.001     6.4668     59.015     46.221  33.717308     0.8598      8.994    71.8107 9.7732e+01     5.0746      0.087      0.126    11.4753 0.0000e+00
      0.088      0.000     6.4642     58.931     46.250  33.735913     0.8668      8.995    71.7229 9.6938e+01     5.0946      0.086      0.125    11.4738 0.0000e+00
      0.088 -3.725e-08     6.4504     58.799     46.278  33.754917     0.8599      8.997    71.6789 9.6161e+01     5.0397      0.086      0.125    11.4737 0.0000e+00
      0.087 -4.098e-07     6.4447     58.601     46.281  33.756748     0.8263      8.997    71.7088 9.6072e+01     4.9907      0.085      0.124    11.4734 0.0000e+00
