Data/DataNotYetUploadedToEDI/Raw_CTD/RawDownloads/111020_bvr50.cnv
* Sea-Bird SBE19plus  Data File:
* FileName = C:\DATA\111020_bvr50_0002.hex
* Software version 2.8.0.119
* Temperature SN = 7809
* Conductivity SN = 7809
* System UpLoad Time = Nov 10 2020 10:50:16
* <ApplicationData>
* <Seaterm232>
# nquan = 16
# nvalues = 2412                        
# units = specified
# name 0 = depFM: Depth [fresh water, m]
# name 1 = dz/dtM: Descent Rate [m/s]
# name 2 = orp: Oxidation Reduction Potential [mV]
# name 3 = sbeox0Mg/L: Oxygen, SBE 43 [mg/l]
# name 4 = sbeox0PS: Oxygen, SBE 43 [% saturation]
# name 5 = par/sat/log: PAR/Logarithmic, Satlantic
# name 6 = ph: pH
# name 7 = specc: Specific Conductance [uS/cm]
# name 8 = c0uS/cm: Conductivity [uS/cm]
# name 9 = flECO-AFL: Fluorescence, WET Labs ECO-AFL/FL [mg/m^3]
# name 10 = turbWETntu0: Turbidity, WET Labs ECO [NTU]
# name 11 = tv290C: Temperature [ITS-90, deg C]
# name 12 = density00: Density [density, kg/m^3]
# name 13 = prdE: Pressure, Strain Gauge [psi]
# name 14 = prdM: Pressure, Strain Gauge [db]
# name 15 = flag:  0.000e+00
# span 0 =     -0.683,     10.480       
# span 1 =     -0.304,      0.300       
# span 2 =   158.0757,  1240.2295       
# span 3 =     2.7232,     9.7917       
# span 4 =     24.908,     95.038       
# span 5 = 1.2353e-01, 2.6148e+02       
# span 6 =     15.687,     16.150       
# span 7 =      0.743,     44.840       
# span 8 =   0.634438,  36.246434       
# span 9 =    -1.0058,     8.5519       
# span 10 =    -0.3158,    71.2818      
# span 11 =    11.2794,    17.7440      
# span 12 =   998.6476,   999.6439      
# span 13 =     -0.972,     14.907      
# span 14 =     -0.670,     10.278      
# span 15 = 0.0000e+00, 0.0000e+00      
# interval = seconds: 0.25
# start_time = Nov 09 2020 21:54:09 [Instrument's time stamp, header]
# bad_flag = -9.990e-29
*END*
[from data line 2080]
      4.807     -0.076   265.8122     6.2365     57.513 1.2374e-01     15.859     29.983  22.024503     2.9712     6.9143    11.7242   999.5660      6.837      4.714 0.0000e+00
      4.790     -0.076   265.7707     6.2230     57.514 1.2368e-01     15.859     29.982  22.024560     2.9501     6.8825    11.7235   999.5660      6.811      4.696 0.0000e+00
      4.772     -0.076   265.6098     6.2215     57.504 1.2368e-01     15.859     29.981  22.024615     3.0356     6.9323    11.7233   999.5659      6.788      4.680 0.0000e+00
      4.752     -0.074   265.9323     6.2360     57.520 1.2367e-01     15.859     29.980  22.025178     3.1941     7.0358    11.7241   999.5658      6.760      4.661 0.0000e+00
      4.729     -0.071   266.4862     6.2372     57.581 1.2370e-01     15.859     29.983  22.031363     3.2735     7.0688    11.7259   999.5655      6.727      4.638 0.0000e+00
      4.708     -0.068   266.3702     6.2375     57.676 1.2372e-01     15.858     29.981  22.035984     3.2892     7.0563    11.7271   999.5652      6.694      4.615 0.0000e+00
      4.691     -0.066   265.9072     6.2337     57.762 1.2367e-01     15.857     29.949  22.017640     3.3085     7.0571    11.7276   999.5651      6.669      4.598 0.0000e+00
      4.680     -0.065   265.8779     6.2352     57.797 1.2366e-01     15.857     29.924  21.999820     3.3443     7.0445    11.7280   999.5650      6.657      4.590 0.0000e+00
      4.669     -0.065   265.9298     6.2410     57.825 1.2370e-01     15.858     29.941  22.010783     3.3695     6.9721    11.7344   999.5643      6.645      4.582 0.0000e+00
      4.651     -0.066   265.8464     6.2509     57.925 1.2372e-01     15.858     29.961  22.023361     3.3648     6.8687    11.7484   999.5627      6.618      4.563 0.0000e+00
      4.631     -0.068   265.9018     6.2623     58.130 1.2372e-01     15.857     29.964  22.025062     3.4209     6.8582    11.7582   999.5615      6.584      4.539 0.0000e+00
      4.611     -0.072   265.6538     6.2630     58.431 1.2368e-01     15.857     29.972  22.031350     3.5514     6.9487    11.7585   999.5613      6.557      4.521 0.0000e+00
      4.592     -0.075   265.2559     6.2628     58.799 1.2366e-01     15.857     29.978  22.035971     3.6269     7.0011    11.7541   999.5617      6.533      4.504 0.0000e+00
      4.575     -0.075   265.2216     6.2735     59.174 1.2371e-01     15.857     29.952  22.017514     3.6288     6.9421    11.7499   999.5621      6.506      4.485 0.0000e+00
      4.557     -0.071   265.7550     6.2965     59.449 1.2374e-01     15.856     29.926  21.998436     3.6122     6.8533    11.7489   999.5621      6.484      4.470 0.0000e+00
      4.536     -0.066   266.6290     6.3296     59.497 1.2375e-01     15.856     29.921  21.995559     3.5404     6.8891    11.7494   999.5620      6.453      4.448 0.0000e+00
      4.515     -0.061   266.6682     6.3725     59.371 1.2369e-01     15.856     29.903  21.982733     3.4289     7.0654    11.7497   999.5618      6.415      4.424 0.0000e+00
      4.500     -0.058   265.9717     6.4146     59.225 1.2364e-01     15.857     29.885  21.970192     3.3703     7.1654    11.7514   999.5615      6.396      4.410 0.0000e+00
      4.493     -0.057   265.8644     6.4545     59.145 1.2369e-01     15.857     29.886  21.970754     3.3564     7.1036    11.7528   999.5614      6.391      4.406 0.0000e+00
      4.484     -0.056   266.1456     6.4550     59.153 1.2370e-01     15.857     29.912  21.989527     3.3939     7.0041    11.7534   999.5612      6.383      4.401 0.0000e+00
      4.469     -0.056   266.2743     6.4327     59.191 1.2363e-01     15.857     29.936  22.006926     3.4900     6.9244    11.7546   999.5610      6.359      4.384 0.0000e+00
      4.449     -0.059   266.3023     6.4158     59.219 1.2361e-01     15.858     29.915  21.990878     3.5458     6.8951    11.7551   999.5609      6.324      4.360 0.0000e+00
      4.431     -0.064   265.8818     6.4042     59.255 1.2369e-01     15.858     29.909  21.985733     3.5533     6.8899    11.7546   999.5608      6.301      4.344 0.0000e+00
      4.418     -0.068   265.4918     6.4095     59.290 1.2376e-01     15.858     29.939  22.008137     3.6477     6.8960    11.7540   999.5609      6.285      4.333 0.0000e+00
      4.404     -0.070   265.5447     6.4160     59.314 1.2383e-01     15.858     29.938  22.008100     3.8379     6.9340    11.7531   999.5609      6.265      4.319 0.0000e+00
      4.386     -0.070   265.7475     6.4164     59.325 1.2389e-01     15.858     29.907  21.985288     3.9456     6.9371    11.7521   999.5610      6.241      4.303 0.0000e+00
      4.363     -0.070   265.8787     6.4217     59.300 1.2381e-01     15.857     29.908  21.985974     3.9491     6.8996    11.7520   999.5609      6.206      4.279 0.0000e+00
      4.340     -0.070   265.7537     6.4266     59.257 1.2367e-01     15.857     29.949  22.016395     3.9278     6.8581    11.7524   999.5607      6.169      4.253 0.0000e+00
      4.322     -0.068   265.6127     6.4265     59.182 1.2357e-01     15.857     29.974  22.036029     3.8976     6.8824    11.7535   999.5605      6.146      4.236 0.0000e+00
      4.309     -0.065   265.6366     6.4322     59.077 1.2357e-01     15.857     29.967  22.033122     3.8890     6.9867    11.7544   999.5603      6.129      4.226 0.0000e+00
      4.295     -0.061   265.8710     6.4253     58.995 1.2366e-01     15.857     29.980  22.044670     3.8911     6.9864    11.7543   999.5603      6.111      4.214 0.0000e+00
      4.279     -0.059   266.0383     6.4229     58.927 1.2373e-01     15.856     29.981  22.048830     3.8754     6.8784    11.7537   999.5603      6.087      4.197 0.0000e+00
      4.263     -0.060   266.1108     6.4160     58.892 1.2373e-01     15.855     29.937  22.019995     3.8132     6.8486    11.7550   999.5601      6.062      4.180 0.0000e+00
      4.249     -0.061   266.3171     6.3980     58.917 1.2372e-01     15.855     29.925  22.013120     3.7204     6.9008    11.7586   999.5596      6.044      4.167 0.0000e+00
      4.235     -0.061   266.2951     6.3926     58.996 1.2370e-01     15.856     29.946  22.029129     3.6697     6.9260    11.7627   999.5591      6.025      4.154 0.0000e+00
      4.218     -0.062   266.0161     6.3826     59.121 1.2365e-01     15.857     29.938  22.023303     3.6382     6.8782    11.7686   999.5584      6.000      4.137 0.0000e+00
      4.201     -0.064   266.0419     6.3755     59.246 1.2360e-01     15.857     29.916  22.006088     3.5686     6.8380    11.7748   999.5575      5.974      4.119 0.0000e+00
      4.186     -0.064   266.4349     6.3803     59.345 1.2357e-01     15.857     29.926  22.011233     3.5056     6.8865    11.7783   999.5571      5.954      4.105 0.0000e+00
      4.169     -0.064   266.4655     6.3865     59.431 1.2357e-01     15.857     29.942  22.022097     3.4968     6.9491    11.7799   999.5569      5.932      4.090 0.0000e+00
      4.151     -0.065   266.2405     6.4030     59.507 1.2364e-01     15.857     29.923  22.010615     3.5000     6.9433    11.7803   999.5567      5.902      4.070 0.0000e+00
      4.135     -0.067   266.2091     6.4196     59.628 1.2370e-01     15.856     29.903  21.999235     3.5345     6.9196    11.7775   999.5570      5.879      4.054 0.0000e+00
      4.122     -0.070   266.0005     6.4265     59.764 1.2372e-01     15.856     29.915  22.011346     3.6285     6.9372    11.7727   999.5575      5.865      4.044 0.0000e+00
      4.105     -0.072   265.7829     6.4411     59.860 1.2372e-01     15.856     29.937  22.030213     3.6922     6.9842    11.7706   999.5577      5.843      4.027 0.0000e+00
      4.083     -0.073   265.9019     6.4413     59.914 1.2367e-01     15.856     29.946  22.037112     3.7037     7.0075    11.7745   999.5571      5.809      4.004 0.0000e+00
      4.061     -0.072   266.2349     6.4568     59.913 1.2365e-01     15.856     29.939  22.031346     3.7768     6.9776    11.7810   999.5562      5.776      3.983 0.0000e+00
      4.040     -0.070   266.4525     6.4752     59.940 1.2368e-01     15.856     29.928  22.023913     3.9280     6.9326    11.7878   999.5554      5.745      3.961 0.0000e+00
      4.023     -0.066   266.2959     6.4798     60.045 1.2368e-01     15.856     29.908  22.010654     4.0155     6.9101    11.7927   999.5548      5.718      3.942 0.0000e+00
      4.008     -0.060   266.3204     6.4929     60.189 1.2365e-01     15.856     29.887  21.997867     4.0148     6.8762    11.7925   999.5547      5.700      3.930 0.0000e+00
      3.996     -0.055   266.4910     6.4842     60.306 1.2366e-01     15.856     29.882  21.996137     3.9858     6.8313    11.7907   999.5549      5.684      3.919 0.0000e+00
      3.983     -0.052   266.2934     6.4864     60.333 1.2369e-01     15.856     29.872  21.989742     3.9506     6.8140    11.7909   999.5548      5.665      3.907 0.0000e+00
      3.969     -0.051   266.3400     6.5000     60.327 1.2374e-01     15.855     29.863  21.983967     3.9418     6.8388    11.7940   999.5544      5.645      3.892 0.0000e+00
      3.956     -0.051   266.5389     6.5159     60.358 1.2377e-01     15.855     29.872  21.989731     3.9557     6.8903    11.7989   999.5537      5.626      3.879 0.0000e+00
      3.945     -0.052   266.4602     6.5335     60.372 1.2374e-01     15.856     29.882  21.996021     3.9572     6.8873    11.8024   999.5533      5.612      3.870 0.0000e+00
      3.933     -0.054   266.4210     6.5325     60.350 1.2372e-01     15.856     29.883  21.996602     3.9693     6.8715    11.8040   999.5530      5.594      3.857 0.0000e+00
      3.918     -0.057   266.3236     6.5252     60.359 1.2375e-01     15.856     29.883  21.996753     4.0349     6.9405    11.8053   999.5528      5.573      3.842 0.0000e+00
      3.903     -0.061   266.2296     6.5352     60.438 1.2373e-01     15.856     29.885  21.997849     4.0928     6.9995    11.8044   999.5529      5.552      3.828 0.0000e+00
      3.887     -0.062   266.4026     6.5383     60.576 1.2364e-01     15.856     29.901  22.009856     4.0873     6.9326    11.8022   999.5531      5.529      3.812 0.0000e+00
      3.870     -0.062   266.6084     6.5299     60.669 1.2363e-01     15.855     29.907  22.015096     3.9587     6.8525    11.8013   999.5531      5.505      3.796 0.0000e+00
      3.852     -0.063   266.7386     6.5326     60.662 1.2371e-01     15.855     29.882  21.997792     3.7391     6.8557    11.8011   999.5530      5.478      3.777 0.0000e+00
      3.835     -0.064   267.0311     6.5375     60.633 1.2376e-01     15.855     29.871  21.990884     3.6256     6.9025    11.8010   999.5529      5.452      3.759 0.0000e+00
      3.822     -0.066   267.0467     6.5601     60.636 1.2375e-01     15.855     29.875  21.994981     3.6262     6.9377    11.8018   999.5528      5.436      3.748 0.0000e+00
      3.808     -0.071   266.4978     6.5730     60.657 1.2370e-01     15.855     29.859  21.983914     3.5946     6.9034    11.8033   999.5526      5.418      3.736 0.0000e+00
      3.790     -0.075   266.1589     6.5661     60.707 1.2366e-01     15.855     29.857  21.983913     3.5289     6.8996    11.8052   999.5522      5.391      3.717 0.0000e+00
      3.770     -0.077   266.4767     6.5602     60.794 1.2365e-01     15.856     29.871  21.994969     3.5097     6.9607    11.8066   999.5520      5.364      3.698 0.0000e+00
      3.746     -0.076   266.8128     6.5631     60.881 1.2368e-01     15.856     29.865  21.990769     3.5239     6.9900    11.8082   999.5518      5.331      3.676 0.0000e+00
      3.720     -0.074   266.7811     6.5640     60.934 1.2373e-01     15.855     29.872  21.996534     3.6714     6.9447    11.8101   999.5514      5.287      3.645 0.0000e+00
      3.699     -0.071   266.9534     6.5669     60.905 1.2376e-01     15.855     29.877  22.001267     3.9589     6.8584    11.8113   999.5511      5.255      3.624 0.0000e+00
      3.688     -0.066   267.2612     6.5811     60.877 1.2376e-01     15.854     29.852  21.984582     4.1297     6.8744    11.8127   999.5510      5.247      3.618 0.0000e+00
      3.677     -0.063   267.1473     6.5874     60.968 1.2374e-01     15.854     29.851  21.985041     4.1536     6.9664    11.8143   999.5507      5.235      3.610 0.0000e+00
      3.661     -0.062   266.8673     6.5997     61.122 1.2376e-01     15.855     29.878  22.006814     4.0369     6.9757    11.8159   999.5505      5.205      3.589 0.0000e+00
      3.644     -0.064   266.8867     6.5915     61.237 1.2377e-01     15.855     29.858  21.994179     3.8069     6.9181    11.8177   999.5502      5.182      3.573 0.0000e+00
      3.628     -0.068   267.0375     6.5790     61.293 1.2373e-01     15.855     29.808  21.959102     3.6904     6.8877    11.8196   999.5499      5.163      3.560 0.0000e+00
      3.608     -0.069   266.8843     6.5950     61.321 1.2409e-01     15.854     29.812  21.963197     3.6962     6.9173    11.8219   999.5495      5.132      3.538 0.0000e+00
      3.588     -0.067   266.6684     6.6150     61.363 1.2466e-01     15.854     29.834  21.980283     3.6959     6.9333    11.8248   999.5491      5.101      3.517 0.0000e+00
      3.570     -0.062   267.0949     6.6278     61.470 1.2456e-01     15.854     29.828  21.975444     3.7539     6.8746    11.8288   999.5486      5.078      3.501 0.0000e+00
      3.555     -0.057   267.6531     6.6306     61.606 1.2500e-01     15.854     29.818  21.968106     3.9002     6.8247    11.8317   999.5482      5.056      3.486 0.0000e+00
      3.541     -0.053   267.3943     6.6341     61.739 1.2585e-01     15.855     29.800  21.954979     3.9959     6.8797    11.8332   999.5479      5.035      3.472 0.0000e+00
      3.530     -0.054   266.8921     6.6329     61.884 1.2660e-01     15.856     29.784  21.943554     4.0156     6.9556    11.8346   999.5477      5.019      3.460 0.0000e+00
      3.523     -0.057   266.9146     6.6479     61.972 1.2900e-01     15.856     29.803  21.956794     4.0434     6.9182    11.8350   999.5477      5.013      3.456 0.0000e+00
      3.512     -0.061   267.3223     6.6660     61.996 1.3293e-01     15.856     29.845  21.988239     4.0931     6.8400    11.8348   999.5477      5.002      3.449 0.0000e+00
      3.492     -0.066   267.4342     6.6744     61.995 1.3376e-01     15.855     29.870  22.006678     4.1212     6.8347    11.8345   999.5476      4.970      3.426 0.0000e+00
      3.467     -0.070   266.9761     6.6986     61.990 1.3263e-01     15.855     29.846  21.989487     4.1345     6.8878    11.8342   999.5475      4.928      3.398 0.0000e+00
      3.447     -0.072   266.7743     6.7058     61.964 1.3668e-01     15.856     29.820  21.970629     4.1868     6.8992    11.8340   999.5474      4.900      3.378 0.0000e+00
      3.431     -0.067   267.2317     6.7065     61.880 1.5086e-01     15.856     29.817  21.968916     4.2676     6.8684    11.8342   999.5474      4.883      3.367 0.0000e+00
      3.414     -0.059   267.5158     6.7064     61.820 1.6435e-01     15.856     29.816  21.968773     4.3200     6.8934    11.8352   999.5472      4.859      3.350 0.0000e+00
      3.397     -0.054   267.2839     6.7037     61.814 1.6281e-01     15.856     29.816  21.968906     4.3330     6.9264    11.8359   999.5470      4.826      3.328 0.0000e+00
      3.386     -0.054   267.0951     6.7082     61.795 1.5847e-01     15.856     29.818  21.970516     4.2728     6.8902    11.8364   999.5469      4.811      3.317 0.0000e+00
      3.379     -0.057   267.0398     6.6903     61.766 1.5514e-01     15.855     29.842  21.988241     4.1457     6.8333    11.8371   999.5468      4.810      3.317 0.0000e+00
      3.369     -0.060   267.2175     6.6824     61.741 1.6128e-01     15.855     29.847  21.992967     4.0746     6.8225    11.8377   999.5467      4.797      3.308 0.0000e+00
