Data/DataNotYetUploadedToEDI/Raw_CTD/RawDownloads/111025_fcr30_S7809006.cnv
* Sea-Bird SBE19plus  Data File:
* FileName = C:\R\Reservoirs\Data\DataNotYetUploadedToEDI\Raw_CTD\RawDownloads\102725_fcr50_S7809_0006.hex
* Software version 2.8.0.119
* Temperature SN = 7809
* Conductivity SN = 7809
* System UpLoad Time = Nov 13 2025 15:24:27
* <ApplicationData>
* <Seaterm232>
# nquan = 15
# nvalues = 865                         
# units = specified
# name 0 = depFM: Depth [fresh water, m]
# name 1 = dz/dtM: Descent Rate [m/s]
# name 2 = sbeox0Mg/L: Oxygen, SBE 43 [mg/l]
# name 3 = sbeox0PS: Oxygen, SBE 43 [% saturation]
# name 4 = specc: Specific Conductance [uS/cm]
# name 5 = c0uS/cm: Conductivity [uS/cm]
# name 6 = flECO-AFL: Fluorescence, WET Labs ECO-AFL/FL [mg/m^3]
# name 7 = ph: pH
# name 8 = orp: Oxidation Reduction Potential [mV]
# name 9 = par/sat/log: PAR/Logarithmic, Satlantic
# name 10 = turbWETntu0: Turbidity, WET Labs ECO [NTU]
# name 11 = prdM: Pressure, Strain Gauge [db]
# name 12 = prdE: Pressure, Strain Gauge [psi]
# name 13 = tv290C: Temperature [ITS-90, deg C]
# name 14 = flag:  0.000e+00
# span 0 =     -0.725,      5.153       
# span 1 =     -0.188,      0.254       
# span 2 =     5.7059,    11.8140       
# span 3 =     51.898,     99.465       
# span 4 =      2.489,     49.855       
# span 5 =   1.505033,  33.817024       
# span 6 =    -0.1272,     1.3190       
# span 7 =     -1.964,      9.064       
# span 8 =   -55.7686,   915.7720       
# span 9 = 1.3069e-01, 3.1699e+02       
# span 10 =     0.9259,   196.7630      
# span 11 =     -0.712,      5.054      
# span 12 =     -1.032,      7.331      
# span 13 =     5.0366,    11.5366      
# span 14 = 0.0000e+00, 0.0000e+00      
# interval = seconds: 0.25
# start_time = Nov 10 2025 15:24:37 [Instrument's time stamp, header]
# bad_flag = -9.990e-29
*END*
[from data line 482]
     -0.242      0.037     6.3000     57.945     46.260  33.783686     0.8985      9.047    73.2022 2.9878e+02     5.1045     -0.239     -0.346    11.5078 0.0000e+00
     -0.233      0.048     6.3031     57.996     46.239  33.767519     0.9068      9.047    72.9742 2.9718e+02     5.1054     -0.229     -0.332    11.5093 0.0000e+00
     -0.220      0.059     6.3065     58.052     46.265  33.785350     0.9144      9.047    75.0453 2.9460e+02     5.0273     -0.217     -0.316    11.5108 0.0000e+00
     -0.203      0.066     6.3084     58.153     46.300  33.808940     0.8829      9.047    76.3038 2.8384e+02     5.0129     -0.201     -0.291    11.5120 0.0000e+00
     -0.181      0.069     6.3135     58.311     46.288  33.798964     0.8416      9.047    76.4897 2.5818e+02     5.0688     -0.179     -0.259    11.5118 0.0000e+00
     -0.156      0.065     6.3202     58.450     46.280  33.791618     0.8240      9.047    76.6899 2.2478e+02     5.1228     -0.152     -0.221    11.5113 0.0000e+00
     -0.135      0.055     6.3239     58.563     46.271  33.783562     0.8285      9.047    76.7459 2.0339e+02     5.1187     -0.129     -0.187    11.5099 0.0000e+00
     -0.122      0.041     6.3332     58.653     46.248  33.765008     0.8208      9.047    76.7359 1.9906e+02     5.0539     -0.118     -0.170    11.5082 0.0000e+00
     -0.116      0.026     6.3565     58.605     46.238  33.757614     0.8142      9.047    76.7419 1.9887e+02     5.0225     -0.113     -0.162    11.5065 0.0000e+00
     -0.115      0.013     6.3729     58.461     46.237  33.757613     0.8485      9.048    76.6460 2.0003e+02     5.0810     -0.112     -0.161    11.5046 0.0000e+00
     -0.117      0.006     6.3788     58.355     46.246  33.764988     0.8767      9.048    76.5235 2.0885e+02     5.1451     -0.115     -0.167    11.5028 0.0000e+00
     -0.120      0.008     6.4022     58.276     46.271  33.783344     0.8729      9.047    76.2924 2.1185e+02     5.0809     -0.118     -0.171    11.5011 0.0000e+00
     -0.120      0.018     6.3920     58.202     46.278  33.789215     0.8603      9.047    75.8310 1.9789e+02     4.9884     -0.119     -0.172    11.5008 0.0000e+00
     -0.118      0.036     6.3672     58.210     46.253  33.772532     0.8493      9.047    74.5579 1.8755e+02     5.0847     -0.116     -0.169    11.5018 0.0000e+00
     -0.111      0.056     6.3594     58.305     46.250  33.771970     0.8650      9.047    72.5153 1.8792e+02     5.2884     -0.113     -0.162    11.5028 0.0000e+00
     -0.095      0.071     6.3529     58.414     46.261  33.782423     0.8754      9.046    71.3532 1.7877e+02     5.3341     -0.101     -0.144    11.5033 0.0000e+00
     -0.065      0.078     6.3395     58.570     46.246  33.772027     0.8499      9.044    71.1760 1.6068e+02     5.2271     -0.066     -0.095    11.5036 0.0000e+00
     -0.029      0.081     6.3374     58.741     46.247  33.773162     0.8314      9.043    70.9750 1.4679e+02     5.1560     -0.025     -0.036    11.5053 0.0000e+00
     -0.003      0.081     6.3576     58.842     46.277  33.796147     0.8429      9.042    70.8150 1.3858e+02     5.1918      0.002      0.004    11.5081 0.0000e+00
      0.009      0.079     6.3608     58.918     46.277  33.796147     0.8730      9.041    70.8773 1.3571e+02     5.3182      0.011      0.015    11.5107 0.0000e+00
      0.015      0.075     6.3803     59.014     46.246  33.773162     0.8954      9.041    70.9540 1.3126e+02     5.3517      0.009      0.013    11.5117 0.0000e+00
      0.030      0.074     6.4066     59.086     46.243  33.772017     0.8970      9.041    70.9680 1.1917e+02     5.2898      0.025      0.036    11.5116 0.0000e+00
      0.055      0.076     6.4117     59.107     46.254  33.782314     0.8927      9.039    70.9606 1.0552e+02     5.2877      0.055      0.079    11.5122 0.0000e+00
      0.081      0.077     6.4178     59.115     46.235  33.770769     0.9011      9.039    70.9498 9.8101e+01     5.2920      0.080      0.117    11.5122 0.0000e+00
      0.105      0.074     6.4319     59.141     46.217  33.759329     0.9159      9.039    71.0100 9.5509e+01     5.2739      0.103      0.149    11.5113 0.0000e+00
      0.126      0.065     6.4413     59.201     46.232  33.770878     0.9056      9.040    71.0858 9.1393e+01     5.2389      0.126      0.181    11.5126 0.0000e+00
      0.141      0.052     6.4398     59.286     46.249  33.783516     0.8932      9.040    71.0067 8.6493e+01     5.2790      0.141      0.205    11.5159 0.0000e+00
      0.149      0.040     6.4400     59.401     46.252  33.785241     0.9075      9.040    70.9141 8.2666e+01     5.3826      0.146      0.213    11.5186 0.0000e+00
      0.154      0.031     6.4413     59.561     46.262  33.791741     0.9115      9.040    70.9984 8.0111e+01     5.3640      0.151      0.219    11.5201 0.0000e+00
      0.159      0.026     6.4489     59.733     46.272  33.798662     0.8919      9.040    71.0798 7.9221e+01     5.1910      0.157      0.227    11.5211 0.0000e+00
      0.164      0.029     6.4579     59.868     46.281  33.805481     0.8786      9.040    71.3822 7.8124e+01     4.9995      0.158      0.229    11.5214 0.0000e+00
      0.169      0.046     6.4685     59.937     46.287  33.810739     0.8836      9.040    71.9870 7.7010e+01     4.9953      0.165      0.239    11.5205 0.0000e+00
      0.177      0.076     6.4888     59.964     46.269  33.798779     0.9017      9.040    72.5408 7.6273e+01     5.1405      0.174      0.251    11.5196 0.0000e+00
      0.187      0.108     6.5086     59.989     46.254  33.787764     0.8978      9.040    72.9156 7.4674e+01     5.1836      0.181      0.262    11.5189 0.0000e+00
      0.212      0.133     6.5259     60.037     46.277  33.804453     0.8613      9.040    73.0771 7.1055e+01     5.1405      0.194      0.282    11.5188 0.0000e+00
      0.266      0.149     6.5316     60.090     46.285  33.810221     0.8352      9.040    73.2035 6.4768e+01     5.1657      0.252      0.364    11.5199 0.0000e+00
      0.335      0.155     6.5322     60.083     46.263  33.794061     0.8406      9.040    73.4112 5.9568e+01     5.2497      0.341      0.494    11.5213 0.0000e+00
      0.384      0.150     6.5344     60.006     46.271  33.799404     0.8680      9.041    73.6106 5.6999e+01     5.3015      0.386      0.560    11.5217 0.0000e+00
      0.411      0.133     6.5389     59.885     46.286  33.811373     0.8679      9.042    73.8074 5.5131e+01     5.2451      0.402      0.582    11.5212 0.0000e+00
      0.435      0.107     6.5500     59.760     46.285  33.811884     0.8307      9.042    73.9830 5.3559e+01     5.1832      0.429      0.622    11.5215 0.0000e+00
      0.458      0.080     6.5478     59.664     46.274  33.805586     0.8089      9.041    74.0997 5.1728e+01     5.2018      0.451      0.654    11.5217 0.0000e+00
      0.477      0.060     6.5392     59.608     46.264  33.798673     0.7964      9.040    74.1858 5.0076e+01     5.2660      0.466      0.677    11.5209 0.0000e+00
      0.492      0.046     6.5242     59.616     46.256  33.791749     0.7704      9.041    74.2495 4.9090e+01     5.3110      0.485      0.704    11.5210 0.0000e+00
      0.501      0.034     6.5084     59.716     46.250  33.785310     0.7441      9.042    74.3535 4.8969e+01     5.2667      0.494      0.717    11.5229 0.0000e+00
      0.503      0.024     6.4982     59.885     46.251  33.784260     0.7198      9.043    74.4963 4.9076e+01     5.2422      0.492      0.714    11.5250 0.0000e+00
      0.504      0.016     6.4908     60.085     46.247  33.779059     0.7190      9.043    74.5999 4.8632e+01     5.2540      0.493      0.716    11.5255 0.0000e+00
      0.508      0.011     6.4903     60.263     46.257  33.785861     0.7591      9.043    74.7454 4.7908e+01     5.2049      0.498      0.723    11.5243 0.0000e+00
      0.512      0.008     6.5021     60.307     46.280  33.803059     0.8050      9.043    74.8792 4.7420e+01     5.0927      0.502      0.729    11.5222 0.0000e+00
      0.515      0.006     6.5245     60.231     46.271  33.796667     0.8072      9.043    74.8412 4.7316e+01     4.9912      0.505      0.733    11.5197 0.0000e+00
      0.515      0.005     6.5441     60.143     46.236  33.772018     0.7781      9.043    74.8888 4.7187e+01     4.9678      0.506      0.734    11.5173 0.0000e+00
      0.514      0.006     6.5737     60.074     46.217  33.758819     0.7939      9.044    75.1104 4.6963e+01     5.0826      0.504      0.731    11.5164 0.0000e+00
      0.513      0.010     6.5765     60.040     46.223  33.763963     0.8491      9.044    75.1973 4.6660e+01     5.2856      0.502      0.729    11.5173 0.0000e+00
      0.513      0.016     6.5604     60.058     46.231  33.770772     0.8715      9.044    75.1649 4.6380e+01     5.3394      0.502      0.729    11.5180 0.0000e+00
      0.518      0.023     6.5524     60.109     46.238  33.777692     0.8564      9.045    75.1485 4.5970e+01     5.2552      0.506      0.734    11.5187 0.0000e+00
      0.528      0.029     6.5433     60.181     46.243  33.784197     0.8329      9.045    75.1713 4.5375e+01     5.2237      0.518      0.751    11.5192 0.0000e+00
      0.539      0.032     6.5386     60.296     46.242  33.785973     0.8204      9.045    75.2692 4.4727e+01     5.2997      0.530      0.768    11.5198 0.0000e+00
      0.550      0.031     6.5413     60.415     46.257  33.799183     0.8039      9.046    75.3853 4.4084e+01     5.3208      0.538      0.781    11.5214 0.0000e+00
      0.560      0.027     6.5485     60.483     46.280  33.817024     0.7753      9.046    75.4566 4.3639e+01     5.2050      0.550      0.799    11.5238 0.0000e+00
      0.567      0.022     6.5521     60.483     46.272  33.811351     0.7658      9.046    75.4422 4.3409e+01     5.1299      0.557      0.808    11.5264 0.0000e+00
      0.569      0.022     6.5677     60.431     46.249  33.794039     0.7813      9.046    75.3836 4.3439e+01     5.1982      0.559      0.811    11.5293 0.0000e+00
      0.569      0.028     6.5826     60.373     46.257  33.798040     0.8045      9.047    75.4362 4.3528e+01     5.3132      0.560      0.812    11.5318 0.0000e+00
      0.569      0.037     6.5900     60.336     46.257  33.796273     0.8050      9.049    75.5628 4.3464e+01     5.2905      0.556      0.806    11.5326 0.0000e+00
      0.576      0.043     6.5901     60.301     46.224  33.772673     0.7950      9.049    75.5376 4.2514e+01     5.1977      0.557      0.807    11.5327 0.0000e+00
      0.598      0.047     6.5812     60.228     46.213  33.766479     0.7916      9.048    75.3895 4.0790e+01     5.1468      0.583      0.846    11.5323 0.0000e+00
      0.625      0.047     6.5746     60.094     46.236  33.784831     0.7892      9.046    75.4061 3.9721e+01     5.1191      0.619      0.898    11.5304 0.0000e+00
      0.641      0.044     6.5716     59.939     46.261  33.804223     0.7992      9.045    75.5666 3.9433e+01     5.1359      0.633      0.917    11.5282 0.0000e+00
      0.646      0.040     6.5696     59.821     46.268  33.810613     0.7802      9.046    75.6097 3.9539e+01     5.1109      0.635      0.920    11.5281 0.0000e+00
      0.644      0.037     6.5630     59.760     46.251  33.798653     0.7338      9.046    75.5831 3.9752e+01     5.0563      0.633      0.918    11.5304 0.0000e+00
      0.644      0.037     6.5461     59.719     46.234  33.786504     0.7204      9.046    75.5890 3.9403e+01     5.0901      0.629      0.912    11.5327 0.0000e+00
      0.654      0.039     6.5259     59.644     46.240  33.790609     0.7349      9.047    75.5955 3.8314e+01     5.1441      0.636      0.922    11.5342 0.0000e+00
      0.675      0.042     6.5124     59.566     46.231  33.784842     0.7349      9.048    75.6610 3.7227e+01     5.0949      0.662      0.961    11.5352 0.0000e+00
      0.696      0.046     6.5065     59.556     46.225  33.780217     0.7114      9.048    75.6920 3.6719e+01     5.0423      0.688      0.997    11.5358 0.0000e+00
      0.707      0.050     6.5067     59.616     46.250  33.798144     0.7092      9.048    75.6274 3.6558e+01     5.1573      0.695      1.008    11.5355 0.0000e+00
      0.711      0.051     6.4961     59.702     46.268  33.811258     0.7336      9.049    75.5681 3.6433e+01     5.3235      0.697      1.010    11.5357 0.0000e+00
      0.716      0.049     6.4829     59.771     46.269  33.811882     0.7311      9.050    75.5775 3.5944e+01     5.3440      0.699      1.014    11.5363 0.0000e+00
      0.731      0.047     6.4835     59.839     46.261  33.805688     0.7215      9.050    75.6543 3.5031e+01     5.2678      0.713      1.035    11.5363 0.0000e+00
      0.753      0.046     6.4908     59.918     46.253  33.799816     0.7417      9.050    75.7225 3.4208e+01     5.2223      0.739      1.074    11.5357 0.0000e+00
      0.771      0.046     6.5037     59.960     46.258  33.804327     0.7675      9.050    75.7996 3.3813e+01     5.2381      0.760      1.102    11.5353 0.0000e+00
      0.780      0.047     6.5095     59.960     46.248  33.796777     0.7916      9.050    75.7270 3.3705e+01     5.3214      0.767      1.112    11.5354 0.0000e+00
      0.783      0.048     6.5148     59.946     46.214  33.771981     0.7837      9.051    75.5330 3.3592e+01     5.3079      0.767      1.113    11.5354 0.0000e+00
      0.788      0.053     6.5279     59.946     46.198  33.758296     0.7305      9.052    75.5184 3.3231e+01     5.1425      0.769      1.116    11.5357 0.0000e+00
      0.802      0.060     6.5318     59.969     46.203  33.758196     0.7050      9.053    75.5507 3.2493e+01     5.0295      0.784      1.137    11.5359 0.0000e+00
      0.823      0.067     6.5302     60.011     46.226  33.770781     0.7342      9.052    75.4935 3.1633e+01     5.0353      0.807      1.170    11.5362 0.0000e+00
      0.847      0.069     6.5278     60.066     46.246  33.783559     0.7677      9.052    75.4287 3.0793e+01     5.1097      0.830      1.203    11.5366 0.0000e+00
      0.872      0.064     6.5275     60.125     46.251  33.785804     0.7607      9.052    75.2832 3.0020e+01     5.1782      0.856      1.241    11.5343 0.0000e+00
      0.892      0.053     6.5313     60.169     46.270  33.797922     0.7236      9.052    75.1112 2.9611e+01     5.2481      0.879      1.275    11.5291 0.0000e+00
      0.903      0.039     6.5366     60.214     46.278  33.803184     0.7016      9.053    75.0697 2.9551e+01     5.2706      0.888      1.288    11.5250 0.0000e+00
      0.905      0.025     6.5429     60.271     46.255  33.785986     0.7120      9.053    75.0400 2.9614e+01     5.2122      0.888      1.288    11.5231 0.0000e+00
      0.905      0.014     6.5514     60.306     46.247  33.780314     0.7405      9.053    75.0093 2.9674e+01     5.1225      0.888      1.287    11.5215 0.0000e+00
      0.906      0.010     6.5552     60.335     46.271  33.798042     0.7467      9.053    75.0423 2.9719e+01     5.0055      0.888      1.288    11.5200 0.0000e+00
      0.907      0.015     6.5583     60.395     46.287  33.810003     0.7209      9.054    74.9234 2.9794e+01     4.9938      0.889      1.290    11.5193 0.0000e+00
      0.907      0.029     6.5682     60.451     46.272  33.798033     0.7029      9.055    74.6048 2.9801e+01     5.0160      0.890      1.290    11.5190 0.0000e+00
      0.911      0.045     6.5709     60.456     46.248  33.780210     0.7125      9.055    74.3729 2.9582e+01     5.0689      0.891      1.292    11.5188 0.0000e+00
      0.922      0.060     6.5709     60.422     46.255  33.784844     0.7373      9.055    74.2709 2.8992e+01     5.2226      0.901      1.306    11.5187 0.0000e+00
      0.944      0.071     6.5797     60.361     46.263  33.790612     0.7440      9.056    74.1465 2.8024e+01     5.2343      0.922      1.338    11.5187 0.0000e+00
      0.975      0.079     6.5894     60.271     46.257  33.786508     0.7271      9.057    74.0728 2.7034e+01     5.2116      0.957      1.388    11.5188 0.0000e+00
