Data/DataNotYetUploadedToEDI/Raw_CTD/RawDownloads/111025_fcr40_S7809007.cnv
* Sea-Bird SBE19plus  Data File:
* FileName = C:\R\Reservoirs\Data\DataNotYetUploadedToEDI\Raw_CTD\RawDownloads\102725_fcr50_S7809_0007.hex
* Software version 2.8.0.119
* Temperature SN = 7809
* Conductivity SN = 7809
* System UpLoad Time = Nov 13 2025 15:24:56
* <ApplicationData>
* <Seaterm232>
# nquan = 15
# nvalues = 986                         
# units = specified
# name 0 = depFM: Depth [fresh water, m]
# name 1 = dz/dtM: Descent Rate [m/s]
# name 2 = sbeox0Mg/L: Oxygen, SBE 43 [mg/l]
# name 3 = sbeox0PS: Oxygen, SBE 43 [% saturation]
# name 4 = specc: Specific Conductance [uS/cm]
# name 5 = c0uS/cm: Conductivity [uS/cm]
# name 6 = flECO-AFL: Fluorescence, WET Labs ECO-AFL/FL [mg/m^3]
# name 7 = ph: pH
# name 8 = orp: Oxidation Reduction Potential [mV]
# name 9 = par/sat/log: PAR/Logarithmic, Satlantic
# name 10 = turbWETntu0: Turbidity, WET Labs ECO [NTU]
# name 11 = prdM: Pressure, Strain Gauge [db]
# name 12 = prdE: Pressure, Strain Gauge [psi]
# name 13 = tv290C: Temperature [ITS-90, deg C]
# name 14 = flag:  0.000e+00
# span 0 =     -0.730,      5.805       
# span 1 =     -0.172,      0.262       
# span 2 =     5.1369,    10.3986       
# span 3 =     46.873,     90.965       
# span 4 =      4.755,    173.551       
# span 5 =   3.187843, 125.838514       
# span 6 =    -0.1022,     2.2941       
# span 7 =      8.245,      9.102       
# span 8 =    -2.6412,  1012.5279       
# span 9 = 1.2373e-01, 3.1676e+02       
# span 10 =    -0.2195,   179.0224      
# span 11 =     -0.716,      5.693      
# span 12 =     -1.038,      8.258      
# span 13 =     8.4818,    11.5555      
# span 14 = 0.0000e+00, 0.0000e+00      
# interval = seconds: 0.25
# start_time = Nov 10 2025 15:33:25 [Instrument's time stamp, header]
# bad_flag = -9.990e-29
*END*
[from data line 386]
      0.025      0.001     6.4637     59.706     46.294  33.838694     0.7242      9.063    66.7300 8.7539e+01     5.2616      0.025      0.036    11.5473 0.0000e+00
      0.025      0.000     6.4733     59.763     46.280  33.827045     0.7364      9.063    66.7497 8.7716e+01     5.3265      0.025      0.036    11.5475 0.0000e+00
      0.025     -0.001     6.4854     59.797     46.270  33.819555     0.7479      9.064    66.6870 8.8246e+01     5.3402      0.024      0.035    11.5473 0.0000e+00
      0.025     -0.001     6.4947     59.808     46.260  33.811589     0.7383      9.065    66.6604 8.8531e+01     5.2571      0.025      0.036    11.5468 0.0000e+00
      0.024      0.000     6.5005     59.835     46.237  33.794172     0.7371      9.065    66.6856 8.8099e+01     5.2095      0.025      0.036    11.5452 0.0000e+00
      0.023      0.001     6.5082     59.865     46.244  33.799307     0.7243      9.065    66.7341 8.7668e+01     5.2427      0.023      0.032    11.5438 0.0000e+00
      0.022      0.002     6.5130     59.858     46.259  33.810217     0.7167      9.064    66.7303 8.8095e+01     5.3167      0.021      0.030    11.5427 0.0000e+00
      0.023      0.002     6.5106     59.834     46.244  33.799192     0.7366      9.064    66.7262 8.8404e+01     5.3535      0.022      0.031    11.5421 0.0000e+00
      0.025      0.001     6.5148     59.825     46.235  33.792903     0.7661      9.065    66.7699 8.7762e+01     5.2784      0.025      0.036    11.5422 0.0000e+00
      0.029     -0.001     6.5215     59.838     46.242  33.797621     0.7820      9.065    66.8287 8.6849e+01     5.1930      0.029      0.043    11.5421 0.0000e+00
      0.029     -0.002     6.5180     59.865     46.235  33.792798     0.7697      9.066    66.9208 8.6962e+01     5.2436      0.030      0.043    11.5421 0.0000e+00
      0.025     -0.002     6.5145     59.870     46.241  33.798038     0.7758      9.066    66.9380 8.8484e+01     5.3786      0.025      0.036    11.5419 0.0000e+00
      0.021     -0.003     6.5138     59.841     46.240  33.797528     0.7974      9.066    66.8645 8.8702e+01     5.4239      0.020      0.029    11.5416 0.0000e+00
      0.020     -0.003     6.5144     59.809     46.225  33.786626     0.7895      9.066    66.8051 8.7153e+01     5.3133      0.018      0.027    11.5415 0.0000e+00
      0.022     -0.003     6.5200     59.769     46.233  33.793113     0.7814      9.066    66.9084 8.6959e+01     5.1693      0.021      0.031    11.5421 0.0000e+00
      0.023     -0.002     6.5215     59.722     46.260  33.812523     0.7909      9.066    67.0810 8.6964e+01     5.1163      0.024      0.035    11.5427 0.0000e+00
      0.022      0.000     6.5150     59.694     46.286  33.830972     0.8034      9.065    66.9997 8.6795e+01     5.1172      0.023      0.033    11.5428 0.0000e+00
      0.020      0.000     6.5131     59.698     46.279  33.825836     0.8002      9.065    66.8718 8.7645e+01     5.0775      0.020      0.028    11.5432 0.0000e+00
      0.019      0.000     6.5090     59.739     46.263  33.813875     0.7851      9.066    66.9116 8.7696e+01     5.0122      0.018      0.026    11.5436 0.0000e+00
      0.020      0.001     6.5011     59.779     46.262  33.813243     0.7949      9.067    66.9636 8.7064e+01     5.0446      0.020      0.028    11.5437 0.0000e+00
      0.022      0.002     6.4999     59.802     46.268  33.818188     0.8194      9.066    66.9847 8.7701e+01     5.1280      0.022      0.031    11.5432 0.0000e+00
      0.023      0.002     6.4976     59.832     46.257  33.810218     0.8236      9.066    66.9944 8.8462e+01     5.1328      0.022      0.032    11.5422 0.0000e+00
      0.023      0.002     6.5055     59.839     46.217  33.780330     0.8037      9.066    66.9945 8.7569e+01     5.0679      0.022      0.032    11.5421 0.0000e+00
      0.023      0.001     6.5110     59.800     46.208  33.774041     0.7785      9.066    66.9868 8.6661e+01     4.9577      0.023      0.033    11.5425 0.0000e+00
      0.023      0.001     6.5096     59.727     46.241  33.797631     0.7848      9.067    66.9007 8.6598e+01     4.9617      0.023      0.033    11.5428 0.0000e+00
      0.024      0.002     6.5165     59.665     46.261  33.811766     0.8057      9.068    66.7283 8.6604e+01     5.0483      0.024      0.035    11.5430 0.0000e+00
      0.024      0.003     6.5174     59.643     46.270  33.818052     0.8064      9.068    66.6232 8.6030e+01     5.0484      0.024      0.035    11.5431 0.0000e+00
      0.024      0.005     6.5133     59.650     46.259  33.810195     0.8016      9.068    66.6613 8.5635e+01     5.0322      0.023      0.033    11.5429 0.0000e+00
      0.024      0.006     6.5030     59.675     46.218  33.780214     0.8051      9.068    66.7595 8.5704e+01     5.0567      0.024      0.034    11.5423 0.0000e+00
      0.026      0.006     6.4948     59.704     46.208  33.772783     0.8237      9.068    66.7777 8.5604e+01     5.1404      0.025      0.036    11.5417 0.0000e+00
      0.031      0.005     6.4941     59.727     46.223  33.783789     0.8188      9.068    66.6235 8.5360e+01     5.1558      0.030      0.043    11.5413 0.0000e+00
      0.034      0.004     6.4941     59.743     46.226  33.786398     0.7798      9.069    66.4445 8.5266e+01     5.0715      0.036      0.052    11.5411 0.0000e+00
      0.034      0.002     6.4983     59.767     46.251  33.804325     0.7594      9.070    66.4192 8.4742e+01     5.0777      0.035      0.050    11.5412 0.0000e+00
      0.033     -0.001     6.5012     59.786     46.259  33.810206     0.7728      9.070    66.4897 8.4172e+01     5.2310      0.031      0.046    11.5414 0.0000e+00
      0.031     -0.002     6.5043     59.781     46.237  33.794057     0.7998      9.070    66.5231 8.4454e+01     5.3876      0.030      0.044    11.5415 0.0000e+00
      0.030     -0.001     6.5048     59.790     46.246  33.799410     0.8023      9.070    66.4790 8.4691e+01     5.3657      0.029      0.043    11.5417 0.0000e+00
      0.029      0.000     6.5072     59.820     46.264  33.811485     0.7785      9.070    66.4727 8.4780e+01     5.2054      0.029      0.041    11.5419 0.0000e+00
      0.029      0.002     6.5130     59.850     46.267  33.813159     0.7788      9.070    66.5331 8.4275e+01     5.1228      0.028      0.040    11.5417 0.0000e+00
      0.031      0.002     6.5079     59.895     46.275  33.819645     0.8063      9.070    66.6068 8.3494e+01     5.1527      0.029      0.044    11.5411 0.0000e+00
      0.033      0.002     6.5094     59.936     46.285  33.826460     0.8272      9.070    66.5891 8.2970e+01     5.1908      0.033      0.047    11.5401 0.0000e+00
      0.033      0.001     6.5156     59.958     46.292  33.832129     0.8240      9.070    66.4912 8.3393e+01     5.1744      0.034      0.049    11.5386 0.0000e+00
      0.033      0.000     6.5158     59.969     46.282  33.824738     0.8007      9.070    66.4566 8.3600e+01     5.1257      0.033      0.048    11.5379 0.0000e+00
      0.032     -0.001     6.5229     59.970     46.249  33.800531     0.7947      9.070    66.4286 8.2519e+01     5.1481      0.031      0.046    11.5385 0.0000e+00
      0.031     -0.002     6.5280     59.970     46.239  33.793233     0.8178      9.070    66.4096 8.2853e+01     5.2057      0.030      0.045    11.5389 0.0000e+00
      0.031     -0.002     6.5293     59.988     46.249  33.799941     0.8231      9.070    66.3997 8.4392e+01     5.1734      0.031      0.044    11.5390 0.0000e+00
      0.031     -0.002     6.5310     60.013     46.274  33.818189     0.8079      9.071    66.3090 8.5402e+01     5.0990      0.030      0.044    11.5391 0.0000e+00
      0.031     -0.001     6.5310     60.025     46.282  33.823531     0.8171      9.072    66.2586 8.5205e+01     5.1946      0.031      0.045    11.5388 0.0000e+00
      0.030      0.000     6.5295     60.024     46.252  33.801082     0.8433      9.073    66.3935 8.4529e+01     5.3726      0.029      0.042    11.5386 0.0000e+00
      0.030      0.001     6.5319     60.010     46.252  33.800545     0.8672      9.073    66.5632 8.4494e+01     5.3725      0.028      0.041    11.5385 0.0000e+00
      0.030      0.001     6.5367     59.984     46.275  33.817034     0.8643      9.073    66.5902 8.3444e+01     5.2616      0.030      0.043    11.5381 0.0000e+00
      0.031      0.001     6.5368     59.924     46.265  33.810114     0.8166      9.073    66.4610 8.2125e+01     5.1933      0.031      0.044    11.5377 0.0000e+00
      0.032      0.001     6.5376     59.813     46.224  33.780322     0.7721      9.073    66.2921 8.2525e+01     5.2297      0.032      0.047    11.5372 0.0000e+00
      0.032      0.001     6.5354     59.680     46.215  33.774042     0.7756      9.073    66.1825 8.3219e+01     5.3260      0.032      0.046    11.5368 0.0000e+00
      0.031      0.000     6.5335     59.563     46.248  33.797642     0.7930      9.073    66.1681 8.3139e+01     5.3330      0.031      0.044    11.5367 0.0000e+00
      0.031 5.5882e-08     6.5286     59.480     46.268  33.811881     0.7823      9.073    66.2036 8.2776e+01     5.2452      0.030      0.044    11.5371 0.0000e+00
      0.031 6.1470e-07     6.5144     59.427     46.279  33.819312     0.7632      9.073    66.2679 8.2998e+01     5.1877      0.031      0.044    11.5374 0.0000e+00
      0.031      0.000     6.4985     59.390     46.287  33.824049     0.7627      9.073    66.4291 8.3543e+01     5.2174      0.030      0.044    11.5377 0.0000e+00
      0.032      0.000     6.4848     59.383     46.264  33.805707     0.7846      9.073    66.5191 8.3722e+01     5.2630      0.031      0.045    11.5374 0.0000e+00
      0.032      0.001     6.4763     59.413     46.241  33.787870     0.8022      9.074    66.4946 8.4050e+01     5.1927      0.032      0.046    11.5367 0.0000e+00
      0.032      0.001     6.4717     59.442     46.256  33.798730     0.7932      9.076    66.4781 8.3973e+01     5.0510      0.031      0.045    11.5358 0.0000e+00
      0.032      0.001     6.4670     59.472     46.273  33.810119     0.7912      9.076    66.4909 8.3297e+01     5.0185      0.031      0.045    11.5345 0.0000e+00
      0.032      0.001     6.4651     59.534     46.258  33.798674     0.8125      9.075    66.4777 8.3207e+01     5.1073      0.031      0.045    11.5332 0.0000e+00
      0.033      0.001     6.4719     59.599     46.242  33.787242     0.8257      9.074    66.4037 8.3044e+01     5.1683      0.032      0.046    11.5323 0.0000e+00
      0.034      0.001     6.4747     59.649     46.257  33.798786     0.8090      9.075    66.4572 8.1342e+01     5.1072      0.033      0.048    11.5316 0.0000e+00
      0.034      0.000     6.4747     59.678     46.272  33.811365     0.7769      9.075    66.6083 7.9879e+01     5.0168      0.033      0.048    11.5302 0.0000e+00
      0.033 5.5571e-08     6.4853     59.668     46.272  33.812448     0.7627      9.074    66.6821 8.0909e+01     4.9980      0.032      0.047    11.5296 0.0000e+00
      0.033 6.1128e-07     6.4920     59.655     46.270  33.811876     0.7786      9.073    66.7473 8.2143e+01     5.0503      0.032      0.046    11.5302 0.0000e+00
      0.032      0.000     6.4967     59.642     46.260  33.804449     0.8101      9.073    66.7938 8.1889e+01     5.1703      0.032      0.046    11.5310 0.0000e+00
      0.032      0.000     6.5029     59.621     46.235  33.786098     0.8116      9.074    66.7284 8.2032e+01     5.2546      0.031      0.044    11.5323 0.0000e+00
      0.033      0.001     6.4974     59.644     46.227  33.780331     0.7805      9.074    66.5590 8.2955e+01     5.2492      0.031      0.046    11.5340 0.0000e+00
      0.033      0.001     6.4963     59.704     46.252  33.798162     0.7831      9.074    66.4665 8.2590e+01     5.2411      0.033      0.048    11.5348 0.0000e+00
      0.033      0.000     6.4977     59.744     46.270  33.811361     0.8091      9.074    66.5558 8.1549e+01     5.1914      0.033      0.047    11.5349 0.0000e+00
      0.033      0.000     6.4902     59.759     46.271  33.813016     0.8039      9.074    66.6063 8.1309e+01     5.0575      0.034      0.049    11.5345 0.0000e+00
      0.033     -0.001     6.4933     59.746     46.277  33.818177     0.7865      9.073    66.5603 8.1592e+01     4.9549      0.033      0.048    11.5342 0.0000e+00
      0.032     -0.002     6.5046     59.665     46.264  33.810320     0.7915      9.073    66.5170 8.2287e+01     4.9757      0.032      0.046    11.5345 0.0000e+00
      0.032     -0.002     6.5073     59.541     46.224  33.781468     0.8139      9.073    66.5124 8.2297e+01     5.1046      0.031      0.045    11.5344 0.0000e+00
      0.031     -0.002     6.5081     59.448     46.229  33.786554     0.8158      9.073    66.5902 8.1982e+01     5.1463      0.030      0.044    11.5348 0.0000e+00
      0.031     -0.001     6.5105     59.411     46.258  33.808377     0.7896      9.073    66.5981 8.1592e+01     5.0365      0.030      0.044    11.5361 0.0000e+00
      0.031     -0.001     6.5000     59.417     46.234  33.791546     0.7713      9.073    66.5214 8.0509e+01     5.0400      0.030      0.043    11.5372 0.0000e+00
      0.031      0.000     6.4816     59.435     46.209  33.773388     0.7781      9.073    66.5235 8.0572e+01     5.2229      0.029      0.042    11.5384 0.0000e+00
      0.031 -1.878e-08     6.4717     59.453     46.216  33.779164     0.7961      9.073    66.5373 8.2159e+01     5.3690      0.030      0.043    11.5397 0.0000e+00
      0.031 -2.066e-07     6.4674     59.477     46.242  33.797934     0.7979      9.073    66.5171 8.3162e+01     5.3722      0.031      0.044    11.5404 0.0000e+00
      0.031 -2.063e-07     6.4699     59.494     46.258  33.809999     0.7838      9.072    66.4510 8.2557e+01     5.2613      0.030      0.044    11.5411 0.0000e+00
      0.031 -1.540e-08     6.4724     59.514     46.242  33.798151     0.7916      9.072    66.4262 8.0847e+01     5.1554      0.030      0.043    11.5421 0.0000e+00
      0.031 3.5517e-08     6.4725     59.536     46.218  33.781577     0.8167      9.072    66.4762 7.9752e+01     5.1511      0.030      0.044    11.5424 0.0000e+00
      0.031 4.0932e-07     6.4779     59.555     46.243  33.799938     0.8213      9.072    66.4530 8.0262e+01     5.1404      0.031      0.044    11.5422 0.0000e+00
      0.031      0.000     6.4775     59.576     46.283  33.829817     0.8055      9.073    66.4898 8.2124e+01     5.0604      0.030      0.044    11.5421 0.0000e+00
      0.031      0.000     6.4800     59.581     46.278  33.825609     0.7838      9.073    66.4908 8.3314e+01     5.0045      0.030      0.043    11.5424 0.0000e+00
      0.031      0.001     6.4837     59.575     46.261  33.812505     0.7841      9.074    66.3784 8.2140e+01     5.0446      0.030      0.044    11.5431 0.0000e+00
      0.031      0.001     6.4834     59.597     46.241  33.798275     0.8100      9.074    66.4213 8.1283e+01     5.1019      0.030      0.044    11.5437 0.0000e+00
      0.031      0.001     6.4881     59.662     46.216  33.780442     0.8224      9.074    66.4078 8.1813e+01     5.1165      0.031      0.044    11.5439 0.0000e+00
      0.032      0.000     6.4883     59.724     46.225  33.787232     0.7914      9.073    66.2140 8.1994e+01     5.1189      0.031      0.044    11.5436 0.0000e+00
      0.032     -0.001     6.4856     59.746     46.265  33.816919     0.7433      9.073    66.1438 8.1122e+01     5.0958      0.032      0.046    11.5430 0.0000e+00
      0.032     -0.001     6.4868     59.755     46.272  33.822156     0.7399      9.075    66.2473 8.0516e+01     5.1108      0.032      0.046    11.5431 0.0000e+00
      0.031     -0.001     6.4964     59.785     46.224  33.787116     0.7593      9.075    66.3473 8.2729e+01     5.1302      0.031      0.045    11.5438 0.0000e+00
