Data/DataNotYetUploadedToEDI/Raw_CTD/RawDownloads/111025_fcr10_S7809004.cnv
* Sea-Bird SBE19plus  Data File:
* FileName = C:\R\Reservoirs\Data\DataNotYetUploadedToEDI\Raw_CTD\RawDownloads\102725_fcr50_S7809_0004.hex
* Software version 2.8.0.119
* Temperature SN = 7809
* Conductivity SN = 7809
* System UpLoad Time = Nov 13 2025 15:23:27
* <ApplicationData>
* <Seaterm232>
# nquan = 15
# nvalues = 531                         
# units = specified
# name 0 = depFM: Depth [fresh water, m]
# name 1 = dz/dtM: Descent Rate [m/s]
# name 2 = sbeox0Mg/L: Oxygen, SBE 43 [mg/l]
# name 3 = sbeox0PS: Oxygen, SBE 43 [% saturation]
# name 4 = specc: Specific Conductance [uS/cm]
# name 5 = c0uS/cm: Conductivity [uS/cm]
# name 6 = flECO-AFL: Fluorescence, WET Labs ECO-AFL/FL [mg/m^3]
# name 7 = ph: pH
# name 8 = orp: Oxidation Reduction Potential [mV]
# name 9 = par/sat/log: PAR/Logarithmic, Satlantic
# name 10 = turbWETntu0: Turbidity, WET Labs ECO [NTU]
# name 11 = prdM: Pressure, Strain Gauge [db]
# name 12 = prdE: Pressure, Strain Gauge [psi]
# name 13 = tv290C: Temperature [ITS-90, deg C]
# name 14 = flag:  0.000e+00
# span 0 =     -0.722,      1.990       
# span 1 =     -0.226,      0.257       
# span 2 =     5.1173,    11.7837       
# span 3 =     46.304,     99.589       
# span 4 =      1.076,     48.746       
# span 5 =   0.648005,  33.379246       
# span 6 =    -0.0951,    20.4289       
# span 7 =     -2.727,      8.608       
# span 8 = -1240.7455,   147.5848       
# span 9 = 3.8135e+00, 1.6624e+02       
# span 10 =     1.3114,    92.1120      
# span 11 =     -0.708,      1.953      
# span 12 =     -1.027,      2.832      
# span 13 =     5.0471,    10.9283      
# span 14 = 0.0000e+00, 0.0000e+00      
# interval = seconds: 0.25
# start_time = Nov 10 2025 14:54:07 [Instrument's time stamp, header]
# bad_flag = -9.990e-29
*END*
[from data line 97]
      0.187      0.004    10.7606     97.129     45.492  32.265826     0.6672      7.199   134.7389 5.6407e+01     9.0950      0.183      0.266    10.4137 0.0000e+00
      0.184     -0.001    10.7899     97.255     45.492  32.287168     0.6818      7.215   134.6600 5.7057e+01     9.1122      0.180      0.261    10.4163 0.0000e+00
      0.183     -0.001    10.8127     97.346     45.442  32.270248     0.7073      7.231   134.7059 5.7146e+01     9.1301      0.179      0.259    10.4191 0.0000e+00
      0.184      0.001    10.8267     97.430     45.395  32.251588     0.7004      7.246   134.8639 5.6902e+01     9.1057      0.180      0.261    10.4343 0.0000e+00
      0.187      0.003    10.8508     97.497     45.378  32.251885     0.6733      7.262   134.8484 5.6677e+01     9.0910      0.183      0.264    10.4608 0.0000e+00
      0.189      0.004    10.8520     97.568     45.391  32.273864     0.6790      7.277   134.6911 5.6737e+01     9.1571      0.185      0.269    10.4857 0.0000e+00
      0.191      0.003    10.8568     97.654     45.448  32.327023     0.6943      7.292   134.6831 5.6632e+01     9.1537      0.187      0.271    10.5064 0.0000e+00
      0.191      0.002    10.8649     97.763     45.515  32.387104     0.7010      7.306   134.7510 5.6824e+01     9.0496      0.188      0.272    10.5212 0.0000e+00
      0.191      0.000    10.8657     97.904     45.559  32.429352     0.7096      7.319   134.7382 5.6917e+01     8.9919      0.188      0.273    10.5337 0.0000e+00
      0.190     -0.002    10.8715     98.075     45.584  32.457207     0.6980      7.332   134.5279 5.6462e+01     9.0369      0.187      0.272    10.5481 0.0000e+00
      0.189     -0.002    10.8756     98.250     45.592  32.470130     0.6938      7.346   134.0152 5.6430e+01     9.1489      0.185      0.267    10.5626 0.0000e+00
      0.187     -0.002    10.8852     98.422     45.571  32.458720     0.6836      7.358   133.3576 5.6366e+01     9.1844      0.183      0.265    10.5761 0.0000e+00
      0.187     -0.001    10.8961     98.607     45.552  32.446148     0.6415      7.368   132.6865 5.6162e+01     9.0913      0.183      0.265    10.5887 0.0000e+00
      0.188      0.000    10.9151     98.806     45.552  32.445007     0.6172      7.380   132.0100 5.6139e+01     9.0130      0.185      0.267    10.5998 0.0000e+00
      0.189      0.001    10.9321     99.016     45.552  32.444914     0.6228      7.391   131.3722 5.6137e+01     9.0578      0.186      0.269    10.6085 0.0000e+00
      0.189      0.001    10.9489     99.276     45.551  32.445029     0.6438      7.401   130.7393 5.6327e+01     9.1543      0.185      0.269    10.6130 0.0000e+00
      0.188      0.001    10.9699     99.560     45.550  32.446400     0.6458      7.412   130.1227 5.6195e+01     9.1217      0.185      0.268    10.6126 0.0000e+00
      0.188      0.000    10.9935     99.589     45.567  32.461489     0.6219      7.423   129.5958 5.5875e+01     9.0049      0.185      0.268    10.6105 0.0000e+00
      0.188     -0.001    11.0149     98.840     45.620  32.500592     0.6123      7.433   129.0138 5.5610e+01     8.9715      0.185      0.268    10.6097 0.0000e+00
      0.189     -0.001    11.0414     96.805     45.671  32.538541     0.6297      7.443   128.2487 5.5376e+01     9.0595      0.185      0.268    10.6101 0.0000e+00
      0.189     -0.001    11.0838     93.315     45.668  32.539686     0.6584      7.454   127.5729 5.5464e+01     9.1812      0.186      0.270    10.6127 0.0000e+00
      0.188      0.000    11.1082     88.565     45.628  32.514436     0.6598      7.464   127.1232 5.5462e+01     9.1786      0.185      0.268    10.6174 0.0000e+00
      0.185      0.000    11.0482     82.985     45.592  32.487012     0.6376      7.473   126.7691 5.5401e+01     9.0624      0.180      0.262    10.6192 0.0000e+00
      0.185      0.000    10.8287     77.116     45.564  32.461874     0.6406      7.482   126.4750 5.5155e+01     9.0407      0.181      0.262    10.6190 0.0000e+00
      0.188     -0.001    10.4281     71.401     45.574  32.464257     0.6624      7.490   126.2342 5.4835e+01     9.1882      0.185      0.268    10.6239 0.0000e+00
      0.189     -0.003     9.8842     66.230     45.651  32.515822     0.6681      7.499   126.0946 5.4780e+01     9.2755      0.186      0.270    10.6297 0.0000e+00
      0.188     -0.005     9.2378     62.032     45.738  32.577796     0.6514      7.507   126.0776 5.4730e+01     9.1741      0.185      0.268    10.6273 0.0000e+00
      0.187     -0.006     8.5713     58.970     45.736  32.579168     0.6274      7.514   126.0286 5.5103e+01     9.0553      0.185      0.268    10.6194 0.0000e+00
      0.182     -0.007     7.9257     56.899     45.670  32.532416     0.6274      7.521   125.8464 5.5538e+01     9.0687      0.180      0.262    10.6149 0.0000e+00
      0.177     -0.007     7.3267     55.544     45.662  32.520053     0.6339      7.530   125.5959 5.5553e+01     9.1308      0.172      0.249    10.6101 0.0000e+00
      0.176     -0.006     6.8557     54.635     45.723  32.556559     0.6316      7.539   125.2373 5.5485e+01     9.0886      0.171      0.247    10.6081 0.0000e+00
      0.178     -0.003     6.5211     54.003     45.773  32.593149     0.6336      7.547   124.7791 5.5256e+01     9.0021      0.177      0.256    10.6157 0.0000e+00
      0.178     -0.001     6.3019     53.607     45.749  32.581814     0.6322      7.552   124.2720 5.5337e+01     9.0424      0.176      0.255    10.6196 0.0000e+00
      0.177     -0.000     6.1636     53.383     45.696  32.546397     0.6486      7.558   123.7510 5.5837e+01     9.2003      0.172      0.250    10.6071 0.0000e+00
      0.177     -0.002     6.0726     53.219     45.697  32.545578     0.6562      7.564   123.2983 5.5923e+01     9.2369      0.173      0.250    10.5941 0.0000e+00
      0.180     -0.004     6.0005     53.091     45.734  32.571912     0.6326      7.571   122.9288 5.5882e+01     9.1088      0.177      0.256    10.5988 0.0000e+00
      0.180     -0.006     5.9557     52.969     45.783  32.611028     0.6212      7.578   122.6393 5.6143e+01     9.0181      0.178      0.257    10.6097 0.0000e+00
      0.176     -0.008     5.9400     52.853     45.813  32.637884     0.6350      7.586   122.3792 5.6403e+01     9.0278      0.173      0.250    10.6121 0.0000e+00
      0.172     -0.012     5.9185     52.789     45.816  32.642868     0.6586      7.595   122.1070 5.6684e+01     9.0899      0.167      0.242    10.6073 0.0000e+00
      0.169     -0.016     5.9080     52.752     45.851  32.671292     0.6562      7.602   121.8432 5.6923e+01     9.1206      0.165      0.240    10.6049 0.0000e+00
      0.166     -0.016     5.8945     52.725     45.920  32.727787     0.6315      7.609   121.6844 5.7212e+01     9.1264      0.165      0.239    10.6117 0.0000e+00
      0.160     -0.012     5.8750     52.738     45.949  32.754969     0.6342      7.618   121.5643 5.7724e+01     9.2271      0.158      0.230    10.6196 0.0000e+00
      0.153     -0.008     5.8716     52.783     45.848  32.682751     0.6561      7.624   121.3376 5.8089e+01     9.3133      0.148      0.215    10.6204 0.0000e+00
      0.149     -0.005     5.8682     52.854     45.679  32.552461     0.6632      7.627   121.1803 5.7683e+01     9.2810      0.143      0.207    10.6233 0.0000e+00
      0.151     -0.003     5.8604     52.984     45.638  32.511911     0.6621      7.627   121.2107 5.6988e+01     9.2127      0.146      0.212    10.6325 0.0000e+00
      0.157     -0.003     5.8624     53.152     45.730  32.573111     0.6676      7.629   121.1894 5.6697e+01     9.1701      0.155      0.224    10.6424 0.0000e+00
      0.161     -0.004     5.8680     53.313     45.846  32.658000     0.6872      7.633   121.0953 5.6834e+01     9.2103      0.161      0.233    10.6457 0.0000e+00
      0.158     -0.005     5.8745     53.475     45.914  32.713551     0.7078      7.639   121.1046 5.7532e+01     9.1864      0.157      0.227    10.6295 0.0000e+00
      0.149     -0.005     5.8931     53.657     45.852  32.673810     0.7000      7.645   121.3011 5.7979e+01     9.0517      0.146      0.211    10.6126 0.0000e+00
      0.143     -0.003     5.9148     53.849     45.788  32.621590     0.6767      7.653   121.6650 5.7928e+01     8.9820      0.138      0.199    10.6108 0.0000e+00
      0.143      0.002     5.9318     54.074     45.851  32.653140     0.6759      7.661   121.9768 5.7671e+01     9.0271      0.137      0.200    10.6117 0.0000e+00
      0.148      0.010     5.9462     54.339     45.891  32.674607     0.6982      7.668   122.1456 5.7054e+01     9.1529      0.144      0.209    10.6221 0.0000e+00
      0.154      0.016     5.9673     54.594     45.826  32.627375     0.7137      7.674   122.2437 5.6695e+01     9.2046      0.152      0.220    10.6343 0.0000e+00
      0.159      0.018     5.9882     54.793     45.777  32.589589     0.7046      7.677   122.3018 5.6081e+01     9.1059      0.156      0.226    10.6238 0.0000e+00
      0.165      0.016     6.0144     54.893     45.799  32.598387     0.6800      7.678   122.3319 5.5087e+01     9.0520      0.161      0.233    10.6018 0.0000e+00
      0.170      0.012     6.0496     54.882     45.817  32.606868     0.6745      7.679   122.4364 5.4792e+01     9.1344      0.168      0.243    10.5948 0.0000e+00
      0.174      0.008     6.0773     54.804     45.757  32.565241     0.6961      7.682   122.6185 5.4942e+01     9.2147      0.173      0.250    10.5986 0.0000e+00
      0.174      0.005     6.1026     54.704     45.630  32.475722     0.7006      7.687   122.7265 5.5257e+01     9.2020      0.171      0.249    10.5963 0.0000e+00
      0.172      0.001     6.1159     54.565     45.545  32.412684     0.6862      7.692   122.7110 5.5608e+01     9.1180      0.168      0.244    10.5854 0.0000e+00
      0.172     -0.005     6.1138     54.362     45.582  32.437475     0.6888      7.698   122.5169 5.5708e+01     9.1210      0.167      0.243    10.5769 0.0000e+00
      0.173     -0.011     6.1011     54.135     45.699  32.521698     0.7076      7.707   122.1860 5.5447e+01     9.2389      0.171      0.248    10.5825 0.0000e+00
      0.173     -0.015     6.0912     53.923     45.724  32.542843     0.7220      7.717   121.9796 5.5458e+01     9.2799      0.174      0.252    10.5851 0.0000e+00
      0.166     -0.017     6.0793     53.721     45.577  32.439365     0.7128      7.727   122.0000 5.6270e+01     9.2060      0.165      0.239    10.5786 0.0000e+00
      0.155     -0.018     6.0532     53.519     45.449  32.349070     0.6875      7.735   122.1749 5.7120e+01     9.0971      0.150      0.218    10.5797 0.0000e+00
      0.147     -0.019     6.0268     53.335     45.516  32.402705     0.6826      7.742   122.4590 5.7242e+01     9.0566      0.142      0.205    10.5783 0.0000e+00
      0.146     -0.015     6.0023     53.156     45.665  32.516899     0.6870      7.748   122.6820 5.6900e+01     9.0921      0.142      0.206    10.5839 0.0000e+00
      0.146     -0.006     5.9816     52.938     45.668  32.524402     0.6823      7.747   122.7210 5.7432e+01     9.1152      0.145      0.211    10.5874 0.0000e+00
      0.143      0.005     5.9569     52.674     45.440  32.366548     0.6843      7.734   122.5855 5.8615e+01     9.0971      0.142      0.206    10.5817 0.0000e+00
      0.139      0.013     5.9360     52.395     45.202  32.194325     0.6782      7.717   122.3342 5.8871e+01     9.0787      0.133      0.194    10.5920 0.0000e+00
      0.143      0.014     5.9176     52.122     45.270  32.218425     0.6669      7.707   122.1772 5.7531e+01     9.0635      0.136      0.197    10.6025 0.0000e+00
      0.157      0.012     5.8923     51.827     45.589  32.404148     0.6639      7.707   122.0651 5.5575e+01     9.0162      0.154      0.224    10.6067 0.0000e+00
      0.170      0.009     5.8611     51.503     45.816  32.536603     0.6667      7.712   121.9241 5.4872e+01     8.9842      0.172      0.249    10.6132 0.0000e+00
      0.172      0.006     5.8268     51.150     45.753  32.487639     0.6680      7.719   121.9360 5.5441e+01     8.9849      0.174      0.252    10.6193 0.0000e+00
      0.162      0.003     5.8032     50.779     45.501  32.319654     0.6627      7.729   122.0369 5.6276e+01     9.0584      0.158      0.230    10.5942 0.0000e+00
      0.152     -0.002     5.7780     50.452     45.346  32.218440     0.6777      7.740   122.1116 5.6262e+01     9.1221      0.144      0.210    10.5298 0.0000e+00
      0.152     -0.004     5.7470     50.221     45.451  32.278931     0.6994      7.750   122.1507 5.5274e+01     9.0034      0.146      0.212    10.4924 0.0000e+00
      0.160     -0.004     5.7080     50.073     45.680  32.416624     0.6920      7.759   122.1649 5.4713e+01     8.8188      0.157      0.229    10.4962 0.0000e+00
      0.165      0.000     5.6603     49.948     45.790  32.487539     0.6879      7.769   122.1122 5.5087e+01     8.8028      0.165      0.240    10.5115 0.0000e+00
      0.163      0.003     5.6192     49.831     45.708  32.438494     0.7003      7.778   121.8567 5.5872e+01     8.9805      0.162      0.234    10.5348 0.0000e+00
      0.156      0.004     5.5960     49.752     45.715  32.458059     0.6923      7.788   121.4849 5.6490e+01     9.1566      0.151      0.220    10.5150 0.0000e+00
      0.153      0.004     5.5899     49.747     46.055  32.724100     0.6655      7.797   121.1447 5.6493e+01     9.1563      0.147      0.214    10.4670 0.0000e+00
      0.157      0.004     5.5760     49.856     46.453  33.054061     0.6427      7.805   120.9264 5.5977e+01     9.0446      0.153      0.222    10.4664 0.0000e+00
      0.164      0.005     5.5591     50.149     46.570  33.212073     0.6573      7.813   120.8243 5.5381e+01     9.0696      0.162      0.235    10.4828 0.0000e+00
      0.168      0.005     5.5476     50.698     46.499  33.238943     0.7006      7.822   120.6853 5.5029e+01     9.1522      0.167      0.242    10.4950 0.0000e+00
      0.168      0.004     5.5432     51.500     46.440  33.252146     0.7170      7.831   120.5359 5.5089e+01     9.1205      0.166      0.240    10.5154 0.0000e+00
      0.165      0.001     5.5465     52.484     46.386  33.244872     0.7059      7.840   120.3942 5.5159e+01     9.0965      0.161      0.235    10.5603 0.0000e+00
      0.163     -0.001     5.5630     53.557     46.326  33.214479     0.6994      7.848   120.2622 5.4993e+01     9.1008      0.159      0.232    10.6556 0.0000e+00
      0.163     -0.001     5.6119     54.608     46.307  33.201892     0.7131      7.855   120.2315 5.4630e+01     9.1392      0.160      0.231    10.7499 0.0000e+00
      0.164     -0.001     5.6966     55.481     46.336  33.219570     0.7220      7.861   120.2806 5.4278e+01     9.1502      0.161      0.233    10.8076 0.0000e+00
      0.165     -0.001     5.8053     56.052     46.366  33.237889     0.6987      7.868   120.3401 5.4219e+01     9.0630      0.163      0.236    10.8397 0.0000e+00
      0.165      0.000     5.9250     56.307     46.360  33.233055     0.6728      7.875   120.2629 5.4432e+01     9.0063      0.163      0.237    10.8501 0.0000e+00
      0.164      0.001     6.0501     56.380     46.348  33.224570     0.6914      7.882   120.0352 5.4754e+01     9.0798      0.160      0.233    10.8486 0.0000e+00
      0.163      0.001     6.1512     56.382     46.312  33.198735     0.7333      7.888   119.9094 5.4807e+01     9.2005      0.158      0.230    10.8429 0.0000e+00
      0.163      0.001     6.2178     56.317     46.279  33.174461     0.7381      7.894   119.8607 5.4514e+01     9.2012      0.159      0.230    10.8395 0.0000e+00
      0.165      0.001     6.2380     56.237     46.297  33.184853     0.7154      7.901   119.6187 5.4122e+01     9.1222      0.163      0.235    10.8391 0.0000e+00
