Data/DataNotYetUploadedToEDI/Raw_CTD/RawDownloads/111025_fcr20_S7809005.cnv
* Sea-Bird SBE19plus  Data File:
* FileName = C:\R\Reservoirs\Data\DataNotYetUploadedToEDI\Raw_CTD\RawDownloads\102725_fcr50_S7809_0005.hex
* Software version 2.8.0.119
* Temperature SN = 7809
* Conductivity SN = 7809
* System UpLoad Time = Nov 13 2025 15:24:00
* <ApplicationData>
* <Seaterm232>
# nquan = 15
# nvalues = 1172                        
# units = specified
# name 0 = depFM: Depth [fresh water, m]
# name 1 = dz/dtM: Descent Rate [m/s]
# name 2 = sbeox0Mg/L: Oxygen, SBE 43 [mg/l]
# name 3 = sbeox0PS: Oxygen, SBE 43 [% saturation]
# name 4 = specc: Specific Conductance [uS/cm]
# name 5 = c0uS/cm: Conductivity [uS/cm]
# name 6 = flECO-AFL: Fluorescence, WET Labs ECO-AFL/FL [mg/m^3]
# name 7 = ph: pH
# name 8 = orp: Oxidation Reduction Potential [mV]
# name 9 = par/sat/log: PAR/Logarithmic, Satlantic
# name 10 = turbWETntu0: Turbidity, WET Labs ECO [NTU]
# name 11 = prdM: Pressure, Strain Gauge [db]
# name 12 = prdE: Pressure, Strain Gauge [psi]
# name 13 = tv290C: Temperature [ITS-90, deg C]
# name 14 = flag:  0.000e+00
# span 0 =     -0.727,      2.959       
# span 1 =     -0.312,      0.235       
# span 2 =     4.3011,    10.7719       
# span 3 =     38.963,     95.398       
# span 4 =      3.906,     46.594       
# span 5 =   2.578668,  33.493276       
# span 6 =     0.3363,     4.3705       
# span 7 =     -2.624,      9.040       
# span 8 =     6.6498,   761.5142       
# span 9 = 9.1613e-01, 1.4078e+02       
# span 10 =     4.5494,   370.4794      
# span 11 =     -0.713,      2.902      
# span 12 =     -1.034,      4.209      
# span 13 =     7.9985,    11.0256      
# span 14 = 0.0000e+00, 0.0000e+00      
# interval = seconds: 0.25
# start_time = Nov 10 2025 15:01:06 [Instrument's time stamp, header]
# bad_flag = -9.990e-29
*END*
[from data line 193]
      0.097      0.000     6.4959     57.785     46.325  33.352734     0.7983      8.914    81.2705 4.9093e+01     6.0680      0.095      0.139    10.9836 0.0000e+00
      0.097     -0.005     6.4786     57.419     46.340  33.364988     0.7958      8.914    81.1678 4.9220e+01     6.0657      0.096      0.138    10.9858 0.0000e+00
      0.097     -0.011     6.4483     57.116     46.343  33.367700     0.7751      8.913    81.1904 4.8908e+01     5.9354      0.095      0.139    10.9890 0.0000e+00
      0.097     -0.020     6.4122     56.897     46.368  33.385533     0.7556      8.913    81.1990 4.8533e+01     5.8928      0.096      0.138    10.9930 0.0000e+00
      0.094     -0.027     6.3738     56.687     46.375  33.390271     0.7432      8.913    81.1010 4.9113e+01     5.9606      0.096      0.139    10.9960 0.0000e+00
      0.085     -0.031     6.3280     56.482     46.335  33.361538     0.7582      8.915    81.0376 5.0895e+01     6.0716      0.087      0.125    10.9976 0.0000e+00
      0.068     -0.031     6.2927     56.355     46.328  33.355345     0.7618      8.916    81.0350 5.2778e+01     6.0740      0.067      0.097    10.9982 0.0000e+00
      0.052     -0.028     6.2746     56.305     46.364  33.378840     0.7449      8.916    81.0693 5.3273e+01     6.0233      0.047      0.069    10.9977 0.0000e+00
      0.045     -0.023     6.2517     56.286     46.386  33.391832     0.7622      8.916    81.1082 5.3008e+01     6.1068      0.040      0.059    10.9979 0.0000e+00
      0.045     -0.016     6.2234     56.265     46.381  33.385536     0.7964      8.915    81.1611 5.3085e+01     6.1962      0.044      0.064    10.9984 0.0000e+00
      0.048     -0.007     6.2106     56.195     46.354  33.366153     0.8177      8.915    81.1935 5.2826e+01     6.2156      0.049      0.070    10.9968 0.0000e+00
      0.047      0.000     6.2087     56.068     46.327  33.347812     0.8192      8.915    81.1545 5.2481e+01     6.1713      0.047      0.068    10.9936 0.0000e+00
      0.044      0.007     6.2068     55.904     46.332  33.354110     0.8064      8.916    81.1199 5.2820e+01     6.0705      0.043      0.063    10.9898 0.0000e+00
      0.043      0.014     6.2080     55.719     46.362  33.378853     0.8042      8.916    81.1199 5.3459e+01     6.0551      0.041      0.060    10.9871 0.0000e+00
      0.046      0.020     6.2006     55.564     46.380  33.393204     0.8009      8.915    81.1537 5.3268e+01     6.0540      0.042      0.062    10.9868 0.0000e+00
      0.054      0.025     6.1842     55.475     46.391  33.400749     0.7836      8.915    81.1844 5.1803e+01     5.9540      0.051      0.074    10.9889 0.0000e+00
      0.068      0.028     6.1670     55.421     46.400  33.406631     0.7619      8.915    81.1473 5.0260e+01     5.8710      0.067      0.097    10.9924 0.0000e+00
      0.080      0.028     6.1426     55.397     46.392  33.400873     0.7636      8.915    81.0490 4.9761e+01     5.9044      0.081      0.117    10.9959 0.0000e+00
      0.086      0.025     6.1227     55.426     46.383  33.394577     0.7961      8.914    80.9426 4.9780e+01     6.0173      0.086      0.124    10.9978 0.0000e+00
      0.089      0.018     6.1166     55.495     46.382  33.393953     0.8049      8.914    80.9791 4.9340e+01     6.0406      0.087      0.126    10.9972 0.0000e+00
      0.093      0.010     6.1103     55.565     46.381  33.393329     0.7777      8.914    81.1462 4.9055e+01     5.9470      0.091      0.132    10.9954 0.0000e+00
      0.096      0.003     6.1062     55.603     46.371  33.387032     0.7587      8.915    81.2420 4.8903e+01     5.8759      0.095      0.137    10.9953 0.0000e+00
      0.096     -0.002     6.1101     55.610     46.361  33.381264     0.7670      8.915    81.1915 4.8813e+01     5.8982      0.095      0.138    10.9960 0.0000e+00
      0.095     -0.009     6.1195     55.621     46.368  33.387032     0.7783      8.915    81.1383 4.9454e+01     5.9436      0.093      0.135    10.9962 0.0000e+00
      0.092     -0.017     6.1286     55.652     46.376  33.393329     0.7700      8.915    81.1142 4.9809e+01     5.9121      0.090      0.130    10.9968 0.0000e+00
      0.087     -0.024     6.1326     55.669     46.376  33.393953     0.7581      8.915    80.9005 5.0263e+01     5.8930      0.087      0.125    10.9978 0.0000e+00
      0.080     -0.029     6.1314     55.649     46.378  33.394576     0.7686      8.917    80.7063 5.1221e+01     5.9862      0.081      0.116    10.9985 0.0000e+00
      0.069     -0.031     6.1311     55.609     46.388  33.400864     0.7956      8.918    80.7448 5.1647e+01     6.1163      0.069      0.099    10.9990 0.0000e+00
      0.056     -0.029     6.1367     55.534     46.398  33.406538     0.8017      8.918    80.8492 5.2886e+01     6.1340      0.055      0.080    11.0001 0.0000e+00
      0.046     -0.025     6.1403     55.411     46.392  33.399730     0.7843      8.919    80.9354 5.3584e+01     6.0290      0.044      0.063    11.0006 0.0000e+00
      0.041     -0.019     6.1354     55.252     46.370  33.382003     0.7681      8.919    80.9277 5.2744e+01     5.9745      0.039      0.057    10.9999 0.0000e+00
      0.040     -0.009     6.1332     55.066     46.373  33.382533     0.7809      8.920    80.9275 5.2854e+01     6.0551      0.040      0.058    10.9990 0.0000e+00
      0.039      0.003     6.1257     54.873     46.406  33.406124     0.7975      8.920    81.0191 5.3751e+01     6.0806      0.039      0.057    10.9974 0.0000e+00
      0.039      0.015     6.1111     54.706     46.415  33.413461     0.7860      8.920    81.0027 5.4141e+01     5.9761      0.038      0.056    10.9949 0.0000e+00
      0.042      0.025     6.0945     54.613     46.405  33.407798     0.7747      8.919    80.9011 5.3046e+01     5.9187      0.038      0.055    10.9922 0.0000e+00
      0.051      0.031     6.0730     54.608     46.395  33.401098     0.7610      8.918    80.9091 5.1770e+01     5.9680      0.047      0.068    10.9904 0.0000e+00
      0.066      0.033     6.0510     54.668     46.387  33.395908     0.7618      8.917    80.9286 5.0522e+01     6.0596      0.065      0.094    10.9902 0.0000e+00
      0.080      0.033     6.0295     54.774     46.404  33.408493     0.7841      8.915    80.9641 4.9383e+01     6.0693      0.080      0.117    10.9918 0.0000e+00
      0.090      0.028     6.0184     54.917     46.429  33.426373     0.7985      8.914    81.0802 4.9032e+01     5.9833      0.090      0.130    10.9933 0.0000e+00
      0.095      0.021     6.0198     55.066     46.422  33.421754     0.8029      8.914    81.2138 4.8824e+01     5.9418      0.094      0.136    10.9938 0.0000e+00
      0.096      0.013     6.0268     55.192     46.414  33.416090     0.7949      8.914    81.3743 4.8584e+01     6.0113      0.095      0.138    10.9947 0.0000e+00
      0.096      0.007     6.0379     55.298     46.421  33.421339     0.7937      8.913    81.4731 4.8396e+01     6.1065      0.094      0.137    10.9950 0.0000e+00
      0.097      0.003     6.0557     55.397     46.421  33.421773     0.7971      8.914    81.5477 4.8619e+01     6.0683      0.095      0.138    10.9946 0.0000e+00
      0.098      0.000     6.0734     55.483     46.420  33.421339     0.7858      8.914    81.6739 4.8846e+01     5.9589      0.096      0.139    10.9952 0.0000e+00
      0.098     -0.001     6.0868     55.556     46.412  33.416091     0.7734      8.915    81.7080 4.9099e+01     5.9115      0.096      0.140    10.9957 0.0000e+00
      0.097     -0.001     6.0976     55.620     46.419  33.421763     0.7967      8.915    81.7028 4.9371e+01     5.8715      0.097      0.140    10.9955 0.0000e+00
      0.096      0.000     6.1090     55.647     46.426  33.426482     0.8514      8.915    81.7828 4.9469e+01     5.8504      0.095      0.138    10.9955 0.0000e+00
      0.095      0.001     6.1192     55.643     46.404  33.409699     0.8684      8.917    81.8144 4.9499e+01     5.8274      0.093      0.135    10.9961 0.0000e+00
      0.095      0.001     6.1249     55.633     46.405  33.409169     0.8528      8.919    81.7405 4.9398e+01     5.7299      0.093      0.134    10.9970 0.0000e+00
      0.096      0.000     6.1354     55.582     46.421  33.420081     0.8540      8.919    81.6637 4.9224e+01     5.6959      0.095      0.137    10.9974 0.0000e+00
      0.099     -0.002     6.1375     55.451     46.415  33.414738     0.8742      8.919    81.7467 4.8793e+01     5.7919      0.097      0.142    10.9971 0.0000e+00
      0.100     -0.002     6.1347     55.266     46.406  33.408017     0.8896      8.921    81.8837 4.9142e+01     5.8654      0.099      0.144    10.9961 0.0000e+00
      0.097     -0.002     6.1362     55.082     46.398  33.402259     0.8734      8.922    81.8572 5.0108e+01     5.7996      0.096      0.139    10.9950 0.0000e+00
      0.092     -0.002     6.1331     54.932     46.407  33.408555     0.8453      8.922    81.9423 4.9728e+01     5.7140      0.090      0.130    10.9940 0.0000e+00
      0.090     -0.003     6.1174     54.861     46.425  33.420704     0.8486      8.922    82.1382 4.9482e+01     5.7872      0.087      0.125    10.9930 0.0000e+00
      0.093     -0.005     6.0935     54.859     46.428  33.422263     0.8633      8.922    82.1616 4.9448e+01     5.8304      0.090      0.131    10.9925 0.0000e+00
      0.097     -0.008     6.0743     54.916     46.436  33.427408     0.8570      8.923    82.1382 4.8880e+01     5.7581      0.095      0.140    10.9928 0.0000e+00
      0.097     -0.013     6.0530     55.032     46.426  33.419466     0.8473      8.923    82.1144 4.9264e+01     5.7323      0.097      0.141    10.9929 0.0000e+00
      0.092     -0.018     6.0478     55.167     46.385  33.389675     0.8463      8.924    82.1320 5.0417e+01     5.7578      0.093      0.135    10.9922 0.0000e+00
      0.082     -0.023     6.0483     55.271     46.377  33.384426     0.8537      8.926    82.1784 5.1481e+01     5.8283      0.081      0.118    10.9911 0.0000e+00
      0.071     -0.023     6.0525     55.281     46.425  33.419456     0.8614      8.926    82.1597 5.2000e+01     5.8326      0.068      0.097    10.9901 0.0000e+00
      0.063     -0.020     6.0697     55.178     46.444  33.432551     0.8559      8.926    82.1639 5.2477e+01     5.7765      0.059      0.086    10.9893 0.0000e+00
      0.058     -0.014     6.0839     55.016     46.423  33.415862     0.8377      8.926    82.1425 5.3361e+01     5.7984      0.055      0.081    10.9893 0.0000e+00
      0.058     -0.008     6.1000     54.865     46.415  33.408005     0.8410      8.927    82.1594 5.3376e+01     5.8919      0.055      0.080    10.9900 0.0000e+00
      0.060     -0.004     6.1018     54.760     46.408  33.401000     0.8704      8.928    82.2824 5.1926e+01     6.0183      0.058      0.084    10.9902 0.0000e+00
      0.061     -0.002     6.0871     54.630     46.401  33.394601     0.8687      8.928    82.3388 5.1441e+01     6.0286      0.060      0.088    10.9896 0.0000e+00
      0.061     -0.002     6.0680     54.469     46.401  33.394082     0.8529      8.928    82.2389 5.1973e+01     5.8798      0.061      0.089    10.9880 0.0000e+00
      0.059     -0.002     6.0469     54.368     46.401  33.394714     0.8794      8.929    82.0214 5.2629e+01     5.7907      0.057      0.083    10.9856 0.0000e+00
      0.055     -0.002     6.0422     54.313     46.410  33.402249     0.9153      8.931    81.9468 5.2965e+01     5.8399      0.054      0.078    10.9831 0.0000e+00
      0.054     -0.002     6.0294     54.259     46.436  33.421744     0.9284      8.931    82.1113 5.2334e+01     5.8944      0.052      0.076    10.9815 0.0000e+00
      0.056     -0.001     6.0032     54.222     46.461  33.440096     0.9212      8.931    82.2886 5.2057e+01     5.9022      0.055      0.080    10.9814 0.0000e+00
      0.057     -0.000     5.9951     54.226     46.452  33.433808     0.8955      8.931    82.3699 5.1897e+01     5.9003      0.057      0.083    10.9824 0.0000e+00
      0.057      0.001     5.9919     54.304     46.418  33.409160     0.8915      8.932    82.3201 5.1952e+01     5.9751      0.056      0.082    10.9836 0.0000e+00
      0.056      0.002     5.9833     54.470     46.399  33.395857     0.9151      8.932    82.2886 5.2082e+01     6.0549      0.055      0.079    10.9846 0.0000e+00
      0.056      0.005     5.9794     54.670     46.405  33.399856     0.9137      8.933    82.4187 5.2488e+01     5.9769      0.054      0.078    10.9849 0.0000e+00
      0.056      0.013     5.9783     54.876     46.397  33.394061     0.8745      8.935    82.5176 5.2667e+01     5.8852      0.055      0.080    10.9849 0.0000e+00
      0.058      0.022     5.9848     55.113     46.390  33.389238     0.8328      8.936    82.4511 5.1662e+01     5.9375      0.056      0.081    10.9848 0.0000e+00
      0.063      0.030     6.0069     55.288     46.411  33.404981     0.8253      8.936    82.3890 5.0911e+01     6.0628      0.059      0.085    10.9849 0.0000e+00
      0.074      0.035     6.0315     55.312     46.394  33.394079     0.8418      8.936    82.5415 4.9691e+01     6.0332      0.070      0.101    10.9846 0.0000e+00
      0.091      0.035     6.0489     55.279     46.378  33.384313     0.8422      8.936    82.7458 4.8153e+01     5.7846      0.091      0.132    10.9843 0.0000e+00
      0.105      0.031     6.0804     55.275     46.418  33.413784     0.8295      8.937    82.7941 4.7553e+01     5.6183      0.106      0.153    10.9850 0.0000e+00
      0.112      0.023     6.1078     55.320     46.443  33.433193     0.8296      8.937    82.7819 4.7424e+01     5.6973      0.111      0.162    10.9860 0.0000e+00
      0.116      0.014     6.1006     55.403     46.434  33.428657     0.8611      8.936    82.7700 4.7545e+01     5.8855      0.115      0.167    10.9871 0.0000e+00
      0.115      0.007     6.0953     55.515     46.424  33.422377     0.8931      8.936    82.8216 4.7809e+01     5.9808      0.114      0.165    10.9887 0.0000e+00
      0.110      0.002     6.0937     55.660     46.422  33.420713     0.8839      8.936    82.8902 4.8364e+01     5.9275      0.107      0.155    10.9903 0.0000e+00
      0.108      0.000     6.0989     55.822     46.406  33.408545     0.8828      8.938    82.8243 4.8416e+01     5.9583      0.103      0.149    10.9917 0.0000e+00
      0.111     -0.001     6.1094     55.942     46.398  33.402135     0.9123      8.939    82.7142 4.7961e+01     6.1133      0.108      0.157    10.9930 0.0000e+00
      0.115     -0.001     6.1195     55.957     46.406  33.406654     0.9335      8.939    82.7641 4.7877e+01     6.1624      0.113      0.165    10.9943 0.0000e+00
      0.116     -0.001     6.1374     55.867     46.399  33.399748     0.9228      8.939    82.9970 4.8325e+01     6.0729      0.115      0.167    10.9945 0.0000e+00
      0.114     -0.002     6.1562     55.682     46.376  33.382068     0.8918      8.940    83.2073 4.8744e+01     5.9539      0.112      0.163    10.9933 0.0000e+00
      0.110     -0.004     6.1751     55.413     46.379  33.383219     0.8907      8.940    83.2413 4.8598e+01     5.9539      0.107      0.155    10.9922 0.0000e+00
      0.107     -0.004     6.1744     55.117     46.423  33.413674     0.9013      8.941    83.2355 4.8501e+01     6.0048      0.105      0.152    10.9910 0.0000e+00
      0.107     -0.002     6.1647     54.850     46.452  33.433070     0.8865      8.942    83.3098 4.8604e+01     5.9539      0.105      0.152    10.9894 0.0000e+00
      0.108      0.001     6.1455     54.636     46.445  33.427399     0.8615      8.942    83.2796 4.8194e+01     5.8515      0.106      0.153    10.9884 0.0000e+00
      0.108      0.005     6.1119     54.483     46.417  33.408547     0.8321      8.942    83.2137 4.7892e+01     5.7566      0.107      0.155    10.9877 0.0000e+00
      0.108      0.008     6.0785     54.451     46.397  33.395462     0.8314      8.943    83.2021 4.7960e+01     5.7634      0.106      0.154    10.9859 0.0000e+00
