Data/DataNotYetUploadedToEDI/Raw_CTD/RawDownloads/111025_fcr50_S7809003.cnv
* Sea-Bird SBE19plus  Data File:
* FileName = C:\R\Reservoirs\Data\DataNotYetUploadedToEDI\Raw_CTD\RawDownloads\102725_fcr50_S7809_0003.hex
* Software version 2.8.0.119
* Temperature SN = 7809
* Conductivity SN = 7809
* System UpLoad Time = Nov 13 2025 15:23:09
* <ApplicationData>
* <Seaterm232>
# nquan = 15
# nvalues = 1413                        
# units = specified
# name 0 = depFM: Depth [fresh water, m]
# name 1 = dz/dtM: Descent Rate [m/s]
# name 2 = sbeox0Mg/L: Oxygen, SBE 43 [mg/l]
# name 3 = sbeox0PS: Oxygen, SBE 43 [% saturation]
# name 4 = specc: Specific Conductance [uS/cm]
# name 5 = c0uS/cm: Conductivity [uS/cm]
# name 6 = flECO-AFL: Fluorescence, WET Labs ECO-AFL/FL [mg/m^3]
# name 7 = ph: pH
# name 8 = orp: Oxidation Reduction Potential [mV]
# name 9 = par/sat/log: PAR/Logarithmic, Satlantic
# name 10 = turbWETntu0: Turbidity, WET Labs ECO [NTU]
# name 11 = prdM: Pressure, Strain Gauge [db]
# name 12 = prdE: Pressure, Strain Gauge [psi]
# name 13 = tv290C: Temperature [ITS-90, deg C]
# name 14 = flag:  0.000e+00
# span 0 =     -0.711,      9.535       
# span 1 =     -2.356,      0.251       
# span 2 =     4.3589,    10.9120       
# span 3 =     39.922,     95.650       
# span 4 =      0.653,    308.733       
# span 5 =   0.425037, 224.955449       
# span 6 =    -0.0775,     1.1131       
# span 7 =     -2.152,     13.319       
# span 8 = -1171.2030,   627.7323       
# span 9 = 1.2367e-01, 2.2738e+02       
# span 10 =     1.3364,    91.7384      
# span 11 =     -0.698,      9.354      
# span 12 =     -1.012,     13.567      
# span 13 =     7.4655,    11.5650      
# span 14 = 0.0000e+00, 0.0000e+00      
# interval = seconds: 0.25
# start_time = Nov 10 2025 10:44:20 [Instrument's time stamp, header]
# bad_flag = -9.990e-29
*END*
[from data line 97]
     -0.008      0.046     8.1728     53.631     45.678  33.118683     0.5685      7.790   241.4386 1.1721e+02     7.7206     -0.012     -0.017    11.2339 0.0000e+00
      0.007      0.052     7.4130     51.773     45.665  33.104973     0.5388      7.778   241.3348 1.1189e+02     7.6473      0.005      0.006    11.2408 0.0000e+00
      0.030      0.053     6.7392     51.096     45.703  33.129049     0.5272      7.769   240.8623 1.0846e+02     7.6126      0.029      0.042    11.2498 0.0000e+00
      0.052      0.049     6.1946     51.090     45.740  33.156019     0.5526      7.766   240.2858 1.0625e+02     7.5746      0.056      0.081    11.2551 0.0000e+00
      0.065      0.042     5.8142     51.389     45.768  33.177280     0.5701      7.772   239.7843 1.0451e+02     7.5301      0.068      0.099    11.2510 0.0000e+00
      0.070      0.036     5.6308     51.788     45.706  33.132340     0.5645      7.785   239.8758 1.0441e+02     7.5519      0.069      0.100    11.2437 0.0000e+00
      0.070      0.033     5.5794     52.206     45.519  32.993319     0.5349      7.799   240.0153 1.0499e+02     7.5316      0.070      0.101    11.2405 0.0000e+00
      0.072      0.033     5.5911     52.551     45.394  32.892129     0.5207      7.809   239.9225 1.0401e+02     7.5921      0.069      0.099    11.2403 0.0000e+00
      0.080      0.035     5.6327     52.733     45.472  32.923936     0.5422      7.817   239.6992 1.0048e+02     7.7376      0.074      0.107    11.2427 0.0000e+00
      0.097      0.036     5.6759     52.738     45.615  32.997207     0.5531      7.827   239.3804 9.6422e+01     7.7532      0.095      0.137    11.2451 0.0000e+00
      0.116      0.035     5.7271     52.571     45.661  33.016698     0.5444      7.840   239.1655 9.4517e+01     7.7126      0.118      0.172    11.2398 0.0000e+00
      0.126      0.033     5.7707     52.318     45.595  32.969266     0.5537      7.855   239.0800 9.4136e+01     7.7246      0.126      0.184    11.2347 0.0000e+00
      0.128      0.029     5.7925     52.104     45.453  32.867804     0.5904      7.868   239.2074 9.3867e+01     7.7961      0.126      0.182    11.2058 0.0000e+00
      0.129      0.024     5.8017     51.950     45.362  32.805019     0.6059      7.880   239.3294 9.4316e+01     7.8250      0.126      0.182    11.1558 0.0000e+00
      0.133      0.019     5.7814     51.835     45.409  32.844559     0.5905      7.891   239.1787 9.4427e+01     7.7663      0.129      0.187    11.1456 0.0000e+00
      0.141      0.019     5.7441     51.749     45.477  32.901791     0.6285      7.903   239.0191 9.3175e+01     7.7017      0.138      0.199    11.1537 0.0000e+00
      0.149      0.019     5.7226     51.639     45.497  32.926026     0.7247      7.915   238.8629 9.2395e+01     7.6590      0.148      0.214    11.1523 0.0000e+00
      0.154      0.019     5.7066     51.458     45.514  32.947276     0.7803      7.925   238.5806 9.2525e+01     7.6257      0.152      0.220    11.1554 0.0000e+00
      0.157      0.017     5.6916     51.242     45.538  32.968397     0.7679      7.935   238.4456 9.1950e+01     7.5373      0.153      0.221    11.1624 0.0000e+00
      0.160      0.014     5.6842     51.023     45.567  32.991069     0.6916      7.944   238.4351 9.0970e+01     7.4784      0.156      0.227    11.1705 0.0000e+00
      0.165      0.010     5.6740     50.796     45.616  33.031079     0.5986      7.953   238.3681 9.0190e+01     7.6314      0.162      0.235    11.1829 0.0000e+00
      0.168      0.008     5.6491     50.556     45.662  33.071504     0.5671      7.961   238.2369 8.9783e+01     7.8154      0.166      0.240    11.1945 0.0000e+00
      0.169      0.006     5.6238     50.321     45.688  33.099193     0.5685      7.970   238.0537 9.0091e+01     7.8248      0.166      0.241    11.1962 0.0000e+00
      0.169      0.003     5.6011     50.138     45.693  33.112100     0.5573      7.979   237.9594 9.0419e+01     7.7105      0.166      0.241    11.1966 0.0000e+00
      0.169      0.001     5.5747     50.043     45.665  33.100690     0.5402      7.987   238.0427 9.0073e+01     7.5613      0.166      0.241    11.2024 0.0000e+00
      0.169      0.000     5.5478     50.022     45.639  33.088128     0.5443      7.995   238.1156 8.9295e+01     7.5236      0.166      0.241    11.2103 0.0000e+00
      0.169 2.2507e-08     5.5178     50.000     45.633  33.087098     0.5657      8.003   238.0659 8.8926e+01     7.5272      0.166      0.241    11.2191 0.0000e+00
      0.169 2.4758e-07     5.4953     49.952     45.632  33.088252     0.5656      8.011   237.8723 8.9335e+01     7.4342      0.166      0.240    11.2303 0.0000e+00
      0.169 2.4758e-07     5.4832     49.948     45.650  33.102074     0.5355      8.019   237.5813 8.9914e+01     7.3565      0.166      0.241    11.2411 0.0000e+00
      0.169 2.2507e-08     5.4844     50.001     45.685  33.127336     0.5094      8.026   237.4725 9.0141e+01     7.4070      0.166      0.241    11.2480 0.0000e+00
      0.169 2.0461e-09     5.4839     50.070     45.703  33.139920     0.5241      8.034   237.4170 8.9646e+01     7.5330      0.166      0.241    11.2517 0.0000e+00
      0.169 1.8601e-10     5.4723     50.159     45.687  33.127337     0.5548      8.041   237.3411 8.9191e+01     7.5474      0.166      0.241    11.2534 0.0000e+00
      0.169 1.6910e-11     5.4718     50.288     45.653  33.102084     0.5565      8.047   237.3292 8.9940e+01     7.5126      0.166      0.241    11.2539 0.0000e+00
      0.169 1.5373e-12     5.4815     50.443     45.637  33.088367     0.5440      8.053   237.1876 9.0635e+01     7.6590      0.166      0.240    11.2535 0.0000e+00
      0.169 1.3976e-13     5.4877     50.596     45.640  33.088368     0.5380      8.058   236.6614 9.0559e+01     7.8484      0.166      0.241    11.2526 0.0000e+00
      0.169 1.2705e-14     5.4965     50.722     45.662  33.102085     0.5411      8.064   235.8707 9.0712e+01     7.8896      0.166      0.241    11.2519 0.0000e+00
      0.169 1.1550e-15     5.5113     50.792     45.698  33.127339     0.5570      8.070   235.3712 9.1204e+01     7.7486      0.166      0.241    11.2512 0.0000e+00
      0.169 1.0500e-16     5.5301     50.815     45.715  33.139931     0.5643      8.075   235.1817 9.1083e+01     7.5087      0.165      0.240    11.2497 0.0000e+00
      0.169 9.5456e-18     5.5474     50.818     45.697  33.127451     0.5790      8.081   235.2997 9.0530e+01     7.4483      0.166      0.240    11.2467 0.0000e+00
      0.169 8.6893e-19     5.5637     50.775     45.665  33.103332     0.6104      8.086   235.5934 9.0218e+01     7.5657      0.165      0.240    11.2439 0.0000e+00
      0.169 9.1933e-20     5.5715     50.676     45.666  33.102084     0.6107      8.091   235.1196 9.0113e+01     7.6976      0.166      0.241    11.2429 0.0000e+00
      0.169 1.5070e-19     5.5707     50.566     45.683  33.112363     0.5742      8.097   234.0455 9.0585e+01     7.7447      0.166      0.240    11.2435 0.0000e+00
      0.169 1.5795e-18     5.5738     50.471     45.672  33.100714     0.5357      8.102   233.4467 9.1013e+01     7.6573      0.166      0.241    11.2442 0.0000e+00
      0.169 1.7367e-17     5.5698     50.380     45.659  33.088120     0.5282      8.107   233.3856 9.0408e+01     7.6314      0.166      0.241    11.2436 0.0000e+00
      0.169 1.9103e-16     5.5564     50.285     45.663  33.086975     0.5417      8.111   233.4788 8.9873e+01     7.6710      0.166      0.240    11.2414 0.0000e+00
      0.169 2.1014e-15     5.5434     50.188     45.667  33.086871     0.5405      8.115   233.4561 9.0228e+01     7.6578      0.166      0.241    11.2384 0.0000e+00
      0.169 2.3115e-14     5.5349     50.100     45.672  33.086861     0.5307      8.120   233.1975 8.9999e+01     7.6427      0.166      0.241    11.2353 0.0000e+00
      0.169 2.5427e-13     5.5254     50.024     45.677  33.086851     0.5232      8.124   232.7607 8.9296e+01     7.6254      0.166      0.241    11.2313 0.0000e+00
      0.169 2.7969e-12     5.5155     49.953     45.682  33.086738     0.5158      8.129   232.3050 9.0172e+01     7.6192      0.166      0.240    11.2269 0.0000e+00
      0.169 3.0766e-11     5.5048     49.875     45.687  33.085490     0.5327      8.134   231.9895 9.1235e+01     7.5678      0.166      0.240    11.2233 0.0000e+00
      0.169 3.3843e-10     5.4954     49.786     45.672  33.071763     0.5696      8.138   231.7849 9.0173e+01     7.4479      0.166      0.241    11.2201 0.0000e+00
      0.169 3.7227e-09     5.4881     49.691     45.641  33.047643     0.5880      8.141   231.6378 8.9644e+01     7.4329      0.166      0.241    11.2160 0.0000e+00
      0.169 4.0950e-08     5.4811     49.563     45.641  33.047633     0.5885      8.144   232.0177 9.0945e+01     7.5231      0.166      0.240    11.2110 0.0000e+00
      0.169 4.5045e-07     5.4741     49.415     45.675  33.071637     0.5840      8.149   232.6791 9.1095e+01     7.6502      0.166      0.240    11.2062 0.0000e+00
      0.169      0.000     5.4626     49.297     45.695  33.084106     0.5664      8.154   232.5793 9.0071e+01     7.7411      0.166      0.241    11.2026 0.0000e+00
      0.169      0.000     5.4554     49.187     45.680  33.071505     0.5334      8.156   232.1012 8.9800e+01     7.6993      0.166      0.240    11.2010 0.0000e+00
      0.169      0.001     5.4411     49.067     45.648  33.046168     0.5187      8.158   231.5446 8.9878e+01     7.6911      0.166      0.241    11.2009 0.0000e+00
      0.169      0.002     5.4203     48.949     45.632  33.031526     0.5461      8.163   230.8403 8.9893e+01     7.7444      0.166      0.241    11.2004 0.0000e+00
      0.170      0.003     5.4106     48.839     45.627  33.021346     0.5906      8.167   230.9849 9.0285e+01     7.7292      0.166      0.241    11.1988 0.0000e+00
      0.171      0.003     5.3998     48.729     45.595  32.986522     0.6075      8.169   231.8299 9.0493e+01     7.6100      0.167      0.242    11.1962 0.0000e+00
      0.172      0.003     5.3852     48.600     45.532  32.927674     0.5923      8.172   232.1093 9.0602e+01     7.4305      0.169      0.245    11.1943 0.0000e+00
      0.174      0.003     5.3729     48.431     45.485  32.880796     0.5894      8.176   231.8681 9.1112e+01     7.4720      0.171      0.247    11.1927 0.0000e+00
      0.174      0.003     5.3618     48.246     45.477  32.863804     0.6140      8.178   231.4950 9.0825e+01     7.7356      0.171      0.248    11.1859 0.0000e+00
      0.174      0.002     5.3516     48.056     45.470  32.849098     0.6156      8.180   231.0390 9.0184e+01     7.8161      0.171      0.248    11.1717 0.0000e+00
      0.175      0.001     5.3418     47.831     45.455  32.829867     0.5835      8.183   230.7429 9.0229e+01     7.6941      0.171      0.248    11.1556 0.0000e+00
      0.175      0.000     5.3231     47.566     45.454  32.821601     0.5672      8.185   230.5814 9.0309e+01     7.6611      0.172      0.249    11.1414 0.0000e+00
      0.175 5.7421e-08     5.3028     47.281     45.453  32.812583     0.5772      8.188   230.5490 9.0521e+01     7.7591      0.171      0.248    11.1291 0.0000e+00
      0.175 6.3163e-07     5.2864     46.995     45.423  32.784270     0.6034      8.190   230.6097 9.0197e+01     7.8203      0.171      0.248    11.1187 0.0000e+00
      0.175      0.000     5.2620     46.725     45.363  32.733028     0.6090      8.194   230.5412 9.0018e+01     7.7521      0.171      0.248    11.1096 0.0000e+00
      0.175      0.000     5.2330     46.472     45.328  32.700555     0.5869      8.198   230.3229 9.0856e+01     7.6509      0.172      0.249    11.1010 0.0000e+00
      0.175      0.001     5.2020     46.219     45.350  32.708835     0.5774      8.202   229.6047 9.1063e+01     7.6211      0.172      0.249    11.0926 0.0000e+00
      0.176      0.001     5.1710     45.980     45.356  32.706251     0.5859      8.206   228.4828 9.0920e+01     7.5967      0.172      0.250    11.0845 0.0000e+00
      0.176      0.000     5.1413     45.765     45.314  32.669305     0.6066      8.208   227.9437 9.0970e+01     7.4937      0.172      0.250    11.0763 0.0000e+00
      0.176 1.8474e-08     5.1168     45.560     45.286  32.642774     0.6117      8.209   228.1622 9.1066e+01     7.4001      0.172      0.250    11.0682 0.0000e+00
      0.176 2.0321e-07     5.0883     45.384     45.291  32.639219     0.6061      8.212   228.5445 9.1381e+01     7.4561      0.172      0.250    11.0604 0.0000e+00
      0.176 2.0321e-07     5.0618     45.207     45.282  32.626322     0.6220      8.215   228.6085 9.1083e+01     7.5900      0.172      0.250    11.0523 0.0000e+00
      0.175 1.8474e-08     5.0416     44.993     45.273  32.613708     0.6371      8.218   227.9887 9.0909e+01     7.6528      0.172      0.249    11.0445 0.0000e+00
      0.175 1.6794e-09     5.0167     44.779     45.282  32.613585     0.6311      8.223   226.9017 9.1809e+01     7.6001      0.172      0.249    11.0375 0.0000e+00
      0.175 1.5267e-10     4.9999     44.586     45.306  32.624829     0.6072      8.226   226.2205 9.1734e+01     7.5329      0.172      0.249    11.0302 0.0000e+00
      0.175 1.3880e-11     4.9850     44.408     45.486  32.749652     0.5979      8.228   226.1188 9.0410e+01     7.6274      0.172      0.250    11.0232 0.0000e+00
      0.175 1.2618e-12     4.9580     44.250     45.886  33.044285     0.6179      8.231   226.1885 9.0701e+01     7.7864      0.172      0.249    11.0163 0.0000e+00
      0.176 1.1471e-13     4.9351     44.147     46.229  33.332287     0.6162      8.233   226.2026 9.1626e+01     7.7804      0.172      0.250    11.0093 0.0000e+00
      0.176 1.0428e-14     4.9153     44.211     46.358  33.503840     0.5860      8.235   226.2035 9.1465e+01     7.5887      0.172      0.250    11.0022 0.0000e+00
      0.175 9.4800e-16     4.8961     44.662     46.369  33.595943     0.5693      8.238   226.0266 9.2030e+01     7.4154      0.172      0.249    10.9961 0.0000e+00
      0.175 8.6180e-17     4.8789     45.766     46.320  33.621206     0.5809      8.240   225.4411 9.3174e+01     7.4615      0.172      0.249    10.9897 0.0000e+00
      0.175 7.8345e-18     4.8590     47.575     46.265  33.619021     0.6095      8.242   224.9748 9.3470e+01     7.5997      0.173      0.250    11.0268 0.0000e+00
      0.175 7.1225e-19     4.8463     49.881     46.253  33.633012     0.6071      8.245   224.8623 9.2733e+01     7.6517      0.172      0.249    11.1334 0.0000e+00
      0.176 6.4750e-20     4.8701     52.450     46.279  33.663497     0.5761      8.247   225.2853 9.2144e+01     7.6453      0.172      0.250    11.2365 0.0000e+00
      0.176 5.8865e-21     4.9811     55.035     46.287  33.670407     0.5684      8.249   226.0462 9.2798e+01     7.6252      0.173      0.250    11.2986 0.0000e+00
      0.176 5.3510e-22     5.1871     57.292     46.270  33.653114     0.5889      8.253   226.2322 9.3456e+01     7.6817      0.172      0.250    11.3360 0.0000e+00
      0.176 4.8647e-23     5.4450     58.981     46.261  33.644749     0.6078      8.256   225.9854 9.3927e+01     7.7147      0.173      0.250    11.3594 0.0000e+00
      0.176 4.4224e-24     5.7305     60.058     46.237  33.632701     0.5970      8.258   225.5576 9.4052e+01     7.5800      0.173      0.250    11.3722 0.0000e+00
      0.176 4.0204e-25     6.0302     60.540     46.225  33.634346     0.5834      8.259   225.0173 9.2802e+01     7.4876      0.172      0.250    11.3709 0.0000e+00
      0.175 3.6549e-26     6.2888     60.548     46.260  33.664638     0.5841      8.262   225.2175 9.1741e+01     7.5191      0.172      0.249    11.3618 0.0000e+00
      0.175 3.3227e-27     6.4719     60.294     46.290  33.681741     0.5900      8.264   225.9995 9.1648e+01     7.5515      0.172      0.249    11.3579 0.0000e+00
