Data/DataNotYetUploadedToEDI/Raw_CTD/RawDownloads/111025_fcr20_S7809005.cnv
* Sea-Bird SBE19plus  Data File:
* FileName = C:\R\Reservoirs\Data\DataNotYetUploadedToEDI\Raw_CTD\RawDownloads\102725_fcr50_S7809_0005.hex
* Software version 2.8.0.119
* Temperature SN = 7809
* Conductivity SN = 7809
* System UpLoad Time = Nov 13 2025 15:24:00
* <ApplicationData>
* <Seaterm232>
# nquan = 15
# nvalues = 1172                        
# units = specified
# name 0 = depFM: Depth [fresh water, m]
# name 1 = dz/dtM: Descent Rate [m/s]
# name 2 = sbeox0Mg/L: Oxygen, SBE 43 [mg/l]
# name 3 = sbeox0PS: Oxygen, SBE 43 [% saturation]
# name 4 = specc: Specific Conductance [uS/cm]
# name 5 = c0uS/cm: Conductivity [uS/cm]
# name 6 = flECO-AFL: Fluorescence, WET Labs ECO-AFL/FL [mg/m^3]
# name 7 = ph: pH
# name 8 = orp: Oxidation Reduction Potential [mV]
# name 9 = par/sat/log: PAR/Logarithmic, Satlantic
# name 10 = turbWETntu0: Turbidity, WET Labs ECO [NTU]
# name 11 = prdM: Pressure, Strain Gauge [db]
# name 12 = prdE: Pressure, Strain Gauge [psi]
# name 13 = tv290C: Temperature [ITS-90, deg C]
# name 14 = flag:  0.000e+00
# span 0 =     -0.727,      2.959       
# span 1 =     -0.312,      0.235       
# span 2 =     4.3011,    10.7719       
# span 3 =     38.963,     95.398       
# span 4 =      3.906,     46.594       
# span 5 =   2.578668,  33.493276       
# span 6 =     0.3363,     4.3705       
# span 7 =     -2.624,      9.040       
# span 8 =     6.6498,   761.5142       
# span 9 = 9.1613e-01, 1.4078e+02       
# span 10 =     4.5494,   370.4794      
# span 11 =     -0.713,      2.902      
# span 12 =     -1.034,      4.209      
# span 13 =     7.9985,    11.0256      
# span 14 = 0.0000e+00, 0.0000e+00      
# interval = seconds: 0.25
# start_time = Nov 10 2025 15:01:06 [Instrument's time stamp, header]
# bad_flag = -9.990e-29
*END*
[from data line 482]
      0.119      0.000     5.1578     45.651     46.399  33.393279     0.8127      8.999    85.4149 4.7762e+01     5.7484      0.116      0.169    10.9855 0.0000e+00
      0.118 5.7107e-08     5.1311     45.417     46.381  33.379542     0.7745      9.000    85.5132 4.7489e+01     5.7272      0.115      0.167    10.9844 0.0000e+00
      0.118 6.2818e-07     5.0958     45.170     46.357  33.361662     0.7737      8.999    85.4898 4.7825e+01     5.7788      0.116      0.168    10.9835 0.0000e+00
      0.118      0.000     5.0598     44.928     46.366  33.367424     0.8024      8.999    85.3901 4.8161e+01     5.8266      0.115      0.167    10.9830 0.0000e+00
      0.119      0.000     5.0349     44.689     46.391  33.385774     0.8470      9.000    85.3411 4.8176e+01     5.8606      0.116      0.168    10.9824 0.0000e+00
      0.119      0.001     5.0113     44.452     46.402  33.393196     0.8555      9.000    85.4131 4.7963e+01     5.8151      0.116      0.169    10.9818 0.0000e+00
      0.119      0.001     4.9814     44.239     46.403  33.393716     0.8386      8.999    85.4862 4.7722e+01     5.7878      0.117      0.169    10.9811 0.0000e+00
      0.119      0.000     4.9558     44.033     46.401  33.392061     0.8598      8.999    85.3642 4.7778e+01     5.8727      0.116      0.169    10.9804 0.0000e+00
      0.119      0.000     4.9302     43.810     46.376  33.373182     0.9113      9.000    85.1424 4.7803e+01     5.9529      0.117      0.169    10.9805 0.0000e+00
      0.119     -0.001     4.9015     43.576     46.352  33.355785     0.9287      9.001    85.0423 4.7916e+01     5.9035      0.117      0.169    10.9803 0.0000e+00
      0.119     -0.004     4.8800     43.366     46.376  33.372048     0.9124      9.002    85.0152 4.7959e+01     5.7885      0.116      0.169    10.9794 0.0000e+00
      0.119     -0.007     4.8583     43.193     46.386  33.379489     0.9226      9.002    85.0727 4.7894e+01     5.7923      0.117      0.169    10.9788 0.0000e+00
      0.118     -0.011     4.8338     43.031     46.390  33.382306     0.9604      9.001    85.2205 4.7967e+01     5.8803      0.116      0.168    10.9786 0.0000e+00
      0.114     -0.013     4.8059     42.872     46.424  33.406113     0.9693      9.001    85.2544 4.8360e+01     5.8622      0.112      0.164    10.9779 0.0000e+00
      0.109     -0.013     4.7818     42.707     46.435  33.413563     0.9471      9.002    85.2239 4.9220e+01     5.7446      0.107      0.156    10.9769 0.0000e+00
      0.103     -0.012     4.7652     42.519     46.429  33.408932     0.9332      9.004    85.2822 4.9756e+01     5.6539      0.100      0.145    10.9774 0.0000e+00
      0.098     -0.011     4.7468     42.330     46.434  33.413565     0.9182      9.004    85.3565 4.9781e+01     5.6882      0.095      0.137    10.9781 0.0000e+00
      0.097     -0.008     4.7288     42.160     46.423  33.406134     0.8909      9.003    85.3479 4.9690e+01     5.8172      0.095      0.138    10.9772 0.0000e+00
      0.097     -0.004     4.7135     42.005     46.391  33.382535     0.8689      9.003    85.2646 4.9790e+01     5.8479      0.096      0.140    10.9759 0.0000e+00
      0.097     -0.001     4.6903     41.866     46.393  33.382006     0.8429      9.004    85.2094 4.9849e+01     5.7859      0.096      0.139    10.9761 0.0000e+00
      0.097      0.001     4.6683     41.757     46.419  33.399733     0.8184      9.005    85.1969 4.9886e+01     5.8526      0.095      0.137    10.9776 0.0000e+00
      0.097      0.002     4.6506     41.667     46.430  33.406541     0.8227      9.005    85.1132 5.0095e+01     6.0388      0.094      0.136    10.9781 0.0000e+00
      0.098      0.003     4.6336     41.567     46.423  33.400867     0.8450      9.005    84.9720 4.9840e+01     6.1247      0.096      0.138    10.9770 0.0000e+00
      0.099      0.004     4.6171     41.455     46.415  33.394579     0.8461      9.005    85.0387 4.9566e+01     6.0721      0.097      0.140    10.9755 0.0000e+00
      0.101      0.004     4.6055     41.350     46.416  33.393956     0.8361      9.006    85.2311 4.9240e+01     6.0519      0.099      0.143    10.9740 0.0000e+00
      0.103      0.004     4.5981     41.253     46.417  33.393331     0.8496      9.006    85.1470 4.8855e+01     6.1191      0.101      0.146    10.9726 0.0000e+00
      0.103      0.003     4.5868     41.162     46.411  33.387025     0.8669      9.007    84.9677 4.9059e+01     6.1671      0.101      0.147    10.9720 0.0000e+00
      0.103      0.003     4.5733     41.082     46.405  33.381153     0.8707      9.007    85.0429 4.9034e+01     6.1544      0.101      0.146    10.9716 0.0000e+00
      0.103      0.004     4.5619     41.004     46.413  33.385778     0.8461      9.007    85.1962 4.9001e+01     6.0679      0.101      0.146    10.9702 0.0000e+00
      0.103      0.006     4.5520     40.924     46.407  33.379491     0.8101      9.007    85.1864 4.9125e+01     6.0096      0.100      0.146    10.9684 0.0000e+00
      0.104      0.008     4.5413     40.874     46.394  33.368579     0.8104      9.007    85.0958 4.8681e+01     6.0638      0.101      0.147    10.9665 0.0000e+00
      0.107      0.010     4.5332     40.883     46.413  33.380739     0.8081      9.006    85.0477 4.8241e+01     6.0745      0.104      0.152    10.9645 0.0000e+00
      0.112      0.010     4.5253     40.900     46.441  33.399619     0.7751      9.006    85.0349 4.8127e+01     6.0023      0.110      0.159    10.9626 0.0000e+00
      0.116      0.010     4.5154     40.891     46.452  33.406532     0.7597      9.007    85.0265 4.8013e+01     5.9771      0.114      0.165    10.9608 0.0000e+00
      0.119      0.008     4.5073     40.900     46.445  33.400869     0.7800      9.007    85.0328 4.7755e+01     6.0432      0.117      0.169    10.9592 0.0000e+00
      0.121      0.005     4.5118     40.956     46.437  33.394591     0.8045      9.007    85.0243 4.7440e+01     6.1176      0.119      0.172    10.9579 0.0000e+00
      0.121      0.002     4.5166     41.068     46.436  33.394072     0.7980      9.007    85.0106 4.7210e+01     6.0915      0.119      0.173    10.9569 0.0000e+00
      0.120      0.000     4.5117     41.246     46.437  33.394592     0.7846      9.007    85.0385 4.7486e+01     6.0346      0.118      0.171    10.9557 0.0000e+00
      0.119     -0.002     4.5121     41.456     46.447  33.400881     0.8092      9.007    85.0174 4.7921e+01     6.0101      0.116      0.169    10.9546 0.0000e+00
      0.118     -0.003     4.5188     41.643     46.457  33.406659     0.8458      9.006    85.0139 4.8077e+01     6.0006      0.116      0.168    10.9542 0.0000e+00
      0.118     -0.003     4.5295     41.818     46.450  33.401005     0.8604      9.006    85.0823 4.7962e+01     6.0564      0.116      0.168    10.9541 0.0000e+00
      0.118     -0.003     4.5509     41.985     46.445  33.395965     0.8441      9.006    85.0694 4.7771e+01     6.0701      0.116      0.168    10.9537 0.0000e+00
      0.117     -0.003     4.5779     42.095     46.465  33.409174     0.8070      9.005    85.0306 4.8041e+01     6.0286      0.115      0.167    10.9530 0.0000e+00
      0.116     -0.004     4.5970     42.151     46.500  33.433824     0.7947      9.005    85.0433 4.8427e+01     6.0674      0.114      0.165    10.9520 0.0000e+00
      0.115     -0.004     4.6150     42.178     46.510  33.440226     0.8117      9.006    85.0511 4.8580e+01     6.1302      0.113      0.163    10.9511 0.0000e+00
      0.113     -0.004     4.6381     42.182     46.488  33.423133     0.8299      9.006    85.0395 4.8622e+01     6.1045      0.111      0.161    10.9499 0.0000e+00
      0.112     -0.003     4.6490     42.160     46.481  33.417479     0.8395      9.005    84.9889 4.8524e+01     6.0303      0.110      0.160    10.9489 0.0000e+00
      0.111     -0.002     4.6536     42.110     46.506  33.435312     0.8441      9.005    84.9548 4.8344e+01     6.0523      0.108      0.157    10.9478 0.0000e+00
      0.110     -0.000     4.6575     42.051     46.525  33.448417     0.8616      9.005    84.8858 4.8356e+01     6.1313      0.107      0.155    10.9467 0.0000e+00
      0.111      0.001     4.6570     41.993     46.525  33.449041     0.8677      9.005    84.7573 4.8449e+01     6.0969      0.108      0.158    10.9459 0.0000e+00
      0.112      0.001     4.6564     41.947     46.517  33.442858     0.8436      9.006    84.7777 4.8301e+01     5.9783      0.110      0.160    10.9450 0.0000e+00
      0.113      0.001     4.6485     41.936     46.509  33.437100     0.8278      9.006    84.8740 4.8170e+01     5.9278      0.111      0.161    10.9443 0.0000e+00
      0.113      0.001     4.6423     41.957     46.517  33.442873     0.8347      9.006    84.8894 4.8201e+01     5.9984      0.111      0.161    10.9441 0.0000e+00
      0.113      0.000     4.6364     42.002     46.526  33.449207     0.8521      9.006    84.9631 4.8079e+01     6.0800      0.110      0.160    10.9444 0.0000e+00
      0.113 4.1799e-07     4.6287     42.068     46.528  33.450237     0.8546      9.007    85.0767 4.8048e+01     6.0263      0.111      0.161    10.9445 0.0000e+00
      0.113      0.000     4.6289     42.135     46.535  33.455332     0.8322      9.008    85.0590 4.8130e+01     5.9302      0.111      0.160    10.9445 0.0000e+00
      0.112      0.000     4.6311     42.182     46.525  33.447366     0.8144      9.007    85.0066 4.8107e+01     5.9082      0.110      0.159    10.9446 0.0000e+00
      0.112      0.001     4.6362     42.218     46.485  33.417365     0.8130      9.006    85.0457 4.7982e+01     5.8975      0.110      0.160    10.9443 0.0000e+00
      0.112      0.001     4.6440     42.239     46.476  33.409810     0.8161      9.006    85.0159 4.7942e+01     5.9039      0.110      0.160    10.9440 0.0000e+00
      0.112     -0.001     4.6532     42.200     46.490  33.419463     0.8022      9.007    84.9035 4.8082e+01     5.9511      0.110      0.160    10.9437 0.0000e+00
      0.113     -0.005     4.6576     42.095     46.473  33.407190     0.7776      9.007    84.8919 4.7709e+01     5.9549      0.112      0.161    10.9428 0.0000e+00
      0.114     -0.009     4.6607     41.964     46.447  33.388308     0.7680      9.008    84.9615 4.7382e+01     5.9159      0.113      0.163    10.9414 0.0000e+00
      0.113     -0.012     4.6667     41.828     46.437  33.381499     0.7784      9.008    85.0568 4.7755e+01     5.9576      0.112      0.163    10.9403 0.0000e+00
      0.108     -0.012     4.6625     41.673     46.446  33.388308     0.8035      9.007    85.0983 4.8553e+01     6.0154      0.108      0.156    10.9399 0.0000e+00
      0.099     -0.010     4.6484     41.500     46.471  33.407179     0.8052      9.007    84.9460 4.9502e+01     5.9654      0.096      0.139    10.9397 0.0000e+00
      0.092     -0.005     4.6327     41.348     46.486  33.419337     0.7818      9.007    84.7645 4.9630e+01     5.9334      0.086      0.124    10.9393 0.0000e+00
      0.092      0.001     4.6202     41.263     46.469  33.408425     0.7871      9.007    84.7974 4.9268e+01     6.0045      0.088      0.128    10.9398 0.0000e+00
      0.099      0.007     4.6013     41.188     46.459  33.402139     0.8111      9.007    84.9132 4.8873e+01     6.0743      0.098      0.142    10.9408 0.0000e+00
      0.104      0.012     4.5825     41.074     46.466  33.406773     0.8144      9.006    84.9594 4.8418e+01     6.0603      0.103      0.149    10.9410 0.0000e+00
      0.108      0.013     4.5602     40.997     46.459  33.401015     0.8015      9.006    84.9259 4.8321e+01     6.0058      0.105      0.152    10.9424 0.0000e+00
      0.111      0.011     4.5545     40.951     46.452  33.395958     0.8131      9.007    84.8530 4.7994e+01     6.0306      0.109      0.158    10.9449 0.0000e+00
      0.115      0.007     4.5525     40.908     46.471  33.409070     0.8549      9.007    84.9375 4.7689e+01     6.1202      0.113      0.165    10.9456 0.0000e+00
      0.116      0.005     4.5294     40.865     46.505  33.432669     0.8655      9.007    85.1738 4.7711e+01     6.0986      0.114      0.166    10.9450 0.0000e+00
      0.115      0.004     4.5263     40.798     46.499  33.427517     0.8503      9.007    85.3004 4.7651e+01     5.9738      0.112      0.163    10.9445 0.0000e+00
      0.115      0.002     4.5210     40.717     46.476  33.410215     0.8292      9.007    85.3508 4.7685e+01     5.8749      0.112      0.162    10.9439 0.0000e+00
      0.116      0.002     4.5155     40.647     46.481  33.413800     0.8021      9.006    85.4383 4.7599e+01     5.8596      0.113      0.164    10.9430 0.0000e+00
      0.117      0.002     4.5136     40.583     46.472  33.407428     0.8049      9.006    85.4974 4.7622e+01     5.9258      0.114      0.166    10.9421 0.0000e+00
      0.118      0.003     4.5047     40.518     46.457  33.396612     0.8052      9.006    85.5497 4.7800e+01     5.8902      0.116      0.168    10.9414 0.0000e+00
      0.118      0.003     4.4951     40.475     46.476  33.409914     0.7809      9.005    85.5542 4.7713e+01     5.7357      0.117      0.169    10.9409 0.0000e+00
      0.118      0.003     4.4869     40.456     46.520  33.441370     0.7694      9.005    85.4660 4.7561e+01     5.6632      0.116      0.168    10.9406 0.0000e+00
      0.119      0.003     4.4822     40.457     46.546  33.459722     0.7905      9.005    85.4304 4.7392e+01     5.6974      0.116      0.168    10.9404 0.0000e+00
      0.121      0.003     4.4720     40.515     46.521  33.441474     0.8276      9.005    85.5538 4.7245e+01     5.7735      0.118      0.172    10.9404 0.0000e+00
      0.123      0.003     4.4675     40.637     46.480  33.411067     0.8270      9.005    85.6668 4.7299e+01     5.7973      0.120      0.174    10.9405 0.0000e+00
      0.123      0.003     4.4668     40.775     46.478  33.409300     0.7912      9.005    85.5924 4.7365e+01     5.8483      0.120      0.174    10.9408 0.0000e+00
      0.123      0.003     4.4642     40.906     46.494  33.420098     0.7864      9.004    85.6006 4.7268e+01     6.0153      0.121      0.175    10.9405 0.0000e+00
      0.123      0.003     4.4698     41.028     46.488  33.414737     0.8190      9.003    85.6795 4.7080e+01     6.1083      0.121      0.175    10.9397 0.0000e+00
      0.124      0.003     4.4873     41.128     46.480  33.407920     0.8355      9.003    85.5145 4.6881e+01     6.1181      0.122      0.177    10.9388 0.0000e+00
      0.126      0.002     4.5024     41.197     46.471  33.401122     0.8115      9.003    85.3261 4.6676e+01     6.0999      0.123      0.179    10.9379 0.0000e+00
      0.126      0.001     4.5167     41.228     46.464  33.395988     0.7864      9.004    85.2951 4.6667e+01     6.0929      0.124      0.180    10.9370 0.0000e+00
      0.126     -0.001     4.5315     41.233     46.482  33.409290     0.7994      9.005    85.3106 4.6756e+01     6.1362      0.124      0.180    10.9364 0.0000e+00
      0.126     -0.003     4.5421     41.248     46.518  33.435074     0.8099      9.006    85.3423 4.6781e+01     6.0775      0.125      0.181    10.9358 0.0000e+00
      0.126     -0.004     4.5509     41.290     46.545  33.453954     0.7885      9.005    85.3338 4.7068e+01     5.9637      0.124      0.180    10.9352 0.0000e+00
      0.123     -0.004     4.5539     41.351     46.536  33.447243     0.7653      9.004    85.3801 4.7469e+01     5.9216      0.121      0.175    10.9350 0.0000e+00
      0.121     -0.003     4.5523     41.426     46.496  33.417366     0.7703      9.004    85.5573 4.7738e+01     5.9438      0.118      0.171    10.9351 0.0000e+00
      0.120     -0.002     4.5534     41.511     46.486  33.409935     0.7996      9.004    85.5835 4.7485e+01     6.0272      0.117      0.169    10.9353 0.0000e+00
      0.121     -0.001     4.5589     41.580     46.501  33.420836     0.8027      9.003    85.4394 4.7012e+01     6.0425      0.118      0.171    10.9349 0.0000e+00
