Data/DataNotYetUploadedToEDI/Raw_CTD/RawDownloads/111020_bvr50.cnv
* Sea-Bird SBE19plus  Data File:
* FileName = C:\DATA\111020_bvr50_0002.hex
* Software version 2.8.0.119
* Temperature SN = 7809
* Conductivity SN = 7809
* System UpLoad Time = Nov 10 2020 10:50:16
* <ApplicationData>
* <Seaterm232>
# nquan = 16
# nvalues = 2412                        
# units = specified
# name 0 = depFM: Depth [fresh water, m]
# name 1 = dz/dtM: Descent Rate [m/s]
# name 2 = orp: Oxidation Reduction Potential [mV]
# name 3 = sbeox0Mg/L: Oxygen, SBE 43 [mg/l]
# name 4 = sbeox0PS: Oxygen, SBE 43 [% saturation]
# name 5 = par/sat/log: PAR/Logarithmic, Satlantic
# name 6 = ph: pH
# name 7 = specc: Specific Conductance [uS/cm]
# name 8 = c0uS/cm: Conductivity [uS/cm]
# name 9 = flECO-AFL: Fluorescence, WET Labs ECO-AFL/FL [mg/m^3]
# name 10 = turbWETntu0: Turbidity, WET Labs ECO [NTU]
# name 11 = tv290C: Temperature [ITS-90, deg C]
# name 12 = density00: Density [density, kg/m^3]
# name 13 = prdE: Pressure, Strain Gauge [psi]
# name 14 = prdM: Pressure, Strain Gauge [db]
# name 15 = flag:  0.000e+00
# span 0 =     -0.683,     10.480       
# span 1 =     -0.304,      0.300       
# span 2 =   158.0757,  1240.2295       
# span 3 =     2.7232,     9.7917       
# span 4 =     24.908,     95.038       
# span 5 = 1.2353e-01, 2.6148e+02       
# span 6 =     15.687,     16.150       
# span 7 =      0.743,     44.840       
# span 8 =   0.634438,  36.246434       
# span 9 =    -1.0058,     8.5519       
# span 10 =    -0.3158,    71.2818      
# span 11 =    11.2794,    17.7440      
# span 12 =   998.6476,   999.6439      
# span 13 =     -0.972,     14.907      
# span 14 =     -0.670,     10.278      
# span 15 = 0.0000e+00, 0.0000e+00      
# interval = seconds: 0.25
# start_time = Nov 09 2020 21:54:09 [Instrument's time stamp, header]
# bad_flag = -9.990e-29
*END*
[from data line 995]
      3.974      0.034   248.5598     6.8147     63.090 1.2375e-01     15.852     29.781  21.970740     3.7776     6.8035    11.8865   999.5440      5.655      3.898 0.0000e+00
      3.979      0.033   248.4198     6.8092     63.105 1.2362e-01     15.852     29.799  21.983882     3.7346     6.8196    11.8851   999.5442      5.658      3.901 0.0000e+00
      3.987      0.032   248.3931     6.8066     63.099 1.2358e-01     15.852     29.832  22.007840     3.6719     6.8940    11.8845   999.5443      5.668      3.908 0.0000e+00
      3.997      0.032   248.4086     6.8110     63.068 1.2361e-01     15.852     29.831  22.006743     3.6389     6.8788    11.8845   999.5443      5.687      3.921 0.0000e+00
      4.006      0.033   248.4356     6.8193     63.025 1.2360e-01     15.852     29.782  21.970628     3.6218     6.7742    11.8843   999.5444      5.700      3.930 0.0000e+00
      4.013      0.034   248.5469     6.8177     62.969 1.2360e-01     15.852     29.757  21.951665     3.6086     6.7617    11.8841   999.5444      5.707      3.935 0.0000e+00
      4.021      0.034   248.6361     6.8193     62.892 1.2364e-01     15.853     29.779  21.967713     3.5843     6.8645    11.8840   999.5445      5.719      3.942 0.0000e+00
      4.030      0.034   248.7396     6.8151     62.878 1.2365e-01     15.853     29.789  21.974413     3.5376     6.9540    11.8834   999.5446      5.732      3.952 0.0000e+00
      4.039      0.035   248.9379     6.8086     62.919 1.2370e-01     15.852     29.783  21.969258     3.5012     6.9502    11.8826   999.5447      5.745      3.961 0.0000e+00
      4.048      0.036   248.9690     6.8083     62.974 1.2379e-01     15.852     29.783  21.968804     3.4878     6.8869    11.8824   999.5448      5.759      3.971 0.0000e+00
      4.057      0.036   248.7716     6.7901     63.025 1.2374e-01     15.852     29.784  21.968917     3.5089     6.8762    11.8818   999.5449      5.770      3.979 0.0000e+00
      4.067      0.035   248.6163     6.7924     63.021 1.2361e-01     15.853     29.787  21.970620     3.5567     6.9241    11.8794   999.5452      5.783      3.987 0.0000e+00
      4.077      0.035   248.7258     6.8003     63.036 1.2359e-01     15.853     29.813  21.989393     3.5787     6.9510    11.8779   999.5454      5.801      3.999 0.0000e+00
      4.086      0.035   248.9770     6.8019     63.069 1.2369e-01     15.853     29.836  22.005648     3.5661     6.9614    11.8780   999.5455      5.815      4.009 0.0000e+00
      4.093      0.035   248.9869     6.8170     63.025 1.2376e-01     15.854     29.797  21.976918     3.5469     7.0158    11.8777   999.5455      5.820      4.013 0.0000e+00
      4.101      0.033   248.8449     6.8079     62.953 1.2374e-01     15.854     29.773  21.959099     3.5474     7.1269    11.8764   999.5457      5.830      4.019 0.0000e+00
      4.112      0.029   248.8954     6.8085     62.886 1.2369e-01     15.854     29.803  21.980444     3.5619     7.1714    11.8754   999.5459      5.848      4.031 0.0000e+00
      4.123      0.028   249.0810     6.8232     62.847 1.2364e-01     15.854     29.804  21.981341     3.5701     7.1420    11.8755   999.5460      5.867      4.045 0.0000e+00
      4.129      0.028   249.1959     6.8096     62.880 1.2361e-01     15.854     29.789  21.969944     3.6276     7.1495    11.8755   999.5459      5.875      4.050 0.0000e+00
      4.131      0.028   249.2517     6.8031     62.880 1.2364e-01     15.854     29.788  21.969476     3.7325     7.1930    11.8741   999.5460      5.874      4.050 0.0000e+00
      4.134      0.029   249.2403     6.7972     62.801 1.2368e-01     15.853     29.797  21.975680     3.7790     7.2221    11.8731   999.5462      5.878      4.052 0.0000e+00
      4.142      0.031   249.2293     6.7856     62.728 1.2366e-01     15.853     29.806  21.981540     3.7710     7.1923    11.8729   999.5463      5.889      4.061 0.0000e+00
      4.154      0.034   249.2908     6.7979     62.619 1.2365e-01     15.854     29.801  21.976918     3.7687     7.1074    11.8728   999.5464      5.910      4.075 0.0000e+00
      4.165      0.039   249.2967     6.8028     62.509 1.2372e-01     15.854     29.810  21.983209     3.8945     7.0192    11.8735   999.5463      5.926      4.086 0.0000e+00
      4.174      0.043   249.3866     6.7815     62.479 1.2377e-01     15.853     29.826  21.994181     4.1383     6.9501    11.8730   999.5464      5.937      4.093 0.0000e+00
      4.184      0.045   249.6030     6.7839     62.511 1.2376e-01     15.852     29.812  21.982756     4.2561     6.8904    11.8711   999.5467      5.948      4.102 0.0000e+00
      4.194      0.046   249.6759     6.7695     62.577 1.2376e-01     15.853     29.799  21.971888     4.2510     6.8462    11.8695   999.5469      5.962      4.111 0.0000e+00
      4.208      0.045   249.7515     6.7483     62.471 1.2378e-01     15.853     29.825  21.989612     4.3142     6.8278    11.8691   999.5470      5.983      4.125 0.0000e+00
      4.223      0.043   249.9152     6.7560     62.248 1.2376e-01     15.853     29.849  22.006803     4.4483     6.8400    11.8693   999.5471      6.008      4.142 0.0000e+00
      4.237      0.039   249.9351     6.7476     62.198 1.2372e-01     15.853     29.824  21.989498     4.5272     6.8910    11.8674   999.5474      6.029      4.156 0.0000e+00
      4.246      0.033   249.9061     6.7760     62.286 1.2370e-01     15.853     29.798  21.970630     4.5335     6.9287    11.8640   999.5478      6.041      4.165 0.0000e+00
      4.252      0.028   249.9084     6.7632     62.361 1.2374e-01     15.853     29.796  21.968915     4.5249     6.9187    11.8614   999.5481      6.048      4.170 0.0000e+00
      4.255      0.025   249.8766     6.7136     62.329 1.2372e-01     15.853     29.796  21.968764     4.5279     6.9077    11.8609   999.5482      6.053      4.173 0.0000e+00
      4.258      0.025   249.8658     6.7209     62.204 1.2367e-01     15.853     29.796  21.968802     4.5420     6.8979    11.8618   999.5481      6.055      4.174 0.0000e+00
      4.263      0.026   249.9502     6.7330     62.138 1.2367e-01     15.852     29.796  21.969382     4.5429     6.8694    11.8624   999.5480      6.060      4.178 0.0000e+00
      4.273      0.028   250.0359     6.7459     62.145 1.2375e-01     15.852     29.805  21.975776     4.5761     6.8718    11.8622   999.5481      6.078      4.191 0.0000e+00
      4.283      0.032   250.0423     6.7441     62.110 1.2376e-01     15.852     29.815  21.982695     4.6571     6.9268    11.8623   999.5481      6.094      4.202 0.0000e+00
      4.291      0.036   250.1133     6.7193     62.042 1.2369e-01     15.852     29.825  21.989622     4.7122     6.9508    11.8631   999.5481      6.103      4.207 0.0000e+00
      4.298      0.038   250.2049     6.7118     62.001 1.2370e-01     15.852     29.834  21.996112     4.7273     6.8875    11.8630   999.5481      6.111      4.213 0.0000e+00
      4.308      0.039   250.2048     6.7226     62.008 1.2375e-01     15.852     29.836  21.997747     4.6776     6.8485    11.8622   999.5483      6.126      4.223 0.0000e+00
      4.319      0.040   250.1983     6.7154     62.102 1.2374e-01     15.852     29.852  22.009390     4.5881     6.9244    11.8617   999.5484      6.143      4.235 0.0000e+00
      4.330      0.042   250.2118     6.7043     62.192 1.2368e-01     15.852     29.853  22.010062     4.5514     7.0152    11.8615   999.5485      6.158      4.246 0.0000e+00
      4.343      0.042   250.2827     6.7030     62.177 1.2362e-01     15.852     29.847  22.005869     4.5479     7.0192    11.8615   999.5485      6.177      4.259 0.0000e+00
      4.354      0.041   250.3671     6.6966     62.099 1.2362e-01     15.852     29.869  22.022106     4.5271     6.9395    11.8616   999.5485      6.194      4.270 0.0000e+00
      4.363      0.039   250.3706     6.7138     61.999 1.2365e-01     15.853     29.860  22.016132     4.4717     6.8411    11.8615   999.5486      6.205      4.278 0.0000e+00
      4.372      0.038   250.4116     6.7298     61.916 1.2363e-01     15.853     29.835  21.997056     4.4212     6.8253    11.8610   999.5487      6.218      4.287 0.0000e+00
      4.381      0.039   250.6050     6.7225     61.886 1.2363e-01     15.853     29.815  21.981705     4.4129     6.8849    11.8609   999.5487      6.231      4.296 0.0000e+00
      4.390      0.041   250.7298     6.7138     61.858 1.2369e-01     15.853     29.782  21.957360     4.4086     6.9100    11.8619   999.5487      6.244      4.305 0.0000e+00
      4.400      0.042   250.6297     6.7022     61.800 1.2375e-01     15.853     29.781  21.956358     4.3989     6.9915    11.8628   999.5486      6.256      4.314 0.0000e+00
      4.411      0.041   250.5998     6.6892     61.739 1.2379e-01     15.853     29.800  21.969592     4.4006     7.1495    11.8621   999.5487      6.271      4.325 0.0000e+00
      4.426      0.040   250.7123     6.6904     61.678 1.2381e-01     15.853     29.829  21.990537     4.4091     7.2061    11.8613   999.5489      6.295      4.341 0.0000e+00
      4.438      0.038   250.7860     6.6899     61.667 1.2379e-01     15.853     29.868  22.019351     4.4156     7.1955    11.8604   999.5491      6.317      4.356 0.0000e+00
      4.445      0.036   250.8884     6.6789     61.710 1.2372e-01     15.853     29.843  22.000904     4.3945     7.1236    11.8594   999.5492      6.324      4.360 0.0000e+00
      4.451      0.033   251.0037     6.6770     61.758 1.2367e-01     15.853     29.784  21.957740     4.3537     6.9899    11.8588   999.5493      6.328      4.363 0.0000e+00
      4.458      0.031   250.9754     6.6647     61.798 1.2367e-01     15.854     29.761  21.941373     4.3421     6.9522    11.8585   999.5494      6.341      4.372 0.0000e+00
      4.466      0.030   250.8906     6.6636     61.763 1.2367e-01     15.854     29.746  21.929843     4.3495     6.9764    11.8585   999.5495      6.353      4.380 0.0000e+00
      4.474      0.030   250.9245     6.6731     61.607 1.2366e-01     15.854     29.767  21.945162     4.3295     6.9398    11.8585   999.5495      6.363      4.387 0.0000e+00
      4.483      0.031   251.0409     6.6752     61.414 1.2366e-01     15.854     29.842  21.999762     4.2815     6.8520    11.8587   999.5494      6.377      4.397 0.0000e+00
      4.491      0.032   251.0931     6.6838     61.314 1.2366e-01     15.854     29.868  22.019267     4.2552     6.8426    11.8587   999.5495      6.388      4.404 0.0000e+00
      4.497      0.034   251.0406     6.6836     61.338 1.2368e-01     15.853     29.830  21.990745     4.2683     6.9296    11.8587   999.5495      6.396      4.410 0.0000e+00
      4.506      0.035   251.0084     6.6623     61.443 1.2371e-01     15.853     29.805  21.971982     4.3832     6.9416    11.8583   999.5496      6.407      4.417 0.0000e+00
      4.516      0.036   251.0473     6.6345     61.577 1.2373e-01     15.853     29.820  21.982648     4.5854     6.8859    11.8580   999.5497      6.421      4.427 0.0000e+00
      4.527      0.036   251.0813     6.6230     61.652 1.2370e-01     15.853     29.835  21.992885     4.7011     6.9083    11.8580   999.5498      6.440      4.440 0.0000e+00
      4.537      0.035   251.1603     6.6293     61.666 1.2367e-01     15.854     29.802  21.968928     4.7240     6.9720    11.8577   999.5498      6.454      4.450 0.0000e+00
      4.546      0.034   251.3146     6.6401     61.718 1.2368e-01     15.854     29.772  21.946647     4.7186     6.9354    11.8570   999.5500      6.466      4.458 0.0000e+00
      4.553      0.033   251.3126     6.6607     61.800 1.2372e-01     15.853     29.812  21.977149     4.6451     6.8768    11.8557   999.5501      6.478      4.466 0.0000e+00
      4.560      0.031   251.1359     6.6706     61.852 1.2377e-01     15.852     29.871  22.020640     4.5317     6.9158    11.8550   999.5503      6.485      4.471 0.0000e+00
      4.567      0.031   251.1574     6.6626     61.853 1.2380e-01     15.852     29.882  22.028588     4.4827     6.9613    11.8553   999.5502      6.494      4.478 0.0000e+00
      4.576      0.033   251.3139     6.6718     61.802 1.2378e-01     15.853     29.857  22.009824     4.4914     6.9800    11.8559   999.5502      6.509      4.488 0.0000e+00
      4.584      0.035   251.3071     6.6831     61.724 1.2375e-01     15.853     29.822  21.984014     4.5221     6.9701    11.8565   999.5502      6.521      4.496 0.0000e+00
      4.592      0.036   251.1620     6.6888     61.659 1.2376e-01     15.853     29.803  21.970189     4.5680     6.9448    11.8567   999.5502      6.529      4.502 0.0000e+00
      4.603      0.036   251.0225     6.6897     61.603 1.2376e-01     15.853     29.803  21.969509     4.5985     6.9836    11.8563   999.5503      6.545      4.513 0.0000e+00
      4.615      0.035   250.9960     6.6828     61.525 1.2373e-01     15.853     29.812  21.975787     4.6142     6.9922    11.8564   999.5504      6.567      4.528 0.0000e+00
      4.625      0.034   251.1000     6.6724     61.442 1.2373e-01     15.852     29.822  21.982675     4.5288     6.9126    11.8566   999.5504      6.580      4.537 0.0000e+00
      4.630      0.034   251.3333     6.6652     61.386 1.2374e-01     15.852     29.831  21.989385     4.3476     6.8450    11.8557   999.5505      6.583      4.539 0.0000e+00
      4.636      0.035   251.4943     6.6625     61.350 1.2374e-01     15.852     29.837  21.993492     4.2541     6.8615    11.8539   999.5507      6.593      4.545 0.0000e+00
      4.645      0.036   251.4982     6.6524     61.317 1.2373e-01     15.852     29.804  21.968917     4.2574     6.9393    11.8535   999.5508      6.607      4.555 0.0000e+00
      4.655      0.037   251.5522     6.6416     61.307 1.2375e-01     15.852     29.774  21.945916     4.2065     6.9281    11.8538   999.5508      6.620      4.564 0.0000e+00
      4.666      0.039   251.6306     6.6363     61.362 1.2372e-01     15.853     29.807  21.969042     4.0861     6.8296    11.8535   999.5509      6.636      4.576 0.0000e+00
      4.678      0.041   251.5859     6.6333     61.455 1.2370e-01     15.853     29.845  21.994866     4.0226     6.8458    11.8533   999.5510      6.654      4.588 0.0000e+00
      4.688      0.041   251.5282     6.6298     61.528 1.2370e-01     15.852     29.860  22.004481     4.0207     6.9533    11.8534   999.5510      6.667      4.597 0.0000e+00
      4.698      0.041   251.6209     6.6250     61.567 1.2367e-01     15.852     29.885  22.021889     3.9486     6.9953    11.8522   999.5512      6.681      4.606 0.0000e+00
      4.709      0.040   251.7604     6.6333     61.603 1.2366e-01     15.852     29.876  22.015094     3.7993     6.9419    11.8487   999.5516      6.698      4.618 0.0000e+00
      4.719      0.039   251.7527     6.6478     61.639 1.2365e-01     15.853     29.837  21.985737     3.7031     6.8568    11.8450   999.5521      6.712      4.628 0.0000e+00
      4.729      0.037   251.6137     6.6552     61.581 1.2367e-01     15.853     29.835  21.984014     3.6831     6.8594    11.8428   999.5524      6.725      4.636 0.0000e+00
      4.739      0.034   251.5413     6.6596     61.431 1.2370e-01     15.853     29.850  21.994258     3.6808     6.9385    11.8418   999.5526      6.741      4.648 0.0000e+00
      4.748      0.030   251.6520     6.6592     61.268 1.2371e-01     15.853     29.835  21.982766     3.6179     6.9553    11.8413   999.5527      6.756      4.658 0.0000e+00
      4.755      0.026   251.7486     6.6728     61.150 1.2376e-01     15.854     29.820  21.971892     3.4946     6.9255    11.8406   999.5528      6.765      4.664 0.0000e+00
      4.759      0.022   251.6766     6.6643     61.118 1.2376e-01     15.854     29.844  21.989615     3.4292     6.9556    11.8396   999.5529      6.771      4.668 0.0000e+00
