Data/DataNotYetUploadedToEDI/Raw_CTD/RawDownloads/111025_fcr20_S7809005.cnv
* Sea-Bird SBE19plus  Data File:
* FileName = C:\R\Reservoirs\Data\DataNotYetUploadedToEDI\Raw_CTD\RawDownloads\102725_fcr50_S7809_0005.hex
* Software version 2.8.0.119
* Temperature SN = 7809
* Conductivity SN = 7809
* System UpLoad Time = Nov 13 2025 15:24:00
* <ApplicationData>
* <Seaterm232>
# nquan = 15
# nvalues = 1172                        
# units = specified
# name 0 = depFM: Depth [fresh water, m]
# name 1 = dz/dtM: Descent Rate [m/s]
# name 2 = sbeox0Mg/L: Oxygen, SBE 43 [mg/l]
# name 3 = sbeox0PS: Oxygen, SBE 43 [% saturation]
# name 4 = specc: Specific Conductance [uS/cm]
# name 5 = c0uS/cm: Conductivity [uS/cm]
# name 6 = flECO-AFL: Fluorescence, WET Labs ECO-AFL/FL [mg/m^3]
# name 7 = ph: pH
# name 8 = orp: Oxidation Reduction Potential [mV]
# name 9 = par/sat/log: PAR/Logarithmic, Satlantic
# name 10 = turbWETntu0: Turbidity, WET Labs ECO [NTU]
# name 11 = prdM: Pressure, Strain Gauge [db]
# name 12 = prdE: Pressure, Strain Gauge [psi]
# name 13 = tv290C: Temperature [ITS-90, deg C]
# name 14 = flag:  0.000e+00
# span 0 =     -0.727,      2.959       
# span 1 =     -0.312,      0.235       
# span 2 =     4.3011,    10.7719       
# span 3 =     38.963,     95.398       
# span 4 =      3.906,     46.594       
# span 5 =   2.578668,  33.493276       
# span 6 =     0.3363,     4.3705       
# span 7 =     -2.624,      9.040       
# span 8 =     6.6498,   761.5142       
# span 9 = 9.1613e-01, 1.4078e+02       
# span 10 =     4.5494,   370.4794      
# span 11 =     -0.713,      2.902      
# span 12 =     -1.034,      4.209      
# span 13 =     7.9985,    11.0256      
# span 14 = 0.0000e+00, 0.0000e+00      
# interval = seconds: 0.25
# start_time = Nov 10 2025 15:01:06 [Instrument's time stamp, header]
# bad_flag = -9.990e-29
*END*
[from data line 290]
      0.116      0.008     6.0263     54.614     46.424  33.415988     0.8609      8.944    83.1450 4.7899e+01     5.7626      0.113      0.164    10.9831 0.0000e+00
      0.121      0.005     6.0031     54.797     46.465  33.445874     0.8509      8.944    83.1833 4.7632e+01     5.7466      0.120      0.174    10.9839 0.0000e+00
      0.123      0.003     6.0006     55.034     46.456  33.440209     0.8401      8.945    83.2574 4.7625e+01     5.7756      0.122      0.177    10.9857 0.0000e+00
      0.121      0.000     6.0147     55.252     46.414  33.410937     0.8549      8.945    83.4389 4.8329e+01     5.8401      0.119      0.172    10.9870 0.0000e+00
      0.117     -0.002     6.0171     55.427     46.410  33.409170     0.8639      8.945    83.5709 4.8344e+01     5.8421      0.115      0.166    10.9876 0.0000e+00
      0.115     -0.002     6.0417     55.547     46.424  33.418843     0.8498      8.946    83.5631 4.8597e+01     5.7656      0.113      0.164    10.9883 0.0000e+00
      0.115     -0.002     6.0711     55.619     46.400  33.401001     0.8332      8.946    83.5165 4.8000e+01     5.7698      0.113      0.164    10.9890 0.0000e+00
      0.116     -0.001     6.0945     55.666     46.377  33.383783     0.8385      8.946    83.5234 4.7711e+01     5.8929      0.113      0.164    10.9900 0.0000e+00
      0.117      0.001     6.1153     55.695     46.403  33.400990     0.8642      8.946    83.5604 4.7870e+01     6.0252      0.115      0.167    10.9909 0.0000e+00
      0.118      0.001     6.1275     55.677     46.430  33.418718     0.8683      8.947    83.6200 4.7043e+01     6.0373      0.116      0.168    10.9909 0.0000e+00
      0.117      0.001     6.1350     55.625     46.416  33.407798     0.8553      8.947    83.7278 4.7094e+01     5.9708      0.115      0.167    10.9902 0.0000e+00
      0.117      0.001     6.1390     55.578     46.397  33.395838     0.8573      8.947    83.8312 4.7394e+01     5.9377      0.114      0.166    10.9890 0.0000e+00
      0.117      0.001     6.1453     55.511     46.402  33.401000     0.8667      8.947    83.7515 4.7811e+01     5.9109      0.115      0.166    10.9869 0.0000e+00
      0.118      0.001     6.1429     55.399     46.408  33.406778     0.8694      8.948    83.5392 4.7695e+01     5.8859      0.115      0.167    10.9852 0.0000e+00
      0.119      0.002     6.1336     55.248     46.401  33.402250     0.8562      8.949    83.5004 4.7236e+01     5.8405      0.116      0.169    10.9849 0.0000e+00
      0.120      0.002     6.1311     55.099     46.411  33.409690     0.8331      8.950    83.6266 4.7743e+01     5.8399      0.118      0.171    10.9863 0.0000e+00
      0.120      0.003     6.1244     55.019     46.442  33.433300     0.8390      8.950    83.6881 4.7936e+01     5.9807      0.118      0.171    10.9887 0.0000e+00
      0.120      0.003     6.1108     55.023     46.442  33.433935     0.8691      8.949    83.6429 4.7985e+01     6.0746      0.116      0.169    10.9903 0.0000e+00
      0.120      0.002     6.0940     55.123     46.418  33.417360     0.8810      8.949    83.5964 4.7788e+01     6.0870      0.117      0.169    10.9908 0.0000e+00
      0.122      0.000     6.0720     55.308     46.427  33.423231     0.8663      8.950    83.6409 4.7698e+01     6.0622      0.121      0.173    10.9910 0.0000e+00
      0.124     -0.001     6.0649     55.490     46.452  33.441489     0.8502      8.951    83.7510 4.7803e+01     5.9796      0.123      0.178    10.9914 0.0000e+00
      0.124     -0.001     6.0644     55.621     46.460  33.447776     0.8606      8.952    83.8091 4.7600e+01     5.9424      0.122      0.177    10.9927 0.0000e+00
      0.121     -0.002     6.0733     55.688     46.443  33.435805     0.8835      8.952    83.7411 4.7663e+01     5.8859      0.118      0.170    10.9935 0.0000e+00
      0.118     -0.002     6.1010     55.676     46.425  33.423645     0.8772      8.952    83.7028 4.7733e+01     5.7749      0.115      0.166    10.9931 0.0000e+00
      0.118     -0.002     6.1210     55.598     46.430  33.427635     0.8514      8.952    83.8626 4.7755e+01     5.6930      0.115      0.167    10.9932 0.0000e+00
      0.119     -0.001     6.1358     55.494     46.419  33.420610     0.8375      8.952    84.0381 4.7687e+01     5.7145      0.117      0.170    10.9941 0.0000e+00
      0.120      0.000     6.1444     55.422     46.392  33.402144     0.8347      8.953    84.0184 4.7636e+01     5.8308      0.118      0.171    10.9946 0.0000e+00
      0.120      0.000     6.1421     55.405     46.382  33.394703     0.8342      8.954    83.8832 4.7991e+01     5.9028      0.117      0.170    10.9949 0.0000e+00
      0.119     -0.001     6.1320     55.423     46.382  33.394078     0.8224      8.954    83.7798 4.8255e+01     5.9027      0.116      0.169    10.9953 0.0000e+00
      0.117     -0.001     6.1177     55.463     46.385  33.394589     0.8253      8.955    83.8004 4.8034e+01     5.9318      0.115      0.167    10.9963 0.0000e+00
      0.117     -0.001     6.1081     55.522     46.396  33.400875     0.8529      8.956    83.8739 4.7659e+01     6.0155      0.115      0.167    10.9974 0.0000e+00
      0.117     -0.001     6.1083     55.554     46.407  33.406633     0.8651      8.956    83.8944 4.7678e+01     6.0271      0.116      0.169    10.9976 0.0000e+00
      0.117     -0.000     6.1107     55.516     46.401  33.400771     0.8561      8.956    83.9623 4.7846e+01     5.9010      0.115      0.168    10.9966 0.0000e+00
      0.117     -0.000     6.1145     55.425     46.391  33.393444     0.8354      8.956    84.0073 4.7888e+01     5.7547      0.114      0.166    10.9943 0.0000e+00
      0.118      0.000     6.1239     55.301     46.374  33.381484     0.8319      8.957    84.0075 4.7917e+01     5.7269      0.115      0.167    10.9922 0.0000e+00
      0.118     -0.001     6.1302     55.145     46.374  33.383053     0.8551      8.958    84.1365 4.7772e+01     5.8043      0.116      0.169    10.9905 0.0000e+00
      0.118     -0.001     6.1247     54.995     46.414  33.412412     0.8665      8.958    84.2760 4.7876e+01     5.8708      0.116      0.169    10.9888 0.0000e+00
      0.117     -0.001     6.1133     54.898     46.422  33.419238     0.8528      8.958    84.3181 4.8036e+01     5.8477      0.115      0.167    10.9886 0.0000e+00
      0.116     -0.001     6.1008     54.843     46.397  33.402138     0.8305      8.958    84.3872 4.8207e+01     5.7642      0.114      0.165    10.9894 0.0000e+00
      0.115     -0.001     6.0819     54.807     46.388  33.396002     0.8297      8.958    84.4237 4.8444e+01     5.7829      0.113      0.164    10.9902 0.0000e+00
      0.115      0.000     6.0618     54.806     46.408  33.408492     0.8436      8.959    84.3292 4.8226e+01     5.9039      0.113      0.163    10.9912 0.0000e+00
      0.115      0.001     6.0523     54.842     46.436  33.426259     0.8494      8.960    84.3630 4.8224e+01     5.9621      0.113      0.164    10.9924 0.0000e+00
      0.116      0.001     6.0480     54.902     46.432  33.420487     0.8503      8.960    84.4876 4.8329e+01     5.9745      0.114      0.166    10.9935 0.0000e+00
      0.118      0.001     6.0418     54.964     46.409  33.402145     0.8371      8.960    84.3737 4.7994e+01     5.9516      0.116      0.168    10.9939 0.0000e+00
      0.118      0.001     6.0425     55.001     46.399  33.394819     0.8307      8.960    84.2766 4.7768e+01     5.8894      0.116      0.168    10.9926 0.0000e+00
      0.118      0.001     6.0471     55.016     46.400  33.395349     0.8395      8.960    84.4317 4.7698e+01     5.8033      0.116      0.168    10.9896 0.0000e+00
      0.117      0.002     6.0551     55.018     46.418  33.408557     0.8356      8.960    84.4419 4.7917e+01     5.6964      0.115      0.167    10.9861 0.0000e+00
      0.117      0.003     6.0639     54.990     46.443  33.427627     0.8256      8.961    84.2280 4.7864e+01     5.6566      0.114      0.165    10.9841 0.0000e+00
      0.118      0.005     6.0675     54.929     46.453  33.435587     0.8346      8.962    84.1695 4.7311e+01     5.7315      0.116      0.168    10.9836 0.0000e+00
      0.120      0.005     6.0680     54.861     46.460  33.441366     0.8607      8.962    84.3362 4.7309e+01     5.8845      0.118      0.171    10.9838 0.0000e+00
      0.123      0.004     6.0699     54.833     46.448  33.434048     0.8585      8.961    84.4367 4.7419e+01     5.9015      0.121      0.174    10.9846 0.0000e+00
      0.125      0.003     6.0668     54.862     46.414  33.410554     0.8332      8.960    84.3517 4.7456e+01     5.7661      0.123      0.179    10.9856 0.0000e+00
      0.126      0.000     6.0586     54.906     46.414  33.411074     0.8382      8.961    84.3416 4.7779e+01     5.7503      0.125      0.181    10.9860 0.0000e+00
      0.125     -0.002     6.0496     54.971     46.453  33.440345     0.8688      8.962    84.4006 4.7827e+01     5.8472      0.123      0.180    10.9869 0.0000e+00
      0.123     -0.002     6.0436     55.095     46.463  33.447248     0.8872      8.963    84.3765 4.7657e+01     5.8790      0.120      0.174    10.9878 0.0000e+00
      0.121     -0.002     6.0511     55.215     46.441  33.431089     0.8686      8.964    84.3940 4.7777e+01     5.7931      0.118      0.170    10.9887 0.0000e+00
      0.120     -0.002     6.0553     55.275     46.446  33.435297     0.8349      8.965    84.5266 4.7877e+01     5.6628      0.117      0.169    10.9897 0.0000e+00
      0.121     -0.001     6.0580     55.296     46.445  33.434682     0.8384      8.965    84.6036 4.7962e+01     5.7373      0.118      0.171    10.9905 0.0000e+00
      0.123      0.000     6.0760     55.295     46.429  33.423657     0.8698      8.966    84.5504 4.7992e+01     5.9772      0.120      0.174    10.9909 0.0000e+00
      0.123      0.000     6.0934     55.266     46.435  33.428885     0.8815      8.966    84.5711 4.7835e+01     6.0699      0.121      0.176    10.9907 0.0000e+00
      0.122      0.000     6.0962     55.231     46.441  33.434453     0.8624      8.966    84.6822 4.7754e+01     6.0384      0.119      0.173    10.9909 0.0000e+00
      0.121     -0.001     6.0988     55.229     46.431  33.427533     0.8390      8.966    84.6891 4.7601e+01     5.9722      0.118      0.171    10.9913 0.0000e+00
      0.121     -0.001     6.0991     55.270     46.405  33.408661     0.8480      8.965    84.6544 4.7839e+01     5.9185      0.119      0.172    10.9920 0.0000e+00
      0.121     -0.001     6.0952     55.333     46.390  33.396605     0.8717      8.965    84.7788 4.8054e+01     5.8666      0.119      0.173    10.9930 0.0000e+00
      0.121     -0.000     6.0890     55.419     46.408  33.408650     0.8587      8.966    84.9892 4.7943e+01     5.7547      0.119      0.172    10.9939 0.0000e+00
      0.121 1.8640e-08     6.0876     55.542     46.436  33.427407     0.8247      8.967    85.0462 4.7929e+01     5.6934      0.118      0.171    10.9941 0.0000e+00
      0.121 2.0504e-07     6.0950     55.690     46.446  33.433060     0.8183      8.967    84.9525 4.7868e+01     5.7399      0.119      0.172    10.9937 0.0000e+00
      0.121      0.000     6.1007     55.814     46.421  33.413555     0.8396      8.968    84.8886 4.7792e+01     5.8046      0.118      0.171    10.9932 0.0000e+00
      0.121      0.000     6.1100     55.876     46.377  33.381909     0.8580      8.968    84.9619 4.7517e+01     5.7922      0.119      0.172    10.9917 0.0000e+00
      0.121      0.001     6.1237     55.875     46.355  33.367653     0.8400      8.968    85.0641 4.7368e+01     5.7270      0.119      0.172    10.9896 0.0000e+00
      0.121      0.001     6.1433     55.820     46.352  33.368078     0.8064      8.969    85.0924 4.7465e+01     5.7680      0.119      0.172    10.9881 0.0000e+00
      0.121      0.001     6.1587     55.726     46.373  33.387044     0.8014      8.970    85.1317 4.7648e+01     5.8771      0.119      0.172    10.9869 0.0000e+00
      0.122      0.001     6.1649     55.606     46.396  33.406643     0.8129      8.971    85.1091 4.7919e+01     5.8851      0.119      0.173    10.9867 0.0000e+00
      0.123      0.000     6.1647     55.465     46.405  33.414716     0.8199      8.971    85.0781 4.7960e+01     5.7968      0.120      0.174    10.9885 0.0000e+00
      0.123 -4.733e-07     6.1572     55.319     46.414  33.421213     0.8190      8.971    85.1007 4.7674e+01     5.6632      0.121      0.175    10.9922 0.0000e+00
      0.122      0.000     6.1453     55.210     46.415  33.421752     0.8346      8.971    85.0383 4.7544e+01     5.6360      0.121      0.175    10.9962 0.0000e+00
      0.121      0.000     6.1322     55.165     46.416  33.421235     0.8679      8.972    85.0113 4.7732e+01     5.7413      0.118      0.172    10.9988 0.0000e+00
      0.121     -0.001     6.1161     55.166     46.409  33.414957     0.8635      8.972    85.1182 4.7712e+01     5.7408      0.117      0.170    11.0005 0.0000e+00
      0.121     -0.002     6.0973     55.182     46.401  33.409285     0.8310      8.971    85.1265 4.7687e+01     5.6301      0.119      0.172    11.0013 0.0000e+00
      0.122     -0.004     6.0844     55.181     46.409  33.416101     0.8247      8.971    85.0257 4.7635e+01     5.5981      0.120      0.173    11.0006 0.0000e+00
      0.122     -0.006     6.0806     55.149     46.433  33.433933     0.8457      8.972    85.0181 4.7605e+01     5.6952      0.120      0.174    10.9990 0.0000e+00
      0.120     -0.007     6.0825     55.112     46.433  33.434557     0.8686      8.972    85.0348 4.7984e+01     5.8479      0.118      0.172    10.9975 0.0000e+00
      0.116     -0.007     6.0849     55.068     46.417  33.423645     0.8611      8.973    85.0551 4.8348e+01     5.8729      0.114      0.166    10.9977 0.0000e+00
      0.111     -0.006     6.0866     54.993     46.424  33.428883     0.8297      8.974    85.0918 4.8707e+01     5.7594      0.108      0.157    10.9989 0.0000e+00
      0.108     -0.003     6.0803     54.922     46.433  33.434452     0.8128      8.975    85.1349 4.9018e+01     5.7051      0.104      0.151    10.9997 0.0000e+00
      0.108     -0.000     6.0759     54.876     46.424  33.427533     0.8230      8.974    85.2319 4.8960e+01     5.7291      0.105      0.153    11.0001 0.0000e+00
      0.112      0.002     6.0744     54.852     46.397  33.408671     0.8374      8.974    85.2319 4.8793e+01     5.7415      0.109      0.159    11.0005 0.0000e+00
      0.116      0.003     6.0624     54.856     46.379  33.396720     0.8283      8.975    85.1339 4.8555e+01     5.7183      0.114      0.166    11.0008 0.0000e+00
      0.116      0.003     6.0541     54.876     46.397  33.409929     0.8297      8.976    85.1656 4.8535e+01     5.7563      0.115      0.167    11.0005 0.0000e+00
      0.115      0.002     6.0501     54.895     46.441  33.441479     0.8460      8.976    85.1855 4.8694e+01     5.8594      0.112      0.163    10.9998 0.0000e+00
      0.114      0.001     6.0465     54.933     46.468  33.460976     0.8504      8.977    85.2031 4.8264e+01     5.9741      0.110      0.160    11.0000 0.0000e+00
      0.114      0.001     6.0473     55.010     46.461  33.455326     0.8492      8.977    85.2922 4.8205e+01     6.0493      0.110      0.160    11.0014 0.0000e+00
      0.115      0.001     6.0510     55.110     46.435  33.436606     0.8318      8.977    85.2294 4.8182e+01     5.9835      0.112      0.163    11.0026 0.0000e+00
      0.116      0.001     6.0516     55.196     46.420  33.424966     0.8319      8.977    85.2186 4.7970e+01     5.9649      0.114      0.165    11.0023 0.0000e+00
      0.116      0.001     6.0545     55.252     46.443  33.441483     0.8505      8.977    85.3338 4.8161e+01     6.0294      0.114      0.166    11.0013 0.0000e+00
