Data/DataNotYetUploadedToEDI/Raw_CTD/RawDownloads/111423_fcr50_S8188004.cnv
* Sea-Bird SBE19plus  Data File:
* FileName = C:\R\Reservoirs\Data\DataNotYetUploadedToEDI\Raw_CTD\RawDownloads\110623_bvr50_S8188_0004.hex
* Software version 2.8.0.119
* Temperature SN = 8188
* Conductivity SN = 8188
* System UpLoad Time = Nov 14 2023 17:11:31
* <ApplicationData>
* <Seaterm232>
# nquan = 16
# nvalues = 2922                        
# units = specified
# name 0 = depFM: Depth [fresh water, m]
# name 1 = dz/dtM: Descent Rate [m/s]
# name 2 = sbeox0Mg/L: Oxygen, SBE 43 [mg/l]
# name 3 = sbeox0PS: Oxygen, SBE 43 [% saturation]
# name 4 = specc: Specific Conductance [uS/cm]
# name 5 = c0uS/cm: Conductivity [uS/cm]
# name 6 = wetCDOM: Fluorescence, WET Labs CDOM [mg/m^3]
# name 7 = flECO-AFL: Fluorescence, WET Labs ECO-AFL/FL [mg/m^3]
# name 8 = flECO-AFL1: Fluorescence, WET Labs ECO-AFL/FL, 2 [mg/m^3]
# name 9 = flECO-AFL2: Fluorescence, WET Labs ECO-AFL/FL, 3 [mg/m^3]
# name 10 = par/sat/log: PAR/Logarithmic, Satlantic
# name 11 = turbWETntu0: Turbidity, WET Labs ECO [NTU]
# name 12 = prdM: Pressure, Strain Gauge [db]
# name 13 = prdE: Pressure, Strain Gauge [psi]
# name 14 = tv290C: Temperature [ITS-90, deg C]
# name 15 = flag:  0.000e+00
# span 0 =     -0.509,      9.497       
# span 1 =     -0.263,      0.066       
# span 2 =     2.2313,     7.6813       
# span 3 =     20.419,     71.053       
# span 4 =     45.169,    142.070       
# span 5 =  32.902053, 103.385595       
# span 6 =    -4.5000,     5.8500       
# span 7 =    -0.1308,    16.6046       
# span 8 =    -2.1300,     0.7242       
# span 9 =    -2.0304,     3.2148       
# span 10 = 1.1582e-01, 4.9852e+02      
# span 11 =    -0.3783,   170.7098      
# span 12 =     -0.499,      9.313      
# span 13 =     -0.724,     13.508      
# span 14 =    11.3490,    12.2455      
# span 15 = 0.0000e+00, 0.0000e+00      
# interval = seconds: 0.25
# start_time = Nov 14 2023 13:42:13 [Instrument's time stamp, header]
# bad_flag = -9.990e-29
*END*
[from data line 1628]
      3.149      0.041     7.1262     65.362     45.291  33.146421     3.4200    14.3996     0.1278     2.1996 3.1067e+00     4.0105      3.088      4.479    11.6112 0.0000e+00
      3.160      0.040     7.1233     65.306     45.292  33.143638     3.4200    14.4225     0.1278     2.1996 3.0618e+00     3.9354      3.099      4.494    11.6055 0.0000e+00
      3.170      0.038     7.1197     65.258     45.297  33.145211     3.4200    15.8645     0.1278     2.1996 2.9707e+00     3.3943      3.109      4.509    11.5998 0.0000e+00
      3.180      0.036     7.1150     65.206     45.300  33.145618     3.4200    15.8569     0.1278     2.1996 2.9862e+00     3.4243      3.119      4.523    11.5946 0.0000e+00
      3.189      0.034     7.1094     65.141     45.293  33.139026     3.5100    15.8760     0.1278     2.2842 2.9412e+00     3.5145      3.127      4.535    11.5899 0.0000e+00
      3.196      0.032     7.1040     65.068     45.289  33.133579     3.5100    15.8569     0.1278     2.2842 2.9585e+00     3.3943      3.135      4.547    11.5860 0.0000e+00
      3.204      0.031     7.0992     64.992     45.293  33.133767     3.5100    16.1087     0.1278     2.2842 2.9367e+00     3.2289      3.142      4.557    11.5833 0.0000e+00
      3.212      0.031     7.0938     64.917     45.295  33.131716     3.5100    16.1277     0.1278     2.2842 2.9412e+00     3.1838      3.150      4.568    11.5816 0.0000e+00
      3.219      0.030     7.0870     64.848     45.298  33.130841     3.5100    16.1201     0.1278     2.2419 2.8506e+00     3.1989      3.157      4.579    11.5800 0.0000e+00
      3.227      0.031     7.0794     64.783     45.308  33.134870     3.5100    16.1087     0.1278     2.2419 2.8136e+00     3.1989      3.165      4.590    11.5775 0.0000e+00
      3.235      0.031     7.0717     64.724     45.310  33.132994     3.5100    15.7424     0.1278     2.2419 2.7960e+00     3.4694      3.173      4.602    11.5742 0.0000e+00
      3.243      0.032     7.0641     64.682     45.300  33.120752     3.5100    15.7653     0.1278     2.2419 2.7706e+00     3.4243      3.181      4.613    11.5708 0.0000e+00
      3.251      0.033     7.0572     64.651     45.290  33.106762     3.5100    15.7386     0.1278     2.2419 2.7591e+00     3.4093      3.189      4.624    11.5674 0.0000e+00
      3.259      0.033     7.0506     64.619     45.286  33.095215     3.5100    15.7386     0.0852     2.1573 2.6946e+00     3.4995      3.197      4.636    11.5639 0.0000e+00
      3.268      0.034     7.0450     64.577     45.282  33.083031     3.5100    14.7888     0.0852     2.1573 2.5811e+00     3.6949      3.205      4.649    11.5597 0.0000e+00
      3.277      0.034     7.0413     64.519     45.279  33.070920     3.5100    14.7926     0.0852     2.1573 2.5923e+00     3.6197      3.214      4.662    11.5542 0.0000e+00
      3.286      0.034     7.0391     64.445     45.279  33.059614     3.5100    14.7697     0.0852     2.1573 2.5515e+00     3.6348      3.223      4.674    11.5467 0.0000e+00
      3.295      0.033     7.0370     64.356     45.279  33.050058     3.6000    14.7468     0.1278     2.2842 2.5070e+00     3.7249      3.232      4.687    11.5376 0.0000e+00
      3.304      0.031     7.0341     64.254     45.283  33.043664     3.6000    14.4836     0.1278     2.2842 2.4563e+00     3.6798      3.240      4.699    11.5272 0.0000e+00
      3.311      0.030     7.0297     64.141     45.286  33.038726     3.6000    14.5179     0.1278     2.2842 2.4483e+00     3.6949      3.248      4.710    11.5158 0.0000e+00
      3.319      0.029     7.0235     64.021     45.293  33.037889     3.6000    14.5332     0.1278     2.2842 2.4229e+00     3.6648      3.255      4.721    11.5039 0.0000e+00
      3.326      0.027     7.0156     63.891     45.303  33.040929     3.6000    14.5408     0.0852     2.3265 2.3952e+00     3.6798      3.262      4.730    11.4929 0.0000e+00
      3.333      0.026     7.0060     63.752     45.307  33.040734     3.6000    14.6362     0.0852     2.3265 2.3947e+00     3.3943      3.268      4.740    11.4833 0.0000e+00
      3.339      0.025     6.9950     63.614     45.306  33.037254     3.6000    14.6247     0.0852     2.3265 2.3693e+00     3.3943      3.274      4.749    11.4751 0.0000e+00
      3.345      0.025     6.9830     63.479     45.307  33.033521     3.6000    14.6362     0.0852     2.3265 2.3570e+00     3.4394      3.281      4.758    11.4685 0.0000e+00
      3.352      0.025     6.9695     63.342     45.308  33.028539     3.3300    14.6705     0.0852     2.3688 2.3274e+00     3.4995      3.287      4.767    11.4640 0.0000e+00
      3.358      0.024     6.9549     63.205     45.314  33.024941     3.3300    14.0945     0.0852     2.3688 2.3123e+00     3.6648      3.293      4.776    11.4607 0.0000e+00
      3.364      0.024     6.9404     63.073     45.325  33.025726     3.3300    14.0983     0.0852     2.3688 2.2943e+00     3.6949      3.299      4.785    11.4574 0.0000e+00
      3.371      0.024     6.9264     62.951     45.335  33.027144     3.3300    14.0868     0.0852     2.3688 2.2661e+00     3.7249      3.305      4.794    11.4526 0.0000e+00
      3.377      0.024     6.9125     62.842     45.340  33.025611     3.3300    14.1212     0.0852     2.3688 2.2294e+00     3.6949      3.311      4.803    11.4458 0.0000e+00
      3.383      0.023     6.8989     62.748     45.337  33.020719     3.5100    14.5637     0.0852     2.2842 2.2116e+00     3.4694      3.317      4.812    11.4377 0.0000e+00
      3.389      0.023     6.8858     62.669     45.325  33.011162     3.5100    14.5370     0.0852     2.2842 2.1706e+00     3.4694      3.323      4.820    11.4296 0.0000e+00
      3.395      0.022     6.8736     62.602     45.314  33.002313     3.5100    14.5446     0.0852     2.2842 2.1323e+00     3.4394      3.329      4.828    11.4227 0.0000e+00
      3.400      0.022     6.8625     62.544     45.316  33.003696     3.5100    14.5370     0.0852     2.2842 2.1207e+00     3.4694      3.334      4.836    11.4175 0.0000e+00
      3.406      0.021     6.8527     62.490     45.327  33.011718     3.5100    14.5217     0.0852     2.2842 2.1267e+00     3.9203      3.340      4.844    11.4142 0.0000e+00
      3.411      0.021     6.8443     62.440     45.335  33.016637     3.5100    14.5332     0.0852     2.2842 2.0644e+00     3.8903      3.345      4.852    11.4127 0.0000e+00
      3.417      0.021     6.8371     62.402     45.336  33.015802     3.5100    14.5217     0.0852     2.2842 2.0398e+00     3.9804      3.350      4.859    11.4123 0.0000e+00
      3.422      0.021     6.8308     62.378     45.330  33.008993     3.5100    14.5484     0.0852     2.2842 2.0487e+00     3.9504      3.356      4.867    11.4121 0.0000e+00
      3.427      0.021     6.8249     62.363     45.324  33.002314     3.4200    14.2661     0.0852     2.3688 2.0363e+00     3.4093      3.361      4.874    11.4117 0.0000e+00
      3.432      0.021     6.8196     62.356     45.332  33.005865     3.4200    14.2852     0.0852     2.3688 1.9646e+00     3.4243      3.366      4.882    11.4109 0.0000e+00
      3.438      0.020     6.8156     62.363     45.349  33.016633     3.4200    14.2814     0.0852     2.3688 1.9882e+00     3.5897      3.371      4.889    11.4094 0.0000e+00
      3.443      0.020     6.8134     62.376     45.358  33.021647     3.4200    14.2852     0.0852     2.3688 1.9518e+00     3.4845      3.376      4.897    11.4069 0.0000e+00
      3.448      0.019     6.8122     62.386     45.354  33.018284     3.4200    14.6323     0.0852     2.3688 1.9282e+00     3.5295      3.381      4.904    11.4041 0.0000e+00
      3.453      0.019     6.8119     62.382     45.348  33.013567     3.4200    14.6514     0.0852     2.3265 1.9086e+00     3.4093      3.386      4.911    11.4016 0.0000e+00
      3.457      0.018     6.8129     62.363     45.344  33.010200     3.4200    14.6781     0.0852     2.3265 1.9140e+00     3.4694      3.391      4.917    11.3997 0.0000e+00
      3.462      0.018     6.8145     62.342     45.334  33.003325     3.4200    14.6247     0.0852     2.3265 1.8855e+00     3.4845      3.395      4.924    11.3985 0.0000e+00
      3.466      0.018     6.8156     62.324     45.322  32.995067     3.4200    14.8422     0.0852     2.3265 1.8559e+00     3.6798      3.399      4.930    11.3978 0.0000e+00
      3.471      0.018     6.8152     62.308     45.321  32.995107     3.3300    14.8193     0.1278     2.4111 1.8482e+00     3.6648      3.403      4.936    11.3975 0.0000e+00
      3.475      0.017     6.8132     62.300     45.327  32.999496     3.3300    14.8650     0.1278     2.4111 1.8061e+00     3.7249      3.408      4.943    11.3975 0.0000e+00
      3.480      0.017     6.8108     62.305     45.330  33.001481     3.3300    14.8460     0.1278     2.4111 1.8338e+00     3.6949      3.412      4.949    11.3978 0.0000e+00
      3.484      0.017     6.8089     62.319     45.330  33.001594     3.3300    14.9566     0.1278     2.4111 1.8018e+00     3.5446      3.417      4.955    11.3981 0.0000e+00
      3.489      0.017     6.8070     62.341     45.332  33.003824     3.5100    14.9337     0.0852     2.3265 1.7816e+00     3.4394      3.421      4.962    11.3986 0.0000e+00
      3.493      0.016     6.8061     62.371     45.337  33.008766     3.5100    14.9757     0.0852     2.3265 1.8259e+00     3.3492      3.426      4.968    11.3989 0.0000e+00
      3.497      0.016     6.8067     62.401     45.336  33.009817     3.5100    14.9528     0.0852     2.3265 1.8466e+00     3.4093      3.430      4.974    11.3990 0.0000e+00
      3.501      0.015     6.8082     62.429     45.336  33.011218     3.5100    15.0443     0.0852     2.3265 1.8081e+00     3.6047      3.433      4.979    11.3992 0.0000e+00
      3.504      0.015     6.8105     62.454     45.349  33.021263     3.6000    15.0253     0.0852     2.3265 1.8215e+00     3.6949      3.437      4.985    11.3999 0.0000e+00
      3.508      0.015     6.8136     62.472     45.367  33.034711     3.6000    15.0024     0.0852     2.3265 1.8490e+00     3.6949      3.440      4.990    11.4012 0.0000e+00
      3.512      0.016     6.8166     62.485     45.378  33.043266     3.6000    15.0024     0.0852     2.3265 1.8270e+00     3.6648      3.444      4.995    11.4028 0.0000e+00
      3.516      0.016     6.8194     62.500     45.381  33.045247     3.6000    14.8155     0.0852     2.3265 1.7631e+00     3.4694      3.448      5.001    11.4042 0.0000e+00
      3.521      0.017     6.8220     62.517     45.376  33.041183     3.6000    14.8231     0.0852     2.3265 1.8382e+00     3.4694      3.453      5.008    11.4052 0.0000e+00
      3.525      0.017     6.8238     62.533     45.367  33.033951     3.5100    14.8307     0.0852     2.4534 1.8061e+00     3.4694      3.457      5.014    11.4056 0.0000e+00
      3.529      0.018     6.8252     62.550     45.364  33.029544     3.5100    14.8193     0.0852     2.4534 1.8219e+00     3.3943      3.461      5.020    11.4059 0.0000e+00
      3.534      0.019     6.8269     62.564     45.368  33.030748     3.5100    14.9528     0.0852     2.4534 1.7956e+00     3.4394      3.466      5.027    11.4061 0.0000e+00
      3.539      0.020     6.8288     62.568     45.375  33.033921     3.5100    14.9566     0.0852     2.4534 1.8057e+00     3.3943      3.471      5.034    11.4058 0.0000e+00
      3.544      0.022     6.8308     62.563     45.371  33.028030     3.5100    14.9528     0.0852     2.3265 1.8160e+00     3.5145      3.476      5.041    11.4046 0.0000e+00
      3.550      0.023     6.8329     62.548     45.352  33.011502     3.5100    14.9337     0.0852     2.3265 1.8065e+00     3.3943      3.481      5.049    11.4028 0.0000e+00
      3.556      0.024     6.8347     62.524     45.333  32.995773     3.5100    15.5784     0.0852     2.3265 1.7669e+00     3.9203      3.488      5.058    11.4006 0.0000e+00
      3.563      0.025     6.8356     62.493     45.321  32.984570     3.5100    15.5746     0.0852     2.3265 1.6874e+00     4.0105      3.494      5.067    11.3982 0.0000e+00
      3.570      0.025     6.8354     62.450     45.315  32.978866     3.4200    15.5784     0.0852     2.3265 1.7129e+00     3.7851      3.500      5.077    11.3953 0.0000e+00
      3.576      0.024     6.8342     62.393     45.314  32.977138     3.4200    15.5670     0.0852     2.3265 1.7080e+00     4.0406      3.507      5.086    11.3923 0.0000e+00
      3.582      0.024     6.8320     62.328     45.311  32.974967     3.4200    15.4296     0.0852     2.3265 1.6859e+00     3.3943      3.513      5.095    11.3896 0.0000e+00
      3.588      0.024     6.8290     62.261     45.307  32.971774     3.4200    15.4602     0.0852     2.3265 1.6815e+00     3.4394      3.518      5.103    11.3874 0.0000e+00
      3.594      0.024     6.8245     62.195     45.301  32.966705     3.5100    15.4334     0.1278     2.2842 1.6940e+00     3.4093      3.524      5.111    11.3859 0.0000e+00
      3.599      0.025     6.8184     62.131     45.296  32.962372     3.5100    15.4296     0.1278     2.2842 1.6929e+00     3.4995      3.530      5.119    11.3849 0.0000e+00
      3.605      0.026     6.8114     62.073     45.301  32.965538     3.5100    14.5179     0.1278     2.2842 1.6885e+00     3.4093      3.535      5.128    11.3843 0.0000e+00
      3.612      0.027     6.8042     62.029     45.312  32.973088     3.5100    14.5484     0.1278     2.2842 1.7327e+00     3.4243      3.542      5.137    11.3839 0.0000e+00
      3.619      0.029     6.7971     62.001     45.316  32.975154     3.5100    14.5065     0.1278     2.2842 1.6757e+00     3.4845      3.549      5.147    11.3835 0.0000e+00
      3.627      0.030     6.7902     61.986     45.312  32.972286     3.6000    14.5332     0.1278     2.4111 1.6432e+00     3.5295      3.557      5.158    11.3830 0.0000e+00
      3.635      0.031     6.7839     61.977     45.306  32.967679     3.6000    14.9680     0.1278     2.4111 1.6343e+00     3.9504      3.565      5.170    11.3824 0.0000e+00
      3.643      0.032     6.7792     61.970     45.302  32.964067     3.6000    14.9452     0.1278     2.4111 1.5805e+00     3.8903      3.573      5.182    11.3818 0.0000e+00
      3.652      0.032     6.7763     61.960     45.303  32.964446     3.6000    14.9375     0.1278     2.4111 1.5850e+00     3.8452      3.581      5.194    11.3813 0.0000e+00
      3.660      0.032     6.7747     61.943     45.309  32.968918     3.5100    14.9566     0.1278     2.2842 1.5652e+00     3.8903      3.589      5.206    11.3808 0.0000e+00
      3.668      0.031     6.7738     61.924     45.322  32.978675     3.5100    14.7048     0.1278     2.2842 1.5836e+00     3.4243      3.597      5.217    11.3803 0.0000e+00
      3.676      0.030     6.7731     61.907     45.335  32.988398     3.5100    14.7048     0.1278     2.2842 1.5871e+00     3.3943      3.605      5.228    11.3799 0.0000e+00
      3.683      0.029     6.7720     61.894     45.334  32.988798     3.5100    14.7048     0.1278     2.2842 1.5176e+00     3.4394      3.612      5.239    11.3796 0.0000e+00
      3.691      0.029     6.7701     61.887     45.327  32.983942     3.4200    14.6972     0.0852     2.2419 1.5543e+00     3.3642      3.620      5.250    11.3796 0.0000e+00
      3.698      0.028     6.7680     61.879     45.323  32.980456     3.4200    15.4754     0.0852     2.2419 1.4940e+00     3.9203      3.627      5.260    11.3799 0.0000e+00
      3.705      0.028     6.7661     61.870     45.320  32.977411     3.4200    15.4907     0.0852     2.2419 1.5425e+00     3.9203      3.633      5.270    11.3805 0.0000e+00
      3.712      0.028     6.7646     61.856     45.316  32.973994     3.4200    15.5174     0.0852     2.2419 1.5143e+00     3.8903      3.640      5.280    11.3811 0.0000e+00
