Data/DataNotYetUploadedToEDI/Raw_CTD/RawDownloads/111423_fcr50_S8188004.cnv
* Sea-Bird SBE19plus  Data File:
* FileName = C:\R\Reservoirs\Data\DataNotYetUploadedToEDI\Raw_CTD\RawDownloads\110623_bvr50_S8188_0004.hex
* Software version 2.8.0.119
* Temperature SN = 8188
* Conductivity SN = 8188
* System UpLoad Time = Nov 14 2023 17:11:31
* <ApplicationData>
* <Seaterm232>
# nquan = 16
# nvalues = 2922                        
# units = specified
# name 0 = depFM: Depth [fresh water, m]
# name 1 = dz/dtM: Descent Rate [m/s]
# name 2 = sbeox0Mg/L: Oxygen, SBE 43 [mg/l]
# name 3 = sbeox0PS: Oxygen, SBE 43 [% saturation]
# name 4 = specc: Specific Conductance [uS/cm]
# name 5 = c0uS/cm: Conductivity [uS/cm]
# name 6 = wetCDOM: Fluorescence, WET Labs CDOM [mg/m^3]
# name 7 = flECO-AFL: Fluorescence, WET Labs ECO-AFL/FL [mg/m^3]
# name 8 = flECO-AFL1: Fluorescence, WET Labs ECO-AFL/FL, 2 [mg/m^3]
# name 9 = flECO-AFL2: Fluorescence, WET Labs ECO-AFL/FL, 3 [mg/m^3]
# name 10 = par/sat/log: PAR/Logarithmic, Satlantic
# name 11 = turbWETntu0: Turbidity, WET Labs ECO [NTU]
# name 12 = prdM: Pressure, Strain Gauge [db]
# name 13 = prdE: Pressure, Strain Gauge [psi]
# name 14 = tv290C: Temperature [ITS-90, deg C]
# name 15 = flag:  0.000e+00
# span 0 =     -0.509,      9.497       
# span 1 =     -0.263,      0.066       
# span 2 =     2.2313,     7.6813       
# span 3 =     20.419,     71.053       
# span 4 =     45.169,    142.070       
# span 5 =  32.902053, 103.385595       
# span 6 =    -4.5000,     5.8500       
# span 7 =    -0.1308,    16.6046       
# span 8 =    -2.1300,     0.7242       
# span 9 =    -2.0304,     3.2148       
# span 10 = 1.1582e-01, 4.9852e+02      
# span 11 =    -0.3783,   170.7098      
# span 12 =     -0.499,      9.313      
# span 13 =     -0.724,     13.508      
# span 14 =    11.3490,    12.2455      
# span 15 = 0.0000e+00, 0.0000e+00      
# interval = seconds: 0.25
# start_time = Nov 14 2023 13:42:13 [Instrument's time stamp, header]
# bad_flag = -9.990e-29
*END*
[from data line 2712]
      7.575     -0.140     6.7047     61.390     45.548  33.124845     3.4200    12.3664     0.1704     2.1996 1.1625e-01    12.2019      7.429     10.774    11.3595 0.0000e+00
      7.540     -0.140     6.7073     61.413     45.545  33.122703     3.4200    12.3282     0.1704     2.1996 1.1623e-01    12.1568      7.394     10.724    11.3595 0.0000e+00
      7.504     -0.139     6.7093     61.442     45.541  33.119324     3.4200    12.3397     0.1704     2.1996 1.1612e-01    12.0967      7.359     10.672    11.3595 0.0000e+00
      7.467     -0.139     6.7109     61.477     45.533  33.113807     3.4200    11.9582     0.2130     2.1996 1.1623e-01     9.1358      7.323     10.621    11.3595 0.0000e+00
      7.432     -0.138     6.7128     61.516     45.521  33.104681     3.4200    11.9964     0.2130     2.1996 1.1633e-01     9.1508      7.288     10.570    11.3594 0.0000e+00
      7.397     -0.137     6.7153     61.557     45.505  33.093472     3.4200    11.9658     0.2130     2.1996 1.1633e-01     9.1508      7.254     10.521    11.3594 0.0000e+00
      7.362     -0.136     6.7185     61.601     45.494  33.085113     3.4200    11.9811     0.2130     2.1996 1.1623e-01     9.1508      7.220     10.472    11.3594 0.0000e+00
      7.328     -0.135     6.7223     61.649     45.489  33.081335     3.4200    12.9462     0.2130     2.1573 1.1610e-01     9.3312      7.186     10.423    11.3594 0.0000e+00
      7.294     -0.135     6.7266     61.698     45.488  33.081133     3.4200    12.9539     0.2130     2.1573 1.1633e-01     9.2410      7.153     10.375    11.3594 0.0000e+00
      7.260     -0.135     6.7311     61.746     45.493  33.084451     3.4200    12.9386     0.2130     2.1573 1.1625e-01     9.2861      7.119     10.326    11.3594 0.0000e+00
      7.225     -0.134     6.7359     61.788     45.498  33.088213     3.4200    12.9119     0.2130     2.1573 1.1612e-01     9.4364      7.086     10.277    11.3594 0.0000e+00
      7.191     -0.133     6.7411     61.822     45.494  33.085502     3.4200    13.2285     0.2130     2.1573 1.1628e-01     8.4143      7.052     10.228    11.3594 0.0000e+00
      7.156     -0.132     6.7465     61.851     45.481  33.075595     3.4200    13.2629     0.2130     2.1573 1.1615e-01     8.4294      7.018     10.179    11.3594 0.0000e+00
      7.122     -0.129     6.7518     61.873     45.465  33.063771     3.4200    13.2476     0.2130     2.1573 1.1612e-01     8.3843      6.985     10.130    11.3594 0.0000e+00
      7.090     -0.126     6.7564     61.884     45.452  33.054798     3.4200    13.2590     0.2130     2.1573 1.1612e-01     8.4745      6.952     10.084    11.3594 0.0000e+00
      7.058     -0.123     6.7601     61.882     45.451  33.054205     3.4200    13.9075     0.2130     2.1573 1.1607e-01     7.3021      6.921     10.039    11.3594 0.0000e+00
      7.027     -0.119     6.7632     61.875     45.457  33.057873     3.5100    13.9190     0.2130     2.0727 1.1617e-01     7.3171      6.891      9.995    11.3594 0.0000e+00
      6.997     -0.116     6.7656     61.869     45.453  33.054898     3.5100    13.9304     0.2130     2.0727 1.1612e-01     7.2871      6.862      9.952    11.3594 0.0000e+00
      6.968     -0.113     6.7668     61.867     45.444  33.048449     3.5100    13.9266     0.2130     2.0727 1.1597e-01     7.3021      6.834      9.911    11.3594 0.0000e+00
      6.940     -0.112     6.7667     61.873     45.433  33.040764     3.5100    13.9724     0.2130     2.0727 1.1617e-01     6.7610      6.806      9.872    11.3595 0.0000e+00
      6.913     -0.112     6.7659     61.883     45.423  33.033757     3.5100    13.9838     0.1278     2.1150 1.1610e-01     6.7610      6.780      9.833    11.3595 0.0000e+00
      6.886     -0.114     6.7652     61.897     45.423  33.033479     3.5100    13.9762     0.1278     2.1150 1.1630e-01     6.7610      6.753      9.794    11.3595 0.0000e+00
      6.857     -0.118     6.7651     61.915     45.421  33.031935     3.5100    13.9686     0.1278     2.1150 1.1617e-01     6.7911      6.725      9.753    11.3595 0.0000e+00
      6.826     -0.122     6.7656     61.932     45.411  33.024754     3.5100    13.6100     0.1278     2.1150 1.1623e-01     6.7009      6.695      9.710    11.3594 0.0000e+00
      6.794     -0.126     6.7667     61.941     45.402  33.017941     3.4200    13.6176     0.1704     2.0304 1.1620e-01     6.8512      6.663      9.664    11.3594 0.0000e+00
      6.760     -0.129     6.7683     61.943     45.401  33.017600     3.4200    13.5871     0.1704     2.0304 1.1612e-01     6.6708      6.630      9.616    11.3593 0.0000e+00
      6.726     -0.130     6.7703     61.942     45.404  33.019681     3.4200    13.6329     0.1704     2.0304 1.1600e-01     6.7310      6.597      9.568    11.3593 0.0000e+00
      6.692     -0.130     6.7721     61.939     45.400  33.016818     3.4200    13.5451     0.1704     2.0304 1.1612e-01     5.8292      6.563      9.519    11.3593 0.0000e+00
      6.659     -0.129     6.7731     61.938     45.394  33.012206     3.4200    13.5604     0.1704     2.0304 1.1628e-01     5.7540      6.530      9.471    11.3593 0.0000e+00
      6.626     -0.127     6.7733     61.945     45.389  33.008578     3.4200    13.5718     0.1278     2.1573 1.1600e-01     5.7690      6.498      9.424    11.3593 0.0000e+00
      6.594     -0.125     6.7732     61.962     45.384  33.004966     3.4200    13.5413     0.1278     2.1573 1.1617e-01     5.8292      6.466      9.379    11.3594 0.0000e+00
      6.562     -0.123     6.7729     61.985     45.383  33.004367     3.4200    13.7740     0.1278     2.1573 1.1610e-01     6.0847      6.436      9.334    11.3594 0.0000e+00
      6.532     -0.122     6.7728     62.008     45.386  33.006621     3.4200    13.7969     0.1278     2.1573 1.1615e-01     6.0696      6.406      9.290    11.3594 0.0000e+00
      6.502     -0.122     6.7735     62.027     45.389  33.008368     3.5100    13.7702     0.1704     2.1573 1.1620e-01     6.0847      6.376      9.247    11.3594 0.0000e+00
      6.471     -0.121     6.7754     62.038     45.397  33.014036     3.5100    13.8045     0.1704     2.1573 1.1623e-01     5.9043      6.346      9.204    11.3594 0.0000e+00
      6.439     -0.120     6.7779     62.039     45.406  33.021176     3.5100    13.1446     0.1704     2.1573 1.1600e-01     5.7239      6.315      9.159    11.3594 0.0000e+00
      6.408     -0.118     6.7804     62.037     45.410  33.023770     3.5100    13.1408     0.1704     2.1573 1.1617e-01     5.5887      6.284      9.114    11.3594 0.0000e+00
      6.377     -0.114     6.7825     62.034     45.408  33.022509     3.4200    13.1408     0.1278     2.1573 1.1620e-01     5.4684      6.254      9.070    11.3594 0.0000e+00
      6.347     -0.109     6.7836     62.038     45.401  33.017058     3.4200    13.1522     0.1278     2.1573 1.1623e-01     5.5586      6.225      9.029    11.3594 0.0000e+00
      6.320     -0.104     6.7838     62.048     45.396  33.013883     3.4200    13.7893     0.1278     2.1573 1.1623e-01     5.5586      6.198      8.990    11.3594 0.0000e+00
      6.295     -0.098     6.7836     62.058     45.400  33.016100     3.4200    13.8045     0.1278     2.1573 1.1617e-01     5.5887      6.174      8.955    11.3594 0.0000e+00
      6.272     -0.094     6.7833     62.068     45.400  33.016378     3.4200    13.7893     0.1278     2.1573 1.1600e-01     5.6939      6.151      8.922    11.3593 0.0000e+00
      6.250     -0.092     6.7837     62.084     45.398  33.014792     3.4200    13.8084     0.1278     2.0727 1.1610e-01     5.5286      6.129      8.890    11.3593 0.0000e+00
      6.228     -0.093     6.7848     62.102     45.393  33.010918     3.4200    13.9228     0.1278     2.0727 1.1623e-01     5.8442      6.107      8.858    11.3593 0.0000e+00
      6.205     -0.097     6.7859     62.118     45.377  32.999762     3.4200    13.9266     0.1278     2.0727 1.1628e-01     5.7690      6.085      8.826    11.3592 0.0000e+00
      6.182     -0.102     6.7870     62.126     45.359  32.986271     3.4200    13.9190     0.1278     2.0727 1.1617e-01     5.8292      6.062      8.792    11.3591 0.0000e+00
      6.155     -0.108     6.7887     62.128     45.343  32.974770     3.3300    13.9266     0.1278     1.9881 1.1623e-01     5.8442      6.036      8.755    11.3591 0.0000e+00
      6.126     -0.114     6.7907     62.131     45.325  32.962190     3.3300    12.6449     0.1278     1.9881 1.1600e-01     4.8221      6.007      8.713    11.3591 0.0000e+00
      6.095     -0.118     6.7925     62.130     45.312  32.953099     3.3300    12.6410     0.1278     1.9881 1.1607e-01     4.9123      5.976      8.669    11.3591 0.0000e+00
      6.062     -0.120     6.7934     62.115     45.312  32.952993     3.3300    12.6029     0.1278     1.9881 1.1628e-01     4.7470      5.944      8.622    11.3591 0.0000e+00
      6.029     -0.119     6.7936     62.095     45.319  32.957883     3.5100    12.6258     0.0852     2.0304 1.1612e-01     4.8522      5.913      8.576    11.3591 0.0000e+00
      5.998     -0.116     6.7939     62.086     45.329  32.965114     3.5100    13.0187     0.0852     2.0304 1.1607e-01     4.1758      5.882      8.532    11.3592 0.0000e+00
      5.969     -0.112     6.7937     62.096     45.339  32.972653     3.5100    13.0111     0.0852     2.0304 1.1617e-01     4.1758      5.854      8.491    11.3592 0.0000e+00
      5.942     -0.109     6.7921     62.126     45.347  32.978549     3.5100    13.0073     0.0852     2.0304 1.1617e-01     4.1458      5.828      8.452    11.3593 0.0000e+00
      5.917     -0.109     6.7899     62.164     45.355  32.984374     3.6000    12.9882     0.1278     1.9458 1.1612e-01     4.0706      5.803      8.416    11.3593 0.0000e+00
      5.891     -0.112     6.7889     62.199     45.365  32.991683     3.6000    12.8203     0.1278     1.9458 1.1617e-01     5.0776      5.778      8.380    11.3594 0.0000e+00
      5.864     -0.117     6.7900     62.220     45.375  32.998464     3.6000    12.7975     0.1278     1.9458 1.1628e-01     5.1077      5.751      8.341    11.3595 0.0000e+00
      5.834     -0.124     6.7933     62.225     45.375  32.998602     3.6000    12.8318     0.1278     1.9458 1.2018e-01     5.1227      5.721      8.298    11.3595 0.0000e+00
      5.801     -0.131     6.7974     62.224     45.371  32.996097     3.6000    12.8089     0.1278     1.9458 1.1620e-01     5.0476      5.689      8.251    11.3595 0.0000e+00
      5.765     -0.138     6.8012     62.216     45.374  32.998202     3.4200    13.3048     0.0852     1.9881 1.2333e-01     4.8221      5.654      8.200    11.3596 0.0000e+00
      5.728     -0.143     6.8035     62.203     45.378  33.001516     3.4200    13.3430     0.0852     1.9881 1.1638e-01     4.8522      5.617      8.147    11.3596 0.0000e+00
      5.690     -0.147     6.8041     62.193     45.380  33.002964     3.4200    13.2896     0.0852     1.9881 1.1630e-01     4.8973      5.580      8.094    11.3597 0.0000e+00
      5.652     -0.150     6.8040     62.191     45.380  33.002931     3.4200    13.3163     0.0852     1.9881 1.4971e-01     4.8522      5.543      8.039    11.3597 0.0000e+00
      5.614     -0.152     6.8031     62.198     45.378  33.001408     3.4200    13.9228     0.1278     2.0304 1.4115e-01     5.0476      5.505      7.985    11.3598 0.0000e+00
      5.575     -0.154     6.8017     62.219     45.373  32.997990     3.4200    13.9533     0.1278     2.0304 1.7272e-01     5.0476      5.467      7.929    11.3598 0.0000e+00
      5.535     -0.157     6.8006     62.235     45.370  32.995726     3.4200    13.9114     0.1278     2.0304 1.3333e-01     5.0476      5.428      7.873    11.3599 0.0000e+00
      5.495     -0.161     6.8003     62.225     45.373  32.997973     3.4200    13.9266     0.1278     2.0304 1.6512e-01     5.1077      5.389      7.816    11.3599 0.0000e+00
      5.454     -0.165     6.8011     62.213     45.378  33.001368     3.4200    13.6748     0.0852     2.0727 1.7074e-01     3.9203      5.349      7.757    11.3600 0.0000e+00
      5.411     -0.168     6.8033     62.222     45.380  33.002858     3.4200    13.6787     0.0852     2.0727 1.6164e-01     3.8452      5.307      7.697    11.3600 0.0000e+00
      5.367     -0.171     6.8051     62.241     45.380  33.002840     3.4200    13.6748     0.0852     2.0727 1.7347e-01     3.9053      5.264      7.634    11.3600 0.0000e+00
      5.322     -0.174     6.8040     62.244     45.377  33.001308     3.4200    13.6825     0.0852     2.0727 1.9664e-01     3.8903      5.220      7.570    11.3601 0.0000e+00
      5.277     -0.176     6.8026     62.221     45.372  32.997854     3.5100    13.9152     0.0852     2.0304 2.6535e-01     3.6949      5.175      7.506    11.3602 0.0000e+00
      5.232     -0.177     6.8037     62.187     45.364  32.991557     3.5100    13.9114     0.0852     2.0304 1.9334e-01     3.6648      5.131      7.442    11.3602 0.0000e+00
      5.187     -0.178     6.8058     62.179     45.354  32.984698     3.5100    13.9114     0.0852     2.0304 2.1228e-01     3.6348      5.087      7.378    11.3603 0.0000e+00
      5.142     -0.178     6.8060     62.201     45.352  32.983370     3.5100    13.9190     0.0852     2.0304 2.5656e-01     3.7249      5.043      7.314    11.3604 0.0000e+00
      5.096     -0.179     6.8035     62.214     45.358  32.987219     3.5100    13.2590     0.0852     2.0304 2.7492e-01     3.6197      4.998      7.249    11.3605 0.0000e+00
      5.050     -0.180     6.7999     62.204     45.361  32.989350     3.5100    13.2285     0.1278     2.0304 2.9780e-01     3.7249      4.953      7.183    11.3606 0.0000e+00
      5.005     -0.181     6.7989     62.199     45.356  32.986370     3.5100    13.2400     0.1278     2.0304 3.2711e-01     3.6798      4.908      7.118    11.3607 0.0000e+00
      4.959     -0.182     6.8013     62.220     45.344  32.977485     3.5100    13.2629     0.1278     2.0304 3.1566e-01     3.6197      4.863      7.053    11.3608 0.0000e+00
      4.913     -0.183     6.8027     62.254     45.331  32.968248     3.5100    13.5337     0.1278     2.0304 3.3707e-01     3.3943      4.818      6.987    11.3608 0.0000e+00
      4.866     -0.184     6.8016     62.273     45.325  32.964115     3.4200    13.5795     0.0852     2.0304 3.5450e-01     3.4845      4.771      6.921    11.3609 0.0000e+00
      4.818     -0.184     6.8011     62.265     45.320  32.960025     3.4200    13.5604     0.0852     2.0304 4.1535e-01     3.4394      4.725      6.853    11.3609 0.0000e+00
      4.771     -0.183     6.8034     62.241     45.312  32.954887     3.4200    13.5451     0.0852     2.0304 4.2007e-01     3.4243      4.678      6.786    11.3610 0.0000e+00
      4.724     -0.182     6.8070     62.221     45.302  32.947330     3.4200    13.3773     0.0852     2.0304 4.5494e-01     3.7550      4.632      6.719    11.3611 0.0000e+00
      4.678     -0.180     6.8091     62.208     45.285  32.935339     3.3300    13.3620     0.0852     2.0304 4.6474e-01     3.7249      4.587      6.653    11.3612 0.0000e+00
      4.632     -0.178     6.8082     62.184     45.275  32.927600     3.3300    13.3506     0.0852     2.0304 4.9015e-01     3.6648      4.542      6.588    11.3612 0.0000e+00
      4.588     -0.177     6.8056     62.153     45.278  32.929968     3.3300    13.3735     0.0852     2.0304 5.0102e-01     3.6648      4.498      6.525    11.3613 0.0000e+00
      4.543     -0.177     6.8034     62.135     45.290  32.939115     3.3300    13.4956     0.0852     2.0304 5.6096e-01     3.3642      4.455      6.462    11.3613 0.0000e+00
      4.499     -0.177     6.8019     62.130     45.305  32.949560     3.4200    13.5184     0.1278     2.0304 5.7316e-01     3.5446      4.412      6.399    11.3614 0.0000e+00
      4.454     -0.179     6.7993     62.134     45.324  32.964087     3.4200    13.4765     0.1278     2.0304 5.9357e-01     3.4394      4.368      6.336    11.3614 0.0000e+00
