Data/DataNotYetUploadedToEDI/Raw_CTD/RawDownloads/111423_bvr50_S8188003.cnv
* Sea-Bird SBE19plus  Data File:
* FileName = C:\R\Reservoirs\Data\DataNotYetUploadedToEDI\Raw_CTD\RawDownloads\110623_bvr50_S8188_0003.hex
* Software version 2.8.0.119
* Temperature SN = 8188
* Conductivity SN = 8188
* System UpLoad Time = Nov 14 2023 17:10:49
* <ApplicationData>
* <Seaterm232>
# nquan = 16
# nvalues = 1844                        
# units = specified
# name 0 = depFM: Depth [fresh water, m]
# name 1 = dz/dtM: Descent Rate [m/s]
# name 2 = sbeox0Mg/L: Oxygen, SBE 43 [mg/l]
# name 3 = sbeox0PS: Oxygen, SBE 43 [% saturation]
# name 4 = specc: Specific Conductance [uS/cm]
# name 5 = c0uS/cm: Conductivity [uS/cm]
# name 6 = wetCDOM: Fluorescence, WET Labs CDOM [mg/m^3]
# name 7 = flECO-AFL: Fluorescence, WET Labs ECO-AFL/FL [mg/m^3]
# name 8 = flECO-AFL1: Fluorescence, WET Labs ECO-AFL/FL, 2 [mg/m^3]
# name 9 = flECO-AFL2: Fluorescence, WET Labs ECO-AFL/FL, 3 [mg/m^3]
# name 10 = par/sat/log: PAR/Logarithmic, Satlantic
# name 11 = turbWETntu0: Turbidity, WET Labs ECO [NTU]
# name 12 = prdM: Pressure, Strain Gauge [db]
# name 13 = prdE: Pressure, Strain Gauge [psi]
# name 14 = tv290C: Temperature [ITS-90, deg C]
# name 15 = flag:  0.000e+00
# span 0 =     -0.588,      8.521       
# span 1 =     -0.246,      0.061       
# span 2 =     4.4668,     7.3038       
# span 3 =     41.154,     67.106       
# span 4 =     34.745,     35.515       
# span 5 =  25.325193,  25.991628       
# span 6 =    -4.5000,     5.3100       
# span 7 =    -0.1384,     8.0405       
# span 8 =    -4.6434,     0.3834       
# span 9 =    -4.1031,     0.8037       
# span 10 = 1.1590e-01, 2.0973e+03      
# span 11 =    -0.3783,   320.8758      
# span 12 =     -0.576,      8.356      
# span 13 =     -0.836,     12.120      
# span 14 =    11.3778,    11.7262      
# span 15 = 0.0000e+00, 0.0000e+00      
# interval = seconds: 0.25
# start_time = Nov 14 2023 11:27:02 [Instrument's time stamp, header]
# bad_flag = -9.990e-29
*END*
[from data line 995]
      4.272      0.034     5.8192     53.281     34.827  25.418318     5.1300     3.0813     0.3408     0.5499 9.1250e-01     9.4664      4.190      6.076    11.4894 0.0000e+00
      4.281      0.035     5.8158     53.278     34.830  25.420392     5.1300     3.0736     0.3408     0.5499 8.9774e-01     9.6468      4.198      6.088    11.4894 0.0000e+00
      4.290      0.036     5.8128     53.285     34.825  25.416545     5.2200     3.0469     0.2982     0.6345 8.7407e-01     9.5717      4.207      6.101    11.4894 0.0000e+00
      4.299      0.037     5.8104     53.292     34.813  25.407729     5.2200     3.0584     0.2982     0.6345 8.7122e-01     9.4815      4.216      6.115    11.4894 0.0000e+00
      4.309      0.038     5.8089     53.296     34.808  25.403472     5.2200     3.0126     0.2982     0.6345 8.8727e-01     9.9023      4.226      6.129    11.4893 0.0000e+00
      4.319      0.038     5.8086     53.309     34.812  25.406597     5.2200     2.9973     0.2982     0.6345 8.1677e-01     9.8272      4.236      6.143    11.4892 0.0000e+00
      4.329      0.039     5.8094     53.332     34.817  25.410019     5.2200     3.0012     0.3834     0.5922 7.9419e-01     9.7971      4.245      6.157    11.4890 0.0000e+00
      4.339      0.038     5.8102     53.358     34.815  25.408712     5.2200     3.0088     0.3834     0.5922 7.9956e-01     9.8272      4.255      6.172    11.4888 0.0000e+00
      4.349      0.038     5.8107     53.384     34.814  25.408266     5.2200     3.0813     0.3834     0.5922 8.6237e-01     9.6017      4.265      6.185    11.4886 0.0000e+00
      4.359      0.037     5.8121     53.414     34.817  25.410542     5.2200     3.0584     0.3834     0.5922 8.0061e-01     9.4815      4.274      6.199    11.4884 0.0000e+00
      4.368      0.037     5.8146     53.446     34.822  25.414167     5.3100     3.0775     0.3408     0.6768 8.1713e-01     9.6017      4.283      6.212    11.4884 0.0000e+00
      4.377      0.037     5.8174     53.460     34.830  25.420107     5.3100     3.0469     0.3408     0.6768 7.9696e-01     9.5115      4.292      6.225    11.4884 0.0000e+00
      4.386      0.037     5.8202     53.443     34.838  25.425988     5.3100     3.3330     0.3408     0.6768 7.7073e-01     9.7971      4.301      6.239    11.4885 0.0000e+00
      4.396      0.037     5.8235     53.408     34.837  25.425460     5.3100     3.3521     0.3408     0.6768 7.2256e-01     9.9023      4.311      6.253    11.4886 0.0000e+00
      4.406      0.037     5.8270     53.371     34.827  25.418382     5.3100     3.3063     0.3408     0.6768 7.8664e-01     9.8572      4.320      6.267    11.4887 0.0000e+00
      4.416      0.037     5.8285     53.334     34.816  25.410784     5.2200     3.3178     0.3408     0.6768 7.3747e-01     9.8272      4.330      6.280    11.4889 0.0000e+00
      4.425      0.036     5.8266     53.300     34.813  25.408558     5.2200     3.2148     0.3408     0.6768 6.9802e-01     9.5717      4.339      6.294    11.4892 0.0000e+00
      4.434      0.035     5.8228     53.281     34.817  25.411113     5.2200     3.2072     0.3408     0.6768 7.4959e-01     9.6468      4.348      6.307    11.4894 0.0000e+00
      4.443      0.034     5.8187     53.283     34.823  25.415168     5.2200     3.2110     0.3408     0.6768 6.7947e-01     9.6769      4.357      6.319    11.4895 0.0000e+00
      4.451      0.033     5.8146     53.306     34.832  25.421806     5.2200     3.2110     0.3408     0.6768 6.8555e-01     9.5717      4.365      6.331    11.4897 0.0000e+00
      4.459      0.032     5.8110     53.330     34.836  25.424878     5.2200     2.9668     0.3408     0.6768 7.1227e-01     9.5566      4.373      6.342    11.4897 0.0000e+00
      4.467      0.032     5.8088     53.340     34.831  25.421245     5.2200     2.9554     0.3408     0.6768 6.9394e-01     9.6017      4.380      6.353    11.4897 0.0000e+00
      4.474      0.033     5.8091     53.343     34.826  25.417857     5.2200     2.9516     0.3408     0.6768 6.5554e-01     9.5416      4.388      6.364    11.4897 0.0000e+00
      4.483      0.034     5.8116     53.349     34.826  25.417767     5.2200     2.9478     0.3408     0.6345 6.9485e-01     9.6318      4.396      6.376    11.4896 0.0000e+00
      4.492      0.035     5.8142     53.354     34.831  25.420954     5.2200     2.8409     0.3408     0.6345 6.5853e-01     9.6167      4.404      6.388    11.4896 0.0000e+00
      4.501      0.036     5.8153     53.346     34.835  25.424307     5.2200     2.8371     0.3408     0.6345 6.5198e-01     9.6017      4.414      6.401    11.4896 0.0000e+00
      4.510      0.037     5.8156     53.330     34.831  25.420802     5.2200     2.8409     0.3408     0.6345 6.5241e-01     9.6167      4.423      6.415    11.4896 0.0000e+00
      4.520      0.037     5.8163     53.329     34.819  25.411485     5.2200     2.8066     0.3408     0.6345 6.7037e-01     9.6769      4.433      6.429    11.4896 0.0000e+00
      4.530      0.037     5.8169     53.351     34.814  25.407727     5.2200     2.7608     0.3408     0.6768 6.3548e-01     9.5115      4.442      6.443    11.4895 0.0000e+00
      4.540      0.036     5.8160     53.390     34.818  25.410506     5.2200     2.7799     0.3408     0.6768 6.3617e-01     9.6017      4.452      6.457    11.4893 0.0000e+00
      4.549      0.034     5.8143     53.424     34.818  25.410665     5.2200     2.7608     0.3408     0.6768 5.9888e-01     9.4815      4.461      6.470    11.4890 0.0000e+00
      4.558      0.032     5.8142     53.429     34.815  25.408247     5.2200     2.7456     0.3408     0.6768 6.1416e-01     9.6769      4.470      6.483    11.4887 0.0000e+00
      4.566      0.030     5.8168     53.406     34.818  25.410525     5.1300     2.9516     0.3408     0.6345 6.1403e-01     9.3161      4.478      6.494    11.4883 0.0000e+00
      4.573      0.028     5.8211     53.373     34.828  25.418106     5.1300     2.9363     0.3408     0.6345 6.0266e-01     9.4063      4.484      6.504    11.4879 0.0000e+00
      4.579      0.026     5.8248     53.335     34.832  25.421135     5.1300     2.9439     0.3408     0.6345 6.1470e-01     9.3612      4.491      6.513    11.4876 0.0000e+00
      4.585      0.026     5.8253     53.286     34.825  25.416460     5.1300     2.9478     0.3408     0.6345 5.8460e-01     9.3612      4.497      6.522    11.4876 0.0000e+00
      4.591      0.027     5.8227     53.235     34.818  25.410754     5.2200     3.2110     0.3408     0.5922 5.9382e-01     9.5867      4.503      6.530    11.4878 0.0000e+00
      4.598      0.028     5.8191     53.206     34.812  25.406452     5.2200     3.2033     0.3408     0.5922 5.9641e-01     9.5266      4.509      6.540    11.4880 0.0000e+00
      4.605      0.031     5.8149     53.212     34.807  25.402409     5.2200     3.1957     0.3408     0.5922 5.9112e-01     9.5416      4.516      6.550    11.4883 0.0000e+00
      4.613      0.033     5.8095     53.246     34.804  25.399526     5.2200     3.1995     0.3408     0.5922 6.0898e-01     9.6468      4.524      6.561    11.4884 0.0000e+00
      4.622      0.036     5.8040     53.288     34.803  25.399013     5.1300     3.0927     0.3408     0.5499 5.5962e-01     9.6318      4.532      6.573    11.4884 0.0000e+00
      4.631      0.039     5.8009     53.322     34.803  25.398754     5.1300     3.0736     0.3408     0.5499 5.7829e-01     9.6318      4.542      6.587    11.4881 0.0000e+00
      4.642      0.041     5.8016     53.348     34.806  25.400659     5.1300     3.0584     0.3408     0.5499 5.8144e-01     9.5867      4.552      6.602    11.4876 0.0000e+00
      4.653      0.043     5.8054     53.370     34.813  25.405237     5.1300     3.0736     0.3408     0.5499 5.5926e-01     9.6318      4.563      6.618    11.4869 0.0000e+00
      4.664      0.044     5.8100     53.384     34.814  25.405790     5.1300     3.0660     0.3408     0.5499 5.7241e-01     9.5867      4.574      6.634    11.4864 0.0000e+00
      4.675      0.045     5.8138     53.387     34.810  25.402465     5.2200     3.0660     0.3408     0.5499 5.4510e-01     9.5717      4.585      6.650    11.4860 0.0000e+00
      4.687      0.045     5.8167     53.381     34.804  25.398335     5.2200     3.0813     0.3408     0.5499 5.6672e-01     9.5717      4.596      6.666    11.4857 0.0000e+00
      4.698      0.046     5.8192     53.363     34.796  25.392299     5.2200     3.0622     0.3408     0.5499 5.1482e-01     9.5717      4.608      6.683    11.4855 0.0000e+00
      4.710      0.047     5.8207     53.336     34.789  25.386707     5.2200     3.2453     0.3408     0.5499 5.2203e-01     9.5867      4.619      6.700    11.4852 0.0000e+00
      4.722      0.048     5.8211     53.309     34.785  25.384025     5.1300     3.2529     0.3834     0.5499 5.5213e-01     9.5717      4.631      6.716    11.4850 0.0000e+00
      4.734      0.049     5.8204     53.290     34.787  25.385519     5.1300     3.2644     0.3834     0.5499 5.1214e-01     9.6468      4.643      6.734    11.4847 0.0000e+00
      4.747      0.049     5.8185     53.279     34.798  25.393567     5.1300     3.2567     0.3834     0.5499 5.1103e-01     9.6618      4.655      6.751    11.4845 0.0000e+00
      4.760      0.050     5.8155     53.275     34.808  25.400416     5.1300     3.4437     0.3834     0.5499 5.0749e-01     9.4965      4.667      6.770    11.4844 0.0000e+00
      4.773      0.049     5.8126     53.271     34.805  25.397996     5.2200     3.4513     0.3834     0.6345 4.8348e-01     9.6919      4.680      6.788    11.4843 0.0000e+00
      4.786      0.048     5.8105     53.273     34.800  25.393579     5.2200     3.4513     0.3834     0.6345 4.9561e-01     9.7069      4.693      6.807    11.4842 0.0000e+00
      4.798      0.047     5.8094     53.282     34.801  25.393905     5.2200     3.4437     0.3834     0.6345 4.4846e-01     9.6017      4.706      6.825    11.4841 0.0000e+00
      4.810      0.045     5.8089     53.283     34.809  25.399063     5.2200     3.0927     0.3834     0.6345 4.6869e-01     9.6468      4.717      6.842    11.4840 0.0000e+00
      4.821      0.043     5.8086     53.273     34.820  25.406466     5.1300     3.0660     0.3408     0.6345 4.7505e-01     9.7069      4.728      6.858    11.4837 0.0000e+00
      4.832      0.040     5.8089     53.258     34.826  25.410173     5.1300     3.0584     0.3408     0.6345 4.5277e-01     9.7370      4.738      6.873    11.4829 0.0000e+00
      4.842      0.037     5.8100     53.244     34.828  25.411170     5.1300     3.0813     0.3408     0.6345 4.5494e-01     9.6318      4.748      6.887    11.4819 0.0000e+00
      4.851      0.034     5.8103     53.231     34.832  25.413683     5.1300     3.0012     0.3408     0.6345 4.2716e-01     9.6769      4.757      6.900    11.4807 0.0000e+00
      4.860      0.031     5.8094     53.223     34.834  25.414424     5.1300     3.0050     0.3408     0.6345 4.3229e-01     9.7220      4.766      6.912    11.4795 0.0000e+00
      4.867      0.028     5.8079     53.213     34.833  25.413589     5.1300     3.0164     0.2982     0.5499 4.3070e-01     9.6017      4.773      6.923    11.4785 0.0000e+00
      4.874      0.026     5.8064     53.200     34.829  25.410956     5.1300     2.9821     0.2982     0.5499 4.1798e-01     9.6318      4.779      6.932    11.4778 0.0000e+00
      4.879      0.025     5.8051     53.185     34.816  25.401863     5.1300     2.8295     0.2982     0.5499 4.4304e-01     9.6167      4.785      6.940    11.4774 0.0000e+00
      4.885      0.024     5.8042     53.174     34.801  25.391804     5.1300     2.8142     0.2982     0.5499 4.5140e-01     9.5266      4.791      6.948    11.4772 0.0000e+00
      4.891      0.024     5.8032     53.171     34.792  25.386015     5.2200     2.8333     0.3408     0.5922 4.1852e-01     9.6468      4.796      6.956    11.4769 0.0000e+00
      4.897      0.026     5.8018     53.166     34.788  25.382953     5.2200     2.8295     0.3408     0.5922 4.3323e-01     9.6468      4.802      6.965    11.4770 0.0000e+00
      4.904      0.027     5.8001     53.168     34.786  25.381800     5.2200     2.7608     0.3408     0.5922 4.0633e-01     9.6769      4.809      6.974    11.4775 0.0000e+00
      4.911      0.030     5.7988     53.188     34.787  25.382250     5.2200     2.7456     0.3408     0.5922 4.1328e-01     9.6017      4.816      6.985    11.4783 0.0000e+00
      4.918      0.032     5.7983     53.217     34.793  25.386402     5.2200     2.7570     0.3408     0.5499 4.0988e-01     9.6017      4.823      6.996    11.4790 0.0000e+00
      4.927      0.033     5.7977     53.245     34.802  25.393383     5.2200     2.7685     0.3408     0.5499 4.0064e-01     9.5416      4.832      7.008    11.4794 0.0000e+00
      4.936      0.035     5.7979     53.268     34.809  25.399117     5.2200     2.7723     0.3408     0.5499 4.2475e-01     9.5717      4.841      7.021    11.4796 0.0000e+00
      4.946      0.036     5.8000     53.285     34.814  25.403152     5.2200     2.7456     0.3408     0.5499 3.9390e-01     9.6919      4.850      7.034    11.4796 0.0000e+00
      4.955      0.038     5.8032     53.295     34.818  25.406565     5.2200     2.7456     0.3408     0.6345 3.7953e-01     9.5416      4.859      7.048    11.4797 0.0000e+00
      4.965      0.039     5.8062     53.302     34.822  25.410267     5.2200     2.7608     0.3408     0.6345 4.0545e-01     9.5717      4.869      7.061    11.4799 0.0000e+00
      4.975      0.040     5.8087     53.305     34.822  25.411285     5.2200     3.1194     0.3408     0.6345 3.4583e-01     9.6017      4.878      7.076    11.4805 0.0000e+00
      4.985      0.040     5.8104     53.305     34.814  25.405931     5.2200     3.1309     0.3408     0.6345 3.6387e-01     9.5416      4.889      7.091    11.4813 0.0000e+00
      4.996      0.041     5.8114     53.309     34.801  25.396737     5.2200     3.1156     0.3408     0.6345 3.7291e-01     9.7069      4.899      7.106    11.4823 0.0000e+00
      5.006      0.042     5.8121     53.319     34.793  25.391150     5.1300     3.1461     0.3408     0.5499 3.5791e-01     9.6919      4.910      7.121    11.4833 0.0000e+00
      5.017      0.043     5.8122     53.330     34.792  25.389658     5.1300     2.9668     0.3408     0.5499 3.6704e-01     9.6318      4.920      7.136    11.4843 0.0000e+00
      5.028      0.044     5.8121     53.341     34.787  25.385926     5.1300     2.9554     0.3408     0.5499 3.4907e-01     9.6618      4.931      7.152    11.4850 0.0000e+00
      5.039      0.044     5.8125     53.352     34.780  25.380936     5.1300     2.9249     0.3408     0.5499 3.4306e-01     9.5416      4.942      7.167    11.4853 0.0000e+00
      5.051      0.045     5.8136     53.359     34.776  25.377319     5.2200     2.9439     0.3408     0.6345 3.3994e-01     9.6017      4.953      7.184    11.4854 0.0000e+00
      5.062      0.046     5.8148     53.361     34.775  25.376089     5.2200     2.8600     0.3408     0.6345 3.2605e-01     9.5867      4.964      7.200    11.4853 0.0000e+00
      5.074      0.047     5.8160     53.359     34.780  25.378898     5.2200     2.8829     0.3408     0.6345 3.4336e-01     9.6468      4.976      7.217    11.4851 0.0000e+00
      5.086      0.047     5.8172     53.354     34.790  25.384516     5.2200     2.8943     0.3408     0.6345 3.1559e-01     9.6017      4.988      7.235    11.4849 0.0000e+00
      5.099      0.047     5.8181     53.349     34.802  25.392459     5.1300     2.9058     0.3834     0.6768 3.0415e-01     9.5717      5.000      7.252    11.4844 0.0000e+00
      5.111      0.046     5.8184     53.344     34.810  25.396929     5.1300     3.1423     0.3834     0.6768 3.3561e-01     9.9624      5.012      7.270    11.4834 0.0000e+00
