Data/DataNotYetUploadedToEDI/Raw_CTD/RawDownloads/111423_bvr50_S8188003.cnv
* Sea-Bird SBE19plus  Data File:
* FileName = C:\R\Reservoirs\Data\DataNotYetUploadedToEDI\Raw_CTD\RawDownloads\110623_bvr50_S8188_0003.hex
* Software version 2.8.0.119
* Temperature SN = 8188
* Conductivity SN = 8188
* System UpLoad Time = Nov 14 2023 17:10:49
* <ApplicationData>
* <Seaterm232>
# nquan = 16
# nvalues = 1844                        
# units = specified
# name 0 = depFM: Depth [fresh water, m]
# name 1 = dz/dtM: Descent Rate [m/s]
# name 2 = sbeox0Mg/L: Oxygen, SBE 43 [mg/l]
# name 3 = sbeox0PS: Oxygen, SBE 43 [% saturation]
# name 4 = specc: Specific Conductance [uS/cm]
# name 5 = c0uS/cm: Conductivity [uS/cm]
# name 6 = wetCDOM: Fluorescence, WET Labs CDOM [mg/m^3]
# name 7 = flECO-AFL: Fluorescence, WET Labs ECO-AFL/FL [mg/m^3]
# name 8 = flECO-AFL1: Fluorescence, WET Labs ECO-AFL/FL, 2 [mg/m^3]
# name 9 = flECO-AFL2: Fluorescence, WET Labs ECO-AFL/FL, 3 [mg/m^3]
# name 10 = par/sat/log: PAR/Logarithmic, Satlantic
# name 11 = turbWETntu0: Turbidity, WET Labs ECO [NTU]
# name 12 = prdM: Pressure, Strain Gauge [db]
# name 13 = prdE: Pressure, Strain Gauge [psi]
# name 14 = tv290C: Temperature [ITS-90, deg C]
# name 15 = flag:  0.000e+00
# span 0 =     -0.588,      8.521       
# span 1 =     -0.246,      0.061       
# span 2 =     4.4668,     7.3038       
# span 3 =     41.154,     67.106       
# span 4 =     34.745,     35.515       
# span 5 =  25.325193,  25.991628       
# span 6 =    -4.5000,     5.3100       
# span 7 =    -0.1384,     8.0405       
# span 8 =    -4.6434,     0.3834       
# span 9 =    -4.1031,     0.8037       
# span 10 = 1.1590e-01, 2.0973e+03      
# span 11 =    -0.3783,   320.8758      
# span 12 =     -0.576,      8.356      
# span 13 =     -0.836,     12.120      
# span 14 =    11.3778,    11.7262      
# span 15 = 0.0000e+00, 0.0000e+00      
# interval = seconds: 0.25
# start_time = Nov 14 2023 11:27:02 [Instrument's time stamp, header]
# bad_flag = -9.990e-29
*END*
[from data line 814]
      2.855      0.027     5.8256     53.525     34.805  25.407528     5.0400     2.8104     0.3408     0.5922 5.4565e+00     9.5867      2.800      4.061    11.4969 0.0000e+00
      2.862      0.027     5.8304     53.519     34.795  25.399921     5.0400     2.8448     0.3408     0.5922 5.6877e+00     9.5717      2.806      4.070    11.4970 0.0000e+00
      2.868      0.027     5.8326     53.501     34.793  25.398750     5.0400     2.8104     0.3408     0.5922 5.5257e+00     9.6167      2.813      4.080    11.4970 0.0000e+00
      2.875      0.028     5.8338     53.475     34.800  25.403703     5.0400     2.8104     0.3408     0.5922 5.4767e+00     9.6167      2.819      4.090    11.4970 0.0000e+00
      2.882      0.028     5.8345     53.449     34.811  25.412142     5.2200     2.8295     0.3408     0.5922 5.5655e+00     9.6769      2.826      4.100    11.4970 0.0000e+00
      2.890      0.029     5.8338     53.434     34.820  25.418398     5.2200     2.8295     0.3408     0.5922 5.5101e+00     9.6318      2.834      4.110    11.4971 0.0000e+00
      2.897      0.031     5.8318     53.435     34.822  25.420182     5.2200     2.8295     0.3408     0.5922 5.5703e+00     9.5867      2.841      4.121    11.4971 0.0000e+00
      2.905      0.032     5.8290     53.453     34.819  25.417969     5.2200     2.8066     0.3408     0.5922 5.4364e+00     9.4364      2.849      4.132    11.4972 0.0000e+00
      2.913      0.034     5.8262     53.478     34.815  25.415127     5.0400     3.0088     0.2982     0.5499 5.2677e+00     9.6167      2.857      4.144    11.4972 0.0000e+00
      2.922      0.035     5.8245     53.491     34.815  25.414858     5.0400     3.0126     0.2982     0.5499 5.2964e+00     9.5115      2.865      4.156    11.4972 0.0000e+00
      2.931      0.037     5.8246     53.493     34.812  25.413131     5.0400     2.9859     0.2982     0.5499 5.1972e+00     9.6017      2.875      4.169    11.4973 0.0000e+00
      2.941      0.039     5.8266     53.498     34.807  25.409486     5.0400     2.9859     0.2982     0.5499 5.0800e+00     9.5566      2.884      4.183    11.4973 0.0000e+00
      2.952      0.040     5.8293     53.497     34.809  25.410868     5.2200     3.1766     0.3408     0.5922 4.9914e+00     9.5416      2.895      4.198    11.4974 0.0000e+00
      2.962      0.040     5.8307     53.477     34.818  25.417647     5.2200     3.1805     0.3408     0.5922 4.8745e+00     9.5717      2.905      4.213    11.4974 0.0000e+00
      2.973      0.041     5.8310     53.455     34.821  25.419752     5.2200     3.1995     0.3408     0.5922 4.8187e+00     9.6017      2.915      4.229    11.4974 0.0000e+00
      2.984      0.040     5.8315     53.454     34.813  25.413786     5.2200     3.1805     0.3408     0.5922 4.7667e+00     9.6769      2.926      4.244    11.4974 0.0000e+00
      2.994      0.039     5.8314     53.472     34.808  25.410036     5.2200     3.3063     0.3408     0.5922 4.7029e+00     9.4063      2.936      4.259    11.4974 0.0000e+00
      3.004      0.038     5.8292     53.494     34.810  25.411460     5.1300     3.3140     0.3408     0.6768 4.6480e+00     9.2560      2.946      4.273    11.4974 0.0000e+00
      3.014      0.037     5.8268     53.498     34.808  25.410519     5.1300     3.3140     0.3408     0.6768 4.5215e+00     9.3462      2.955      4.287    11.4975 0.0000e+00
      3.023      0.036     5.8267     53.482     34.804  25.406963     5.1300     3.3063     0.3408     0.6768 4.5264e+00     9.4514      2.965      4.300    11.4975 0.0000e+00
      3.032      0.035     5.8287     53.455     34.805  25.407762     5.1300     3.2224     0.3408     0.6768 4.4882e+00     9.5717      2.973      4.312    11.4975 0.0000e+00
      3.041      0.035     5.8310     53.427     34.812  25.413130     5.1300     3.2110     0.3408     0.7191 4.3784e+00     9.6017      2.982      4.325    11.4976 0.0000e+00
      3.049      0.035     5.8315     53.401     34.816  25.416578     5.1300     3.2377     0.3408     0.7191 4.4902e+00     9.5717      2.990      4.337    11.4976 0.0000e+00
      3.058      0.036     5.8297     53.382     34.814  25.415068     5.1300     3.2300     0.3408     0.7191 4.3123e+00     9.5717      2.999      4.349    11.4976 0.0000e+00
      3.067      0.038     5.8267     53.379     34.810  25.412155     5.1300     3.0660     0.3408     0.7191 4.2629e+00     9.6017      3.007      4.362    11.4977 0.0000e+00
      3.076      0.040     5.8236     53.396     34.808  25.411023     5.2200     3.0660     0.3408     0.5922 4.1822e+00     9.6318      3.017      4.376    11.4977 0.0000e+00
      3.087      0.042     5.8208     53.426     34.809  25.411370     5.2200     3.0622     0.3408     0.5922 4.0437e+00     9.6017      3.027      4.390    11.4978 0.0000e+00
      3.098      0.043     5.8187     53.454     34.811  25.413287     5.2200     3.0546     0.3408     0.5922 3.9524e+00     9.5717      3.038      4.406    11.4980 0.0000e+00
      3.109      0.045     5.8184     53.474     34.811  25.413327     5.2200     3.1309     0.3408     0.5922 3.8987e+00     9.5867      3.049      4.422    11.4981 0.0000e+00
      3.121      0.045     5.8203     53.482     34.809  25.411501     5.1300     3.1652     0.3408     0.5922 3.8041e+00     9.4514      3.061      4.439    11.4983 0.0000e+00
      3.133      0.045     5.8235     53.482     34.809  25.411280     5.1300     3.1385     0.3408     0.5922 3.7078e+00     9.6318      3.073      4.456    11.4984 0.0000e+00
      3.145      0.044     5.8267     53.468     34.805  25.408648     5.1300     3.1080     0.3408     0.5922 3.6861e+00     9.5566      3.085      4.473    11.4985 0.0000e+00
      3.156      0.043     5.8287     53.457     34.800  25.404880     5.1300     3.1881     0.3408     0.5922 3.7127e+00     9.6769      3.096      4.489    11.4986 0.0000e+00
      3.167      0.041     5.8296     53.453     34.800  25.404913     5.1300     3.1843     0.3408     0.5922 3.5975e+00     9.6468      3.106      4.505    11.4986 0.0000e+00
      3.177      0.038     5.8295     53.433     34.802  25.406773     5.1300     3.1576     0.3408     0.5922 3.5928e+00     9.5566      3.116      4.519    11.4986 0.0000e+00
      3.187      0.035     5.8281     53.406     34.811  25.412938     5.1300     3.1957     0.3408     0.5922 3.5080e+00     9.6769      3.126      4.533    11.4986 0.0000e+00
      3.196      0.032     5.8269     53.389     34.828  25.425052     5.1300     3.5581     0.3408     0.5922 3.4708e+00     9.4965      3.134      4.545    11.4987 0.0000e+00
      3.203      0.029     5.8264     53.382     34.846  25.438425     5.1300     3.5696     0.3408     0.5922 3.5317e+00     9.5416      3.142      4.556    11.4987 0.0000e+00
      3.210      0.026     5.8243     53.385     34.860  25.448706     5.2200     3.5963     0.3408     0.7191 3.4498e+00     9.6017      3.148      4.566    11.4988 0.0000e+00
      3.216      0.024     5.8214     53.382     34.863  25.450719     5.2200     3.5543     0.3408     0.7191 3.4580e+00     9.6468      3.154      4.574    11.4988 0.0000e+00
      3.222      0.022     5.8195     53.349     34.855  25.445000     5.2200     3.4627     0.3408     0.7191 3.4177e+00     9.5717      3.159      4.582    11.4987 0.0000e+00
      3.227      0.021     5.8187     53.299     34.846  25.437943     5.2200     3.4437     0.3408     0.7191 3.3668e+00     9.7069      3.165      4.590    11.4987 0.0000e+00
      3.232      0.020     5.8190     53.257     34.831  25.427664     5.1300     3.4360     0.3408     0.5499 3.3304e+00     9.6919      3.170      4.597    11.4986 0.0000e+00
      3.237      0.019     5.8187     53.230     34.812  25.413404     5.1300     3.4513     0.3408     0.5499 3.2645e+00     9.6318      3.175      4.604    11.4986 0.0000e+00
      3.242      0.018     5.8151     53.224     34.800  25.405216     5.1300     4.1227     0.3408     0.5499 3.1819e+00     9.6167      3.179      4.611    11.4986 0.0000e+00
      3.246      0.017     5.8097     53.244     34.797  25.402896     5.1300     4.1227     0.3408     0.5499 3.1454e+00     9.6167      3.184      4.617    11.4986 0.0000e+00
      3.250      0.016     5.8052     53.300     34.793  25.399888     5.0400     4.1113     0.3834     0.6345 3.1502e+00     9.5416      3.187      4.623    11.4986 0.0000e+00
      3.254      0.015     5.8022     53.396     34.787  25.395388     5.0400     4.0846     0.3834     0.6345 3.1591e+00     9.6017      3.191      4.628    11.4986 0.0000e+00
      3.258      0.014     5.8015     53.510     34.780  25.390176     5.0400     3.1080     0.3834     0.6345 3.1516e+00     9.4514      3.195      4.633    11.4987 0.0000e+00
      3.261      0.014     5.8037     53.602     34.778  25.388802     5.0400     3.1156     0.3834     0.6345 3.1379e+00     9.5566      3.198      4.638    11.4987 0.0000e+00
      3.264      0.013     5.8098     53.651     34.778  25.388919     5.0400     3.0965     0.3834     0.6345 3.1257e+00     9.6769      3.201      4.643    11.4987 0.0000e+00
      3.267      0.013     5.8203     53.649     34.772  25.384621     5.1300     3.1080     0.3408     0.6768 3.1420e+00     9.5717      3.204      4.647    11.4986 0.0000e+00
      3.271      0.014     5.8326     53.613     34.764  25.378719     5.1300     2.9821     0.3408     0.6768 3.0966e+00     9.6017      3.208      4.652    11.4986 0.0000e+00
      3.274      0.014     5.8427     53.563     34.760  25.375578     5.1300     2.9287     0.3408     0.6768 3.0818e+00     9.5266      3.211      4.657    11.4986 0.0000e+00
      3.278      0.015     5.8480     53.501     34.761  25.376341     5.1300     2.9516     0.3408     0.6768 3.1420e+00     9.5416      3.214      4.662    11.4985 0.0000e+00
      3.281      0.016     5.8479     53.424     34.765  25.379232     5.1300     2.9668     0.3408     0.6768 3.1860e+00     9.6167      3.218      4.667    11.4985 0.0000e+00
      3.286      0.018     5.8438     53.348     34.770  25.383042     5.1300     3.3025     0.3408     0.6768 3.1447e+00     9.6318      3.222      4.673    11.4985 0.0000e+00
      3.291      0.020     5.8385     53.287     34.772  25.384828     5.1300     3.2720     0.3408     0.6768 3.0792e+00     9.6318      3.227      4.680    11.4985 0.0000e+00
      3.296      0.022     5.8316     53.258     34.770  25.383086     5.1300     3.3025     0.3408     0.6768 3.0939e+00     9.6769      3.232      4.688    11.4985 0.0000e+00
      3.302      0.024     5.8233     53.268     34.770  25.383292     5.1300     3.3292     0.3408     0.6768 3.1006e+00     9.6167      3.238      4.696    11.4986 0.0000e+00
      3.309      0.025     5.8150     53.305     34.776  25.387478     5.1300     3.6306     0.3408     0.6768 3.0718e+00     9.6017      3.244      4.706    11.4986 0.0000e+00
      3.315      0.025     5.8083     53.349     34.789  25.396761     5.1300     3.6459     0.3408     0.6768 3.0552e+00     9.6167      3.251      4.715    11.4987 0.0000e+00
      3.322      0.026     5.8051     53.385     34.804  25.407679     5.1300     3.6153     0.3408     0.6768 3.0215e+00     9.6017      3.258      4.725    11.4987 0.0000e+00
      3.329      0.027     5.8062     53.415     34.806  25.409285     5.1300     3.6230     0.3408     0.6768 2.9701e+00     9.6318      3.264      4.734    11.4987 0.0000e+00
      3.336      0.027     5.8102     53.446     34.794  25.400028     5.2200     3.4399     0.3408     0.6345 3.0333e+00     9.5266      3.271      4.744    11.4987 0.0000e+00
      3.342      0.027     5.8150     53.472     34.782  25.391297     5.2200     3.4093     0.3408     0.6345 3.0182e+00     9.5266      3.277      4.753    11.4986 0.0000e+00
      3.349      0.028     5.8189     53.486     34.786  25.394621     5.2200     3.4589     0.3408     0.6345 3.0235e+00     9.6318      3.284      4.763    11.4985 0.0000e+00
      3.356      0.028     5.8223     53.490     34.800  25.404947     5.2200     3.4132     0.3408     0.6345 2.9643e+00     9.6017      3.291      4.773    11.4984 0.0000e+00
      3.364      0.029     5.8256     53.503     34.809  25.411172     5.0400     3.4513     0.3408     0.5076 2.9341e+00     9.6618      3.298      4.784    11.4983 0.0000e+00
      3.371      0.030     5.8285     53.525     34.809  25.410998     5.0400     3.4513     0.3408     0.5076 2.9495e+00     9.7370      3.306      4.795    11.4982 0.0000e+00
      3.379      0.030     5.8301     53.537     34.800  25.404376     5.0400     3.4437     0.3408     0.5076 2.8980e+00     9.6167      3.313      4.805    11.4980 0.0000e+00
      3.387      0.031     5.8305     53.529     34.786  25.393501     5.0400     3.4360     0.3408     0.5076 2.8942e+00     9.6167      3.321      4.817    11.4978 0.0000e+00
      3.395      0.031     5.8319     53.502     34.773  25.383391     5.1300     3.0012     0.3408     0.5499 2.8530e+00     9.7069      3.329      4.828    11.4976 0.0000e+00
      3.403      0.031     5.8344     53.460     34.765  25.377288     5.1300     3.0012     0.3408     0.5499 2.7850e+00     9.5717      3.337      4.840    11.4974 0.0000e+00
      3.411      0.031     5.8357     53.411     34.763  25.375545     5.1300     3.0088     0.3408     0.5499 2.8112e+00     9.7069      3.345      4.851    11.4972 0.0000e+00
      3.419      0.031     5.8349     53.374     34.764  25.375717     5.1300     3.0126     0.3408     0.5499 2.7460e+00     9.6017      3.353      4.863    11.4969 0.0000e+00
      3.426      0.030     5.8321     53.347     34.764  25.375871     5.1300     3.1194     0.3408     0.5922 2.7651e+00     9.5566      3.360      4.874    11.4964 0.0000e+00
      3.434      0.030     5.8275     53.323     34.765  25.376048     5.1300     3.1232     0.3408     0.5922 2.7016e+00     9.5717      3.368      4.885    11.4959 0.0000e+00
      3.442      0.029     5.8223     53.309     34.768  25.378274     5.1300     3.1156     0.3408     0.5922 2.6464e+00     9.4514      3.375      4.895    11.4953 0.0000e+00
      3.449      0.028     5.8183     53.307     34.777  25.385123     5.1300     3.1194     0.3408     0.5922 2.6406e+00     9.5115      3.383      4.906    11.4947 0.0000e+00
      3.456      0.028     5.8155     53.307     34.793  25.396441     5.1300     3.1805     0.3408     0.5922 2.6533e+00     9.7520      3.390      4.916    11.4942 0.0000e+00
      3.463      0.027     5.8130     53.303     34.811  25.409308     5.1300     3.1805     0.3408     0.5499 2.6002e+00     9.7370      3.397      4.926    11.4939 0.0000e+00
      3.470      0.027     5.8114     53.306     34.825  25.419236     5.1300     3.1805     0.3408     0.5499 2.6631e+00     9.4965      3.403      4.936    11.4937 0.0000e+00
      3.477      0.027     5.8112     53.303     34.833  25.424914     5.1300     3.1728     0.3408     0.5499 2.6298e+00     9.5266      3.410      4.945    11.4936 0.0000e+00
      3.483      0.027     5.8112     53.282     34.838  25.427855     5.1300     3.1995     0.3408     0.5499 2.5732e+00     9.6017      3.416      4.955    11.4934 0.0000e+00
      3.490      0.027     5.8108     53.255     34.834  25.424886     5.2200     3.1995     0.3408     0.6345 2.5465e+00     9.7220      3.423      4.964    11.4931 0.0000e+00
      3.497      0.027     5.8111     53.234     34.816  25.411255     5.2200     3.1805     0.3408     0.6345 2.4467e+00     9.6167      3.430      4.974    11.4927 0.0000e+00
      3.504      0.026     5.8109     53.227     34.791  25.393226     5.2200     3.2224     0.3408     0.6345 2.3729e+00     9.6167      3.437      4.984    11.4923 0.0000e+00
      3.511      0.026     5.8087     53.239     34.775  25.381826     5.2200     3.3597     0.3408     0.6345 2.3539e+00     9.5867      3.443      4.994    11.4919 0.0000e+00
