Data/DataNotYetUploadedToEDI/Raw_CTD/RawDownloads/111423_fcr50_S7809004.cnv
* Sea-Bird SBE19plus  Data File:
* FileName = C:\R\Reservoirs\Data\DataNotYetUploadedToEDI\Raw_CTD\RawDownloads\110623_bvr50_S7809_0004.hex
* Software version 2.8.0.119
* Temperature SN = 7809
* Conductivity SN = 7809
* System UpLoad Time = Nov 14 2023 16:56:57
* <ApplicationData>
* <Seaterm232>
# nquan = 15
# nvalues = 3322                        
# units = specified
# name 0 = depFM: Depth [fresh water, m]
# name 1 = dz/dtM: Descent Rate [m/s]
# name 2 = sbeox0Mg/L: Oxygen, SBE 43 [mg/l]
# name 3 = sbeox0PS: Oxygen, SBE 43 [% saturation]
# name 4 = specc: Specific Conductance [uS/cm]
# name 5 = c0uS/cm: Conductivity [uS/cm]
# name 6 = flECO-AFL: Fluorescence, WET Labs ECO-AFL/FL [mg/m^3]
# name 7 = ph: pH
# name 8 = orp: Oxidation Reduction Potential [mV]
# name 9 = par/sat/log: PAR/Logarithmic, Satlantic
# name 10 = turbWETntu0: Turbidity, WET Labs ECO [NTU]
# name 11 = prdM: Pressure, Strain Gauge [db]
# name 12 = prdE: Pressure, Strain Gauge [psi]
# name 13 = tv290C: Temperature [ITS-90, deg C]
# name 14 = flag:  0.000e+00
# span 0 =     -0.555,      9.576       
# span 1 =     -0.360,      0.259       
# span 2 =     6.4453,    10.8220       
# span 3 =     59.691,    100.254       
# span 4 =      0.364,     52.084       
# span 5 =   0.287616,  37.865256       
# span 6 =    -0.1089,    23.8267       
# span 7 =      0.809,      7.362       
# span 8 =  -607.2292,  1239.7141       
# span 9 = 1.2365e-01, 6.4572e+02       
# span 10 =    -0.2769,   193.3770      
# span 11 =     -0.544,      9.393      
# span 12 =     -0.790,     13.623      
# span 13 =    11.3380,    14.4702      
# span 14 = 0.0000e+00, 0.0000e+00      
# interval = seconds: 0.25
# start_time = Nov 14 2023 13:42:43 [Instrument's time stamp, header]
# bad_flag = -9.990e-29
*END*
[from data line 97]
      0.082      0.007    10.4353     99.018     45.182  34.287050    13.9326      6.603   264.6853 1.4659e+02     6.1363      0.081      0.117    12.9365 0.0000e+00
      0.083      0.003    10.4384     99.058     45.180  34.287059    13.9185      6.600   264.4807 1.4074e+02     6.0855      0.082      0.119    12.9385 0.0000e+00
      0.082      0.001    10.4386     99.092     45.182  34.287154    13.8798      6.596   264.0449 1.3791e+02     6.0184      0.081      0.118    12.9373 0.0000e+00
      0.081      0.002    10.4433     99.084     45.188  34.288185    13.8138      6.593   263.7183 1.3928e+02     5.9738      0.080      0.116    12.9368 0.0000e+00
      0.079      0.004    10.4457     99.053     45.204  34.299521    13.7861      6.589   264.1453 1.3882e+02     5.9558      0.077      0.111    12.9397 0.0000e+00
      0.079      0.005    10.4487     99.048     45.199  34.297328    13.7870      6.587   264.7343 1.3905e+02     5.9036      0.076      0.110    12.9438 0.0000e+00
      0.084      0.006    10.4562     99.085     45.150  34.261672    13.8499      6.586   264.8166 1.3622e+02     5.8542      0.081      0.119    12.9419 0.0000e+00
      0.090      0.007    10.4547     99.127     45.136  34.249088    13.9887      6.585   264.3657 1.2834e+02     5.9047      0.090      0.130    12.9356 0.0000e+00
      0.092      0.007    10.4502     99.133     45.171  34.272064    14.0666      6.582   263.6706 1.2682e+02     5.9685      0.092      0.133    12.9339 0.0000e+00
      0.091      0.006    10.4474     99.109     45.195  34.285679    14.0757      6.581   263.2093 1.3386e+02     5.9430      0.089      0.129    12.9371 0.0000e+00
      0.090      0.005    10.4526     99.096     45.202  34.286814    14.0658      6.580   263.2621 1.3770e+02     5.8692      0.087      0.126    12.9413 0.0000e+00
      0.091      0.005    10.4594     99.119     45.205  34.285783    14.0471      6.576   263.7928 1.3754e+02     5.8622      0.088      0.128    12.9389 0.0000e+00
      0.092      0.005    10.4616     99.154     45.188  34.273210    14.0577      6.573   264.2048 1.3576e+02     5.9255      0.091      0.131    12.9317 0.0000e+00
      0.095      0.005    10.4579     99.172     45.167  34.261684    14.0774      6.572   264.0284 1.3103e+02     5.9513      0.094      0.136    12.9281 0.0000e+00
      0.099      0.004    10.4562     99.187     45.179  34.273324    14.0765      6.571   263.6389 1.2886e+02     5.9353      0.097      0.140    12.9232 0.0000e+00
      0.100      0.001    10.4615     99.230     45.198  34.287064    14.0388      6.570   263.6258 1.3051e+02     5.8349      0.099      0.143    12.9169 0.0000e+00
      0.098     -0.001    10.4662     99.256     45.218  34.300906    13.9802      6.568   263.5254 1.3358e+02     5.6943      0.097      0.141    12.9183 0.0000e+00
      0.095     -0.001    10.4669     99.242     45.233  34.313793    13.9579      6.566   263.3709 1.3763e+02     5.6696      0.094      0.136    12.9251 0.0000e+00
      0.093      0.000    10.4633     99.217     45.228  34.315983    13.9611      6.563   263.8224 1.3822e+02     5.6738      0.092      0.133    12.9290 0.0000e+00
      0.093      0.002    10.4726     99.194     45.225  34.327405    14.0189      6.561   264.1668 1.3706e+02     5.7449      0.091      0.131    12.9277 0.0000e+00
      0.095      0.002    10.4770     99.188     45.198  34.325011    14.1405      6.559   264.0071 1.4001e+02     5.9483      0.092      0.134    12.9242 0.0000e+00
      0.099      0.002    10.4728     99.213     45.133  34.287057    14.2169      6.558   263.8706 1.4000e+02     6.0835      0.097      0.141    12.9249 0.0000e+00
      0.102      0.001    10.4696     99.238     45.083  34.249199    14.2259      6.557   263.9792 1.3635e+02     6.1150      0.102      0.148    12.9301 0.0000e+00
      0.101     -0.001    10.4624     99.208     45.088  34.247949    14.0915      6.556   264.2021 1.3667e+02     6.0555      0.100      0.146    12.9456 0.0000e+00
      0.097     -0.002    10.4551     99.167     45.123  34.271947    13.8405      6.556   264.5011 1.3361e+02     5.9105      0.095      0.138    12.9732 0.0000e+00
      0.094     -0.002    10.4537     99.152     45.143  34.285570    13.7129      6.555   264.8402 1.2820e+02     5.8314      0.092      0.133    12.9881 0.0000e+00
      0.094     -0.001    10.4635     99.138     45.146  34.285768    13.7059      6.553   265.0328 1.2697e+02     5.8843      0.091      0.132    12.9829 0.0000e+00
      0.095      0.001    10.4580     99.136     45.134  34.274338    13.7642      6.553   265.1945 1.2812e+02     5.9699      0.093      0.136    12.9746 0.0000e+00
      0.098      0.003    10.4517     99.141     45.138  34.274253    13.8764      6.552   265.2468 1.3252e+02     5.9436      0.096      0.141    12.9723 0.0000e+00
      0.100      0.003    10.4539     99.137     45.155  34.284742    13.9301      6.551   265.1489 1.3394e+02     5.8397      0.098      0.143    12.9722 0.0000e+00
      0.100      0.003    10.4505     99.151     45.144  34.274265    13.9317      6.550   265.5602 1.2874e+02     5.8080      0.098      0.142    12.9694 0.0000e+00
      0.100      0.003    10.4516     99.178     45.148  34.274464    13.9783      6.549   266.2615 1.2464e+02     5.9351      0.098      0.142    12.9666 0.0000e+00
      0.099      0.003    10.4547     99.183     45.167  34.287153    14.0696      6.547   266.4009 1.2874e+02     6.1473      0.097      0.141    12.9637 0.0000e+00
      0.099      0.004    10.4524     99.179     45.185  34.300787    14.1116      6.546   266.2132 1.3372e+02     6.2220      0.097      0.141    12.9601 0.0000e+00
      0.100      0.007    10.4549     99.181     45.199  34.312419    14.1029      6.546   266.0571 1.3089e+02     6.1548      0.098      0.143    12.9570 0.0000e+00
      0.103      0.009    10.4618     99.196     45.182  34.300902    14.1147      6.545   266.0620 1.2600e+02     6.1207      0.101      0.146    12.9541 0.0000e+00
      0.106      0.009    10.4603     99.243     45.163  34.288423    14.1876      6.544   266.4449 1.2348e+02     6.1164      0.104      0.151    12.9522 0.0000e+00
      0.110      0.009    10.4598     99.305     45.160  34.288432    14.2939      6.544   266.9873 1.2372e+02     6.0681      0.108      0.157    12.9523 0.0000e+00
      0.113      0.008    10.4600     99.348     45.174  34.301016    14.3422      6.544   267.2862 1.2654e+02     5.9807      0.111      0.161    12.9539 0.0000e+00
      0.115      0.006    10.4593     99.374     45.190  34.313687    14.3391      6.543   267.3915 1.2683e+02     5.8794      0.113      0.164    12.9557 0.0000e+00
      0.115      0.005    10.4646     99.388     45.191  34.314745    14.3316      6.541   267.4853 1.2212e+02     5.9024      0.114      0.164    12.9578 0.0000e+00
      0.115      0.003    10.4731     99.399     45.188  34.313800    14.3177      6.541   267.5599 1.2188e+02     6.0549      0.112      0.162    12.9605 0.0000e+00
      0.116      0.002    10.4754     99.420     45.170  34.302264    14.3045      6.541   267.6058 1.2450e+02     6.1515      0.112      0.163    12.9626 0.0000e+00
      0.117      0.002    10.4788     99.434     45.165  34.302159    14.2964      6.540   267.6094 1.2407e+02     6.1486      0.115      0.167    12.9630 0.0000e+00
      0.117      0.003    10.4801     99.420     45.176  34.312542    14.3531      6.540   267.6898 1.2515e+02     6.0537      0.116      0.168    12.9626 0.0000e+00
      0.117      0.004    10.4797     99.401     45.159  34.300911    14.4830      6.541   267.8032 1.2490e+02     5.9597      0.115      0.167    12.9635 0.0000e+00
      0.118      0.004    10.4824     99.408     45.140  34.288421    14.5679      6.541   267.8626 1.2638e+02     5.9689      0.116      0.168    12.9669 0.0000e+00
      0.120      0.004    10.4838     99.424     45.138  34.288420    14.5892      6.540   267.8047 1.2987e+02     5.9949      0.117      0.170    12.9714 0.0000e+00
      0.122      0.004    10.4811     99.428     45.153  34.300901    14.6077      6.540   267.6205 1.2878e+02     5.9314      0.120      0.175    12.9742 0.0000e+00
      0.123      0.005    10.4760     99.427     45.168  34.312436    14.6251      6.539   267.6995 1.2348e+02     5.8512      0.121      0.176    12.9747 0.0000e+00
      0.123      0.007    10.4786     99.418     45.152  34.301003    14.6245      6.537   267.9857 1.2105e+02     5.8787      0.119      0.173    12.9763 0.0000e+00
      0.124      0.009    10.4805     99.405     45.130  34.289562    14.6252      6.536   268.2418 1.2040e+02     5.9562      0.121      0.175    12.9794 0.0000e+00
      0.126      0.009    10.4794     99.412     45.133  34.301001    14.6413      6.536   268.4736 1.1734e+02     5.9349      0.124      0.180    12.9803 0.0000e+00
      0.131      0.009    10.4801     99.440     45.132  34.312422    14.7367      6.535   268.2922 1.1643e+02     5.8251      0.128      0.186    12.9790 0.0000e+00
      0.135      0.009    10.4794     99.480     45.106  34.300771    14.9130      6.533   267.8559 1.1349e+02     5.7902      0.132      0.193    12.9799 0.0000e+00
      0.138      0.008    10.4752     99.546     45.086  34.287031    15.0166      6.532   267.7576 1.1075e+02     5.8549      0.135      0.196    12.9843 0.0000e+00
      0.138      0.006    10.4736     99.629     45.070  34.273186    15.0322      6.531   267.7060 1.1009e+02     5.9243      0.136      0.197    12.9949 0.0000e+00
      0.138      0.004    10.4741     99.658     45.054  34.260271    14.9767      6.530   267.6630 1.0762e+02     5.9120      0.135      0.195    13.0120 0.0000e+00
      0.139      0.001    10.4740     99.623     45.048  34.257773    14.8619      6.530   268.0114 1.0763e+02     5.8423      0.135      0.196    13.0225 0.0000e+00
      0.140     -0.004    10.4808     99.603     45.011  34.242985    14.8008      6.527   268.3914 1.0737e+02     5.8338      0.137      0.199    13.0222 0.0000e+00
      0.140     -0.011    10.4943     99.610     44.930  34.208376    14.7790      6.522   268.4718 1.0747e+02     5.8775      0.138      0.200    13.0190 0.0000e+00
      0.140     -0.020    10.4999     99.627     44.827  34.156580    14.5815      6.518   268.2092 1.1455e+02     5.8927      0.139      0.203    13.0174 0.0000e+00
      0.135     -0.025    10.4888     99.631     44.777  34.124335    14.2114      6.516   267.7967 1.2474e+02     5.8802      0.136      0.197    13.0172 0.0000e+00
      0.122     -0.025    10.4862     99.538     44.827  34.135736    13.9985      6.514   267.7015 1.3304e+02     5.8975      0.121      0.176    13.0275 0.0000e+00
      0.107     -0.021    10.4800     99.389     44.936  34.167498    13.9808      6.513   267.9178 1.3472e+02     5.9311      0.103      0.149    13.0643 0.0000e+00
      0.097     -0.015    10.4693     99.286     45.015  34.191083    13.9389      6.513   268.2603 1.3403e+02     5.9441      0.091      0.131    13.1058 0.0000e+00
      0.098     -0.006    10.4763     99.208     44.980  34.167065    13.8408      6.513   268.6598 1.3675e+02     5.9190      0.094      0.136    13.1137 0.0000e+00
      0.105      0.003    10.4693     99.108     44.910  34.130892    13.7854      6.513   268.9621 1.3571e+02     5.8670      0.106      0.153    13.0856 0.0000e+00
      0.110      0.009    10.4651     99.027     44.897  34.134414    13.7773      6.513   268.9904 1.3328e+02     5.8612      0.110      0.159    13.0090 0.0000e+00
      0.112      0.009    10.4710     99.027     44.895  34.146216    13.8255      6.513   268.6579 1.3281e+02     5.9176      0.109      0.158    12.9493 0.0000e+00
      0.114      0.004    10.4601     99.083     44.883  34.146720    13.9277      6.514   268.2974 1.3242e+02     5.9338      0.111      0.160    12.9746 0.0000e+00
      0.116     -0.001    10.4408     99.156     44.879  34.140517    13.9802      6.514   268.5032 1.3139e+02     5.8517      0.115      0.166    13.0009 0.0000e+00
      0.116     -0.004    10.4267     99.218     44.888  34.134656    13.9865      6.514   269.2534 1.2711e+02     5.7788      0.115      0.166    13.0077 0.0000e+00
      0.112     -0.006    10.4246     99.248     44.911  34.139287    13.9945      6.514   269.7969 1.2619e+02     5.8393      0.109      0.159    13.0276 0.0000e+00
      0.107     -0.006    10.4284     99.252     44.913  34.133047    14.0025      6.514   269.9125 1.3249e+02     5.9672      0.104      0.151    13.0429 0.0000e+00
      0.105     -0.004    10.4377     99.241     44.907  34.122652    14.0089      6.515   269.8767 1.3720e+02     5.9928      0.103      0.149    13.0381 0.0000e+00
      0.105     -0.001    10.4508     99.206     44.938  34.140485    14.0135      6.516   269.9658 1.3897e+02     5.9446      0.103      0.150    13.0173 0.0000e+00
      0.105      0.003    10.4570     99.162     44.967  34.158310    14.0077      6.515   270.3879 1.3888e+02     5.9310      0.102      0.149    13.0010 0.0000e+00
      0.107      0.005    10.4575     99.154     44.957  34.147830    14.0146      6.515   270.8494 1.3441e+02     5.9314      0.105      0.151    12.9953 0.0000e+00
      0.110      0.006    10.4597     99.248     44.867  34.077219    14.0549      6.516   271.0719 1.2973e+02     5.9144      0.108      0.157    12.9901 0.0000e+00
      0.112      0.006    10.4557     99.409     44.622  33.875573    14.0867      6.516   271.1001 1.2842e+02     5.8622      0.110      0.160    12.9830 0.0000e+00
      0.114      0.005    10.4522     99.503     44.453  33.676545    14.0828      6.516   271.1039 1.3040e+02     5.8126      0.112      0.162    12.9766 0.0000e+00
      0.115      0.003    10.4475     99.495     44.675  33.700951    14.0752      6.517   271.1187 1.3435e+02     5.7931      0.113      0.163    12.9759 0.0000e+00
      0.115      0.002    10.4573     99.431     45.078  33.853286    14.0857      6.518   270.9349 1.3563e+02     5.7977      0.112      0.163    12.9735 0.0000e+00
      0.115      0.003    10.4839     99.357     45.273  33.932103    14.1013      6.518   270.8597 1.3442e+02     5.8677      0.113      0.163    12.9766 0.0000e+00
      0.114      0.005    10.5063     99.291     45.184  33.892508    14.1222      6.518   271.2423 1.3362e+02     5.9227      0.113      0.163    12.9168 0.0000e+00
      0.114      0.007    10.5498     99.215     45.018  33.818696    14.1720      6.518   271.6897 1.3167e+02     5.9502      0.111      0.161    12.7222 0.0000e+00
      0.117      0.008    10.5924     99.130     44.963  33.801051    14.2456      6.519   271.6229 1.3055e+02     6.0631      0.113      0.164    12.5062 0.0000e+00
      0.122      0.010    10.6029     99.088     44.973  33.806084    14.2880      6.519   270.9502 1.3139e+02     6.1609      0.121      0.176    12.4245 0.0000e+00
      0.127      0.016    10.5796     99.123     45.001  33.816096    14.2932      6.518   270.0090 1.3109e+02     6.1760      0.126      0.183    12.4988 0.0000e+00
      0.128      0.024    10.5533     99.201     45.076  33.858653    14.3254      6.514   269.2764 1.3157e+02     6.2113      0.125      0.182    12.5765 0.0000e+00
      0.128      0.031    10.5381     99.302     45.116  33.876496    14.3940      6.510   269.7501 1.3536e+02     6.2802      0.123      0.179    12.5935 0.0000e+00
      0.135      0.033    10.5326     99.419     45.076  33.841476    14.4408      6.507   271.0916 1.3857e+02     6.3600      0.126      0.184    12.5843 0.0000e+00
      0.153      0.033    10.5438     99.534     45.039  33.815902    14.4586      6.506   271.8157 1.5308e+02     6.4241      0.149      0.216    12.5705 0.0000e+00
      0.172      0.030    10.5547     99.637     45.041  33.821063    14.4587      6.507   271.6221 1.6826e+02     6.3721      0.174      0.253    12.5559 0.0000e+00
