Data/DataNotYetUploadedToEDI/Raw_CTD/RawDownloads/111423_fcr50_S7809004.cnv
* Sea-Bird SBE19plus  Data File:
* FileName = C:\R\Reservoirs\Data\DataNotYetUploadedToEDI\Raw_CTD\RawDownloads\110623_bvr50_S7809_0004.hex
* Software version 2.8.0.119
* Temperature SN = 7809
* Conductivity SN = 7809
* System UpLoad Time = Nov 14 2023 16:56:57
* <ApplicationData>
* <Seaterm232>
# nquan = 15
# nvalues = 3322                        
# units = specified
# name 0 = depFM: Depth [fresh water, m]
# name 1 = dz/dtM: Descent Rate [m/s]
# name 2 = sbeox0Mg/L: Oxygen, SBE 43 [mg/l]
# name 3 = sbeox0PS: Oxygen, SBE 43 [% saturation]
# name 4 = specc: Specific Conductance [uS/cm]
# name 5 = c0uS/cm: Conductivity [uS/cm]
# name 6 = flECO-AFL: Fluorescence, WET Labs ECO-AFL/FL [mg/m^3]
# name 7 = ph: pH
# name 8 = orp: Oxidation Reduction Potential [mV]
# name 9 = par/sat/log: PAR/Logarithmic, Satlantic
# name 10 = turbWETntu0: Turbidity, WET Labs ECO [NTU]
# name 11 = prdM: Pressure, Strain Gauge [db]
# name 12 = prdE: Pressure, Strain Gauge [psi]
# name 13 = tv290C: Temperature [ITS-90, deg C]
# name 14 = flag:  0.000e+00
# span 0 =     -0.555,      9.576       
# span 1 =     -0.360,      0.259       
# span 2 =     6.4453,    10.8220       
# span 3 =     59.691,    100.254       
# span 4 =      0.364,     52.084       
# span 5 =   0.287616,  37.865256       
# span 6 =    -0.1089,    23.8267       
# span 7 =      0.809,      7.362       
# span 8 =  -607.2292,  1239.7141       
# span 9 = 1.2365e-01, 6.4572e+02       
# span 10 =    -0.2769,   193.3770      
# span 11 =     -0.544,      9.393      
# span 12 =     -0.790,     13.623      
# span 13 =    11.3380,    14.4702      
# span 14 = 0.0000e+00, 0.0000e+00      
# interval = seconds: 0.25
# start_time = Nov 14 2023 13:42:43 [Instrument's time stamp, header]
# bad_flag = -9.990e-29
*END*
[from data line 579]
      0.332      0.003     8.0137     73.064     45.205  33.325331    15.5128      6.637   293.5497 2.0753e+02     5.8952      0.325      0.472    11.8553 0.0000e+00
      0.333      0.003     7.9836     72.827     45.212  33.331107    15.5717      6.637   294.0277 2.1519e+02     5.8122      0.327      0.474    11.8552 0.0000e+00
      0.335      0.002     7.9552     72.555     45.220  33.337396    15.5693      6.638   294.0971 2.0692e+02     5.8237      0.328      0.476    11.8558 0.0000e+00
      0.335      0.001     7.9246     72.294     45.221  33.337916    15.5256      6.638   293.9591 1.9726e+02     5.8633      0.329      0.477    11.8564 0.0000e+00
      0.335      0.000     7.8965     72.071     45.220  33.337396    15.4354      6.638   293.9078 1.9414e+02     5.8815      0.329      0.477    11.8571 0.0000e+00
      0.334     -0.001     7.8774     71.866     45.211  33.331107    15.3776      6.638   293.9070 1.9209e+02     5.8738      0.328      0.476    11.8582 0.0000e+00
      0.334     -0.002     7.8419     71.667     45.203  33.325329    15.3670      6.638   293.8635 1.9448e+02     5.8381      0.328      0.475    11.8582 0.0000e+00
      0.333     -0.002     7.8134     71.460     45.212  33.330983    15.3489      6.638   293.9832 2.0117e+02     5.7914      0.326      0.473    11.8577 0.0000e+00
      0.333     -0.001     7.7915     71.268     45.219  33.336023    15.3094      6.639   294.2367 2.0821e+02     5.7528      0.326      0.473    11.8581 0.0000e+00
      0.333      0.000     7.7676     71.101     45.201  33.322814    15.2633      6.640   294.4326 2.1341e+02     5.7129      0.326      0.473    11.8587 0.0000e+00
      0.333      0.001     7.7492     70.949     45.168  33.298165    15.2411      6.642   294.4590 2.1474e+02     5.6506      0.326      0.473    11.8591 0.0000e+00
      0.333      0.002     7.7239     70.792     45.160  33.291773    15.2824      6.642   294.1257 2.1021e+02     5.6139      0.327      0.474    11.8582 0.0000e+00
      0.334      0.003     7.7037     70.619     45.184  33.308971    15.3634      6.641   293.7589 2.0761e+02     5.6458      0.327      0.475    11.8571 0.0000e+00
      0.334      0.003     7.6858     70.471     45.194  33.315769    15.4131      6.640   293.9815 2.0295e+02     5.6946      0.328      0.475    11.8573 0.0000e+00
      0.335      0.002     7.6701     70.368     45.187  33.310530    15.4165      6.641   294.3220 1.9893e+02     5.6906      0.329      0.476    11.8575 0.0000e+00
      0.337      0.001     7.6549     70.261     45.185  33.309074    15.3970      6.642   294.4349 1.8324e+02     5.6663      0.330      0.479    11.8566 0.0000e+00
      0.337      0.001     7.6337     70.131     45.171  33.298163    15.3266      6.641   294.5715 1.7454e+02     5.7431      0.332      0.481    11.8554 0.0000e+00
      0.336      0.004     7.6159     70.031     45.181  33.305492    15.2149      6.640   294.2527 1.8001e+02     5.9020      0.331      0.480    11.8552 0.0000e+00
      0.334      0.009     7.6079     69.952     45.221  33.334235    15.1618      6.639   293.5917 1.7741e+02     5.9815      0.328      0.475    11.8560 0.0000e+00
      0.334      0.014     7.5986     69.881     45.214  33.328471    15.1503      6.636   293.4626 1.7520e+02     5.9526      0.325      0.470    11.8562 0.0000e+00
      0.339      0.018     7.5792     69.844     45.176  33.299246    15.0931      6.633   293.8109 1.6629e+02     5.9624      0.330      0.477    11.8552 0.0000e+00
      0.350      0.020     7.5706     69.816     45.176  33.298102    15.0189      6.631   294.2746 1.5786e+02     6.1005      0.345      0.499    11.8545 0.0000e+00
      0.361      0.020     7.5642     69.794     45.201  33.314629    14.9938      6.631   294.1647 1.5704e+02     6.2216      0.357      0.517    11.8540 0.0000e+00
      0.366      0.017     7.5518     69.806     45.195  33.308742    14.9978      6.632   293.3437 1.5299e+02     6.2307      0.360      0.522    11.8536 0.0000e+00
      0.366      0.012     7.5520     69.843     45.172  33.290366    15.0262      6.634   292.7796 1.5063e+02     6.0738      0.359      0.521    11.8531 0.0000e+00
      0.366      0.007     7.5492     69.883     45.163  33.282778    15.0871      6.636   292.6781 1.5635e+02     5.8273      0.358      0.520    11.8507 0.0000e+00
      0.367      0.003     7.5445     69.918     45.161  33.280438    15.1273      6.638   293.0631 1.6460e+02     5.7438      0.360      0.523    11.8484 0.0000e+00
      0.368      0.002     7.5478     69.963     45.137  33.262071    15.1291      6.638   293.7338 1.6856e+02     5.7479      0.361      0.524    11.8471 0.0000e+00
      0.369      0.002     7.5522     70.018     45.123  33.251041    15.0252      6.639   293.8183 1.6443e+02     5.7743      0.362      0.524    11.8456 0.0000e+00
      0.369      0.002     7.5579     70.063     45.155  33.273955    14.8198      6.641   293.2251 1.5494e+02     5.8577      0.362      0.524    11.8444 0.0000e+00
      0.369      0.002     7.5603     70.081     45.170  33.285347    14.6925      6.643   292.8429 1.5004e+02     5.9032      0.362      0.525    11.8434 0.0000e+00
      0.369      0.002     7.5653     70.081     45.139  33.261900    14.6771      6.645   293.0689 1.5722e+02     5.9487      0.362      0.525    11.8426 0.0000e+00
      0.369      0.001     7.5729     70.078     45.115  33.244234    14.6916      6.645   293.4614 1.6300e+02     5.8948      0.362      0.525    11.8416 0.0000e+00
      0.370      0.000     7.5780     70.050     45.139  33.262072    14.7096      6.646   293.7177 1.5497e+02     5.6962      0.363      0.527    11.8411 0.0000e+00
      0.370 -3.726e-08     7.5805     69.984     45.172  33.287246    14.7200      6.646   293.8451 1.5085e+02     5.6306      0.364      0.528    11.8413 0.0000e+00
      0.370 -4.098e-07     7.5777     69.888     45.182  33.294833    14.7262      6.646   293.8825 1.5638e+02     5.6830      0.364      0.528    11.8411 0.0000e+00
      0.369      0.000     7.5807     69.825     45.177  33.290366    14.7352      6.647   293.7399 1.5668e+02     5.6463      0.362      0.525    11.8410 0.0000e+00
      0.368      0.000     7.5768     69.811     45.185  33.296677    14.8446      6.649   293.4975 1.5153e+02     5.6305      0.360      0.523    11.8415 0.0000e+00
      0.369     -0.001     7.5703     69.750     45.200  33.307693    15.0583      6.649   293.4470 1.5432e+02     5.7650      0.361      0.523    11.8418 0.0000e+00
      0.370     -0.001     7.5573     69.656     45.185  33.296678    15.1803      6.649   293.6458 1.5816e+02     5.9063      0.364      0.527    11.8420 0.0000e+00
      0.371     -0.001     7.5455     69.577     45.177  33.290381    15.1962      6.650   294.1801 1.5494e+02     5.9727      0.365      0.529    11.8419 0.0000e+00
      0.370     -0.001     7.5557     69.548     45.184  33.295003    15.2005      6.651   294.6590 1.5412e+02     5.9875      0.363      0.526    11.8417 0.0000e+00
      0.368     -0.001     7.5432     69.617     45.173  33.289117    15.1987      6.651   294.5325 1.5371e+02     5.9490      0.361      0.523    11.8419 0.0000e+00
      0.368     -0.001     7.5319     69.707     45.153  33.282664    15.1916      6.652   294.2851 1.5163e+02     5.8823      0.360      0.522    11.8421 0.0000e+00
      0.368     -0.001     7.5243     69.742     45.133  33.280425    15.1897      6.653   294.1626 1.4569e+02     5.8643      0.361      0.523    11.8418 0.0000e+00
      0.368     -0.001     7.5147     69.767     45.095  33.262068    15.2011      6.653   294.0834 1.4414e+02     5.8684      0.361      0.523    11.8406 0.0000e+00
      0.368     -0.000     7.5290     69.812     45.071  33.251052    15.2207      6.653   294.5320 1.5059e+02     5.8287      0.361      0.524    11.8394 0.0000e+00
      0.368     -0.000     7.5410     69.833     45.095  33.274121    15.2261      6.654   295.2842 1.5048e+02     5.7939      0.361      0.524    11.8505 0.0000e+00
      0.368     -0.001     7.5374     69.796     45.109  33.287229    15.2168      6.654   295.5211 1.4909e+02     5.7216      0.361      0.523    11.8694 0.0000e+00
      0.367     -0.001     7.5366     69.691     45.104  33.282647    15.2744      6.655   295.3312 1.5005e+02     5.7056      0.360      0.523    11.8781 0.0000e+00
      0.367      0.000     7.5443     69.544     45.107  33.282165    15.3993      6.656   295.0537 1.4995e+02     5.8398      0.360      0.522    11.8839 0.0000e+00
      0.367      0.002     7.5458     69.402     45.108  33.281399    15.4612      6.658   294.7476 1.5078e+02     5.9095      0.360      0.522    11.8917 0.0000e+00
      0.367      0.003     7.5417     69.254     45.097  33.273388    15.4572      6.659   295.1575 1.5064e+02     5.8655      0.360      0.522    11.8950 0.0000e+00
      0.368      0.003     7.5304     69.082     45.064  33.248743    15.4833      6.659   296.1385 1.5354e+02     5.8548      0.361      0.523    11.8928 0.0000e+00
      0.370      0.003     7.5115     68.915     45.050  33.237194    15.5446      6.659   296.3689 1.5451e+02     5.8822      0.363      0.527    11.8886 0.0000e+00
      0.372      0.002     7.4978     68.768     45.084  33.260637    15.5826      6.660   295.8789 1.5314e+02     5.9240      0.365      0.529    11.8871 0.0000e+00
      0.373      0.002     7.4836     68.658     45.109  33.278419    15.5850      6.661   295.4617 1.5596e+02     5.9503      0.366      0.530    11.8887 0.0000e+00
      0.373      0.005     7.4619     68.583     45.089  33.261869    15.5730      6.661   295.4552 1.5445e+02     5.9265      0.367      0.532    11.8887 0.0000e+00
      0.371      0.011     7.4452     68.538     45.078  33.250849    15.5623      6.661   296.0578 1.5519e+02     5.9780      0.364      0.528    11.8859 0.0000e+00
      0.370      0.016     7.4281     68.536     45.110  33.272063    15.5715      6.661   296.9836 1.5572e+02     6.1288      0.360      0.520    11.8842 0.0000e+00
      0.375      0.020     7.4162     68.555     45.102  33.264580    15.5847      6.660   297.4422 1.4742e+02     6.2125      0.365      0.527    11.8844 0.0000e+00
      0.387      0.023     7.4099     68.561     45.049  33.223819    15.5730      6.657   297.3006 1.4398e+02     6.2039      0.379      0.550    11.8821 0.0000e+00
      0.399      0.024     7.4034     68.568     45.053  33.223336    15.4956      6.656   296.9928 1.4789e+02     6.1609      0.394      0.571    11.8780 0.0000e+00
      0.406      0.024     7.4051     68.619     45.107  33.258736    15.3813      6.657   296.8177 1.5868e+02     6.1370      0.401      0.581    11.8758 0.0000e+00
      0.408      0.021     7.4096     68.744     45.129  33.271161    15.3320      6.657   297.0757 1.7321e+02     6.1547      0.400      0.579    11.8748 0.0000e+00
      0.409      0.016     7.4094     68.917     45.096  33.246671    15.3319      6.657   297.7896 1.8653e+02     6.1698      0.399      0.579    11.8725 0.0000e+00
      0.414      0.012     7.4091     69.072     45.049  33.216415    15.3385      6.657   298.3939 1.8649e+02     6.1488      0.405      0.589    11.8685 0.0000e+00
      0.419      0.011     7.4136     69.192     45.053  33.222561    15.3534      6.657   298.5321 1.6602e+02     6.1053      0.413      0.599    11.8642 0.0000e+00
      0.422      0.010     7.4293     69.337     45.097  33.257546    15.3620      6.657   298.3416 1.4780e+02     6.1233      0.414      0.601    11.8571 0.0000e+00
      0.422      0.006     7.4517     69.516     45.091  33.258749    15.3680      6.658   297.9844 1.4026e+02     6.1947      0.413      0.599    11.8566 0.0000e+00
      0.424      0.002     7.4684     69.641     45.048  33.237118    15.3008      6.658   297.8262 1.3763e+02     6.1491      0.415      0.602    11.8648 0.0000e+00
      0.426      0.000     7.4769     69.678     45.056  33.249796    15.1403      6.657   298.2357 1.4826e+02     5.9819      0.418      0.608    11.8691 0.0000e+00
      0.425      0.002     7.4905     69.684     45.102  33.285152    15.0342      6.657   298.8058 1.6161e+02     5.8807      0.419      0.607    11.8681 0.0000e+00
      0.421      0.005     7.5158     69.710     45.099  33.283945    15.0328      6.657   298.9547 1.6417e+02     5.8821      0.412      0.598    11.8739 0.0000e+00
      0.419      0.007     7.5276     69.790     45.029  33.235200    15.1069      6.657   298.8316 1.6385e+02     5.8958      0.406      0.590    11.8902 0.0000e+00
      0.424      0.007     7.5258     69.965     44.982  33.203337    15.2063      6.655   298.6079 1.5616e+02     5.8761      0.414      0.600    11.8990 0.0000e+00
      0.433      0.007     7.5258     70.259     45.001  33.215912    15.2440      6.654   298.4002 1.5038e+02     5.8488      0.428      0.621    11.8975 0.0000e+00
      0.438      0.006     7.5276     70.670     45.066  33.260349    15.2380      6.655   298.5579 1.5023e+02     5.8393      0.433      0.627    11.8956 0.0000e+00
      0.436      0.004     7.5337     71.240     45.118  33.296512    15.2339      6.656   298.9669 1.4903e+02     5.8298      0.427      0.620    11.9017 0.0000e+00
      0.432      0.001     7.5500     72.039     45.081  33.272494    15.2199      6.656   299.2148 1.5143e+02     5.8361      0.421      0.612    11.9063 0.0000e+00
      0.430     -0.001     7.5840     73.076     45.009  33.223731    15.1844      6.656   299.3177 1.4945e+02     5.8473      0.420      0.610    11.9041 0.0000e+00
      0.431      0.002     7.6275     74.286     44.995  33.214475    15.1461      6.657   299.0063 1.4235e+02     5.8293      0.422      0.614    11.8984 0.0000e+00
      0.431      0.006     7.6857     75.517     45.007  33.224024    15.1321      6.658   298.3758 1.3590e+02     5.8225      0.423      0.615    11.8926 0.0000e+00
      0.433      0.008     7.7714     76.576     44.989  33.212309    15.1650      6.658   298.2337 1.3093e+02     5.9017      0.424      0.614    11.9003 0.0000e+00
      0.438      0.007     7.8831     77.352     44.972  33.199719    15.2275      6.660   298.4924 1.2901e+02     6.0355      0.429      0.621    11.9078 0.0000e+00
      0.443      0.005     8.0209     77.835     44.972  33.198678    15.2547      6.662   298.8366 1.3193e+02     6.1081      0.435      0.631    11.9058 0.0000e+00
      0.445      0.003     8.1618     77.980     44.975  33.199717    15.2437      6.662   299.2111 1.4103e+02     6.1303      0.439      0.637    11.9061 0.0000e+00
      0.443      0.002     8.2813     77.776     44.993  33.212282    15.2858      6.662   298.9771 1.4803e+02     6.0984      0.435      0.631    11.9093 0.0000e+00
      0.438      0.002     8.3618     77.312     45.010  33.223713    15.3901      6.662   298.2442 1.4655e+02     5.9960      0.429      0.621    11.9094 0.0000e+00
      0.437      0.003     8.4176     76.627     44.994  33.211048    15.4561      6.662   298.0929 1.4335e+02     5.9173      0.427      0.619    11.9073 0.0000e+00
      0.440      0.010     8.4371     75.837     44.962  33.186037    15.4595      6.661   298.7827 1.3935e+02     5.8984      0.431      0.626    11.9061 0.0000e+00
      0.444      0.029     8.4050     75.062     44.952  33.175076    15.3890      6.657   299.8733 1.3633e+02     6.0059      0.435      0.632    11.9053 0.0000e+00
      0.447      0.054     8.3600     74.298     45.001  33.205398    15.2778      6.652   300.6107 1.3447e+02     6.2609      0.438      0.635    11.9044 0.0000e+00
      0.452      0.076     8.2795     73.749     45.044  33.235430    15.2224      6.649   300.2992 1.3087e+02     6.4538      0.438      0.635    11.9033 0.0000e+00
      0.473      0.089     8.1863     73.885     45.016  33.220976    15.2095      6.647   299.3766 1.2767e+02     6.4601      0.451      0.654    11.9022 0.0000e+00
