Data/DataNotYetUploadedToEDI/Raw_CTD/RawDownloads/111423_fcr50_S7809004.cnv
* Sea-Bird SBE19plus  Data File:
* FileName = C:\R\Reservoirs\Data\DataNotYetUploadedToEDI\Raw_CTD\RawDownloads\110623_bvr50_S7809_0004.hex
* Software version 2.8.0.119
* Temperature SN = 7809
* Conductivity SN = 7809
* System UpLoad Time = Nov 14 2023 16:56:57
* <ApplicationData>
* <Seaterm232>
# nquan = 15
# nvalues = 3322                        
# units = specified
# name 0 = depFM: Depth [fresh water, m]
# name 1 = dz/dtM: Descent Rate [m/s]
# name 2 = sbeox0Mg/L: Oxygen, SBE 43 [mg/l]
# name 3 = sbeox0PS: Oxygen, SBE 43 [% saturation]
# name 4 = specc: Specific Conductance [uS/cm]
# name 5 = c0uS/cm: Conductivity [uS/cm]
# name 6 = flECO-AFL: Fluorescence, WET Labs ECO-AFL/FL [mg/m^3]
# name 7 = ph: pH
# name 8 = orp: Oxidation Reduction Potential [mV]
# name 9 = par/sat/log: PAR/Logarithmic, Satlantic
# name 10 = turbWETntu0: Turbidity, WET Labs ECO [NTU]
# name 11 = prdM: Pressure, Strain Gauge [db]
# name 12 = prdE: Pressure, Strain Gauge [psi]
# name 13 = tv290C: Temperature [ITS-90, deg C]
# name 14 = flag:  0.000e+00
# span 0 =     -0.555,      9.576       
# span 1 =     -0.360,      0.259       
# span 2 =     6.4453,    10.8220       
# span 3 =     59.691,    100.254       
# span 4 =      0.364,     52.084       
# span 5 =   0.287616,  37.865256       
# span 6 =    -0.1089,    23.8267       
# span 7 =      0.809,      7.362       
# span 8 =  -607.2292,  1239.7141       
# span 9 = 1.2365e-01, 6.4572e+02       
# span 10 =    -0.2769,   193.3770      
# span 11 =     -0.544,      9.393      
# span 12 =     -0.790,     13.623      
# span 13 =    11.3380,    14.4702      
# span 14 = 0.0000e+00, 0.0000e+00      
# interval = seconds: 0.25
# start_time = Nov 14 2023 13:42:43 [Instrument's time stamp, header]
# bad_flag = -9.990e-29
*END*
[from data line 1928]
      3.667      0.017     7.5127     68.516     44.994  33.058786    22.0184      6.905   322.2288 3.1576e+00     6.1577      3.596      5.215    11.7345 0.0000e+00
      3.671      0.018     7.4899     68.341     44.992  33.057633    22.0699      6.905   321.6915 3.1412e+00     6.1228      3.599      5.221    11.7342 0.0000e+00
      3.676      0.020     7.4695     68.176     44.975  33.044946    22.5163      6.905   321.4303 3.1155e+00     6.2052      3.605      5.228    11.7342 0.0000e+00
      3.682      0.021     7.4480     68.037     44.958  33.032268    23.3537      6.905   321.4803 3.0885e+00     6.4371      3.610      5.237    11.7341 0.0000e+00
      3.688      0.022     7.4273     67.922     44.957  33.031219    23.8214      6.905   321.6937 3.0612e+00     6.5689      3.616      5.245    11.7339 0.0000e+00
      3.694      0.023     7.4090     67.797     44.959  33.032267    23.8267      6.906   322.0314 3.0307e+00     6.5355      3.623      5.254    11.7340 0.0000e+00
      3.700      0.023     7.3901     67.682     44.976  33.044945    23.4925      6.906   321.8638 3.0025e+00     6.5120      3.628      5.262    11.7340 0.0000e+00
      3.705      0.023     7.3743     67.604     44.994  33.057623    22.9106      6.906   321.2152 2.9813e+00     6.5231      3.634      5.270    11.7335 0.0000e+00
      3.710      0.023     7.3654     67.544     44.995  33.058672    22.6092      6.907   320.9002 2.9522e+00     6.5328      3.639      5.277    11.7335 0.0000e+00
      3.716      0.024     7.3496     67.484     44.995  33.057624    22.5942      6.907   320.9809 2.9107e+00     6.5612      3.644      5.286    11.7334 0.0000e+00
      3.723      0.025     7.3354     67.421     44.980  33.044945    22.5799      6.907   321.2449 2.8880e+00     6.5594      3.652      5.296    11.7330 0.0000e+00
      3.730      0.025     7.3292     67.379     44.965  33.032257    22.3942      6.906   321.5111 2.8755e+00     6.6471      3.658      5.305    11.7330 0.0000e+00
      3.736      0.026     7.3223     67.369     44.965  33.031104    22.0555      6.906   321.6176 2.8419e+00     6.9037      3.663      5.313    11.7327 0.0000e+00
      3.743      0.026     7.3176     67.375     44.967  33.031000    21.8636      6.906   321.7588 2.8106e+00     7.1005      3.671      5.323    11.7314 0.0000e+00
      3.750      0.027     7.3088     67.382     44.971  33.031001    21.8469      6.907   321.8416 2.7892e+00     7.1477      3.678      5.334    11.7296 0.0000e+00
      3.756      0.028     7.3042     67.412     44.976  33.031115    21.8951      6.908   321.8441 2.7619e+00     7.1328      3.684      5.343    11.7283 0.0000e+00
      3.762      0.028     7.3040     67.515     44.984  33.032373    21.9808      6.907   321.8760 2.7322e+00     7.1946      3.689      5.351    11.7278 0.0000e+00
      3.770      0.027     7.3058     67.692     45.009  33.046205    22.0338      6.907   321.8821 2.7048e+00     7.3141      3.696      5.361    11.7260 0.0000e+00
      3.778      0.026     7.3072     67.923     45.050  33.071469    22.0370      6.907   322.0909 2.6871e+00     7.3481      3.706      5.375    11.7222 0.0000e+00
      3.786      0.025     7.3068     68.186     45.074  33.084053    21.9268      6.907   322.5075 2.6668e+00     7.3662      3.714      5.387    11.7182 0.0000e+00
      3.792      0.024     7.3204     68.444     45.064  33.071471    21.7256      6.908   322.7032 2.6287e+00     7.4303      3.719      5.394    11.7137 0.0000e+00
      3.797      0.021     7.3409     68.670     45.036  33.046218    21.6182      6.908   322.6493 2.5957e+00     7.5087      3.723      5.400    11.7081 0.0000e+00
      3.802      0.019     7.3674     68.845     45.024  33.032491    21.6106      6.908   322.5440 2.5776e+00     7.5624      3.727      5.407    11.7025 0.0000e+00
      3.806      0.019     7.3986     68.944     45.031  33.032379    21.5836      6.909   322.4634 2.5530e+00     7.4302      3.733      5.414    11.6975 0.0000e+00
      3.811      0.019     7.4288     68.959     45.055  33.044858    21.5328      6.909   322.6213 2.5300e+00     7.1742      3.737      5.420    11.6919 0.0000e+00
      3.815      0.020     7.4544     68.923     45.077  33.056488    21.5131      6.909   322.9906 2.5223e+00     7.0629      3.741      5.425    11.6856 0.0000e+00
      3.820      0.021     7.4760     68.873     45.069  33.046098    21.5196      6.909   323.1430 2.5103e+00     7.0754      3.746      5.431    11.6805 0.0000e+00
      3.825      0.022     7.4884     68.849     45.075  33.046108    21.5790      6.909   323.0013 2.4838e+00     6.9835      3.751      5.440    11.6745 0.0000e+00
      3.831      0.022     7.4890     68.903     45.096  33.056604    21.6816      6.909   322.9119 2.4560e+00     6.7379      3.757      5.449    11.6682 0.0000e+00
      3.838      0.022     7.4847     69.088     45.087  33.046109    21.7199      6.910   322.9220 2.4345e+00     6.5650      3.764      5.459    11.6643 0.0000e+00
      3.844      0.022     7.4784     69.427     45.093  33.046099    21.6840      6.910   322.8648 2.4126e+00     6.5321      3.771      5.469    11.6601 0.0000e+00
      3.849      0.021     7.4750     69.896     45.114  33.056480    21.4229      6.910   322.9092 2.3904e+00     6.5461      3.775      5.475    11.6537 0.0000e+00
      3.854      0.020     7.4795     70.471     45.109  33.044729    20.9517      6.910   323.1151 2.3800e+00     6.5975      3.779      5.481    11.6486 0.0000e+00
      3.859      0.020     7.4988     71.137     45.106  33.030897    20.6803      6.910   323.2892 2.3767e+00     6.6063      3.784      5.489    11.6445 0.0000e+00
      3.864      0.020     7.5383     71.871     45.105  33.016121    20.6303      6.910   323.2934 2.3590e+00     6.5843      3.788      5.495    11.6395 0.0000e+00
      3.869      0.019     7.5911     72.621     45.093  32.992940    20.6130      6.910   323.1656 2.3296e+00     6.6389      3.794      5.502    11.6346 0.0000e+00
      3.874      0.019     7.6554     73.369     45.129  33.004372    20.5213      6.910   323.1210 2.3102e+00     6.6864      3.801      5.512    11.6256 0.0000e+00
      3.879      0.019     7.7307     74.137     45.182  33.027443    20.3293      6.910   323.0978 2.3072e+00     6.6462      3.805      5.519    11.6124 0.0000e+00
      3.883      0.019     7.8153     74.854     45.189  33.018102    20.2146      6.910   323.0572 2.3013e+00     6.5971      3.808      5.524    11.5969 0.0000e+00
      3.888      0.019     7.9026     75.439     45.205  33.018302    20.2072      6.910   323.0608 2.2776e+00     6.5706      3.812      5.529    11.5809 0.0000e+00
      3.893      0.019     7.9819     75.900     45.234  33.029847    20.3982      6.910   323.1409 2.2516e+00     6.6333      3.817      5.536    11.5642 0.0000e+00
      3.899      0.018     8.0741     76.252     45.246  33.030793    20.7762      6.911   323.2516 2.2415e+00     6.8088      3.824      5.546    11.5451 0.0000e+00
      3.904      0.018     8.1601     76.541     45.253  33.029735    20.9819      6.911   323.1944 2.2264e+00     6.9156      3.829      5.553    11.5298 0.0000e+00
      3.909      0.019     8.2227     76.827     45.242  33.017046    20.9882      6.911   323.1374 2.2064e+00     6.8999      3.833      5.559    11.5175 0.0000e+00
      3.913      0.020     8.2767     77.166     45.229  33.004248    20.9514      6.911   323.2514 2.2072e+00     6.8923      3.837      5.565    11.5062 0.0000e+00
      3.916      0.021     8.3139     77.650     45.229  33.001879    20.8959      6.911   323.3679 2.2033e+00     6.9611      3.839      5.569    11.4976 0.0000e+00
      3.921      0.021     8.3438     78.345     45.215  32.988400    20.8744      6.911   323.3410 2.1823e+00     7.0483      3.844      5.575    11.4908 0.0000e+00
      3.928      0.021     8.3755     79.218     45.192  32.968162    20.8739      6.911   323.2704 2.1590e+00     7.0922      3.851      5.585    11.4862 0.0000e+00
      3.936      0.021     8.4082     80.175     45.169  32.947502    20.8075      6.912   323.2884 2.1305e+00     7.0140      3.860      5.599    11.4825 0.0000e+00
      3.943      0.021     8.4583     81.135     45.146  32.928933    20.6874      6.912   323.3868 2.1070e+00     6.8197      3.868      5.610    11.4802 0.0000e+00
      3.946      0.021     8.5360     82.020     45.155  32.933972    20.6371      6.912   323.6008 2.1074e+00     6.7582      3.870      5.613    11.4772 0.0000e+00
      3.948      0.020     8.6372     82.738     45.170  32.944975    20.6569      6.912   323.7248 2.1039e+00     6.8509      3.871      5.615    11.4724 0.0000e+00
      3.953      0.019     8.7451     83.244     45.157  32.935083    20.6679      6.912   323.5952 2.0839e+00     6.8481      3.877      5.622    11.4681 0.0000e+00
      3.959      0.019     8.8522     83.547     45.167  32.941256    20.7132      6.912   323.5819 2.0615e+00     6.7587      3.883      5.631    11.4661 0.0000e+00
      3.966      0.019     8.9540     83.680     45.190  32.956166    20.8042      6.912   323.8222 2.0358e+00     6.7259      3.889      5.640    11.4658 0.0000e+00
      3.971      0.019     9.0335     83.681     45.149  32.925031    20.8530      6.912   324.0059 2.0210e+00     6.7599      3.896      5.650    11.4649 0.0000e+00
      3.976      0.018     9.0885     83.614     45.090  32.882023    20.8459      6.912   323.9955 2.0182e+00     6.8284      3.900      5.657    11.4652 0.0000e+00
      3.980      0.016     9.1202     83.550     45.088  32.880254    20.5939      6.913   323.8689 2.0192e+00     6.8357      3.902      5.660    11.4633 0.0000e+00
      3.983      0.015     9.1343     83.524     45.120  32.903645    20.1107      6.913   323.7665 2.0155e+00     6.7800      3.906      5.665    11.4599 0.0000e+00
      3.987      0.014     9.1322     83.564     45.131  32.911066    19.8475      6.912   323.6176 2.0122e+00     6.7704      3.911      5.672    11.4597 0.0000e+00
      3.991      0.012     9.1205     83.689     45.126  32.906545    19.8256      6.911   323.4451 2.0116e+00     6.7883      3.913      5.676    11.4603 0.0000e+00
      3.994      0.010     9.1138     83.862     45.137  32.912417    19.8040      6.911   323.4870 2.0009e+00     6.6881      3.916      5.680    11.4595 0.0000e+00
      3.998      0.008     9.1099     84.034     45.148  32.918619    19.7532      6.912   323.6082 1.9881e+00     6.4466      3.921      5.686    11.4591 0.0000e+00
      3.999      0.008     9.1125     84.223     45.149  32.918089    19.7191      6.913   323.6197 1.9797e+00     6.3283      3.923      5.689    11.4590 0.0000e+00
      3.999      0.009     9.1284     84.469     45.134  32.906016    19.7580      6.913   323.6259 1.9782e+00     6.3848      3.922      5.687    11.4582 0.0000e+00
      3.999      0.011     9.1511     84.797     45.127  32.899519    20.1976      6.913   323.5109 1.9809e+00     6.4809      3.921      5.686    11.4560 0.0000e+00
      4.001      0.014     9.1681     85.177     45.134  32.902980    20.9898      6.913   323.2619 1.9661e+00     6.6019      3.922      5.689    11.4534 0.0000e+00
      4.005      0.019     9.1879     85.550     45.112  32.884420    21.4138      6.914   323.1973 1.9344e+00     6.6184      3.927      5.695    11.4520 0.0000e+00
      4.012      0.024     9.2136     85.927     45.090  32.865425    21.4202      6.915   323.2456 1.9081e+00     6.5435      3.934      5.706    11.4507 0.0000e+00
      4.020      0.028     9.2501     86.306     45.090  32.863647    21.2751      6.915   323.3297 1.8891e+00     6.5506      3.942      5.717    11.4499 0.0000e+00
      4.028      0.029     9.2971     86.650     45.091  32.862918    21.0237      6.914   323.5259 1.8652e+00     6.5675      3.950      5.729    11.4483 0.0000e+00
      4.036      0.028     9.3353     86.928     45.084  32.856613    20.8776      6.914   323.5537 1.8373e+00     6.5423      3.957      5.740    11.4446 0.0000e+00
      4.044      0.027     9.3776     87.106     45.078  32.850844    20.8326      6.914   323.3214 1.8211e+00     6.5535      3.966      5.752    11.4415 0.0000e+00
      4.051      0.025     9.4221     87.199     45.088  32.856612    20.4460      6.913   323.1255 1.8069e+00     6.4638      3.974      5.763    11.4390 0.0000e+00
      4.057      0.023     9.4597     87.236     45.098  32.862907    19.7232      6.912   323.0788 1.7914e+00     6.2775      3.980      5.771    11.4371 0.0000e+00
      4.061      0.020     9.4940     87.270     45.100  32.863522    19.3187      6.912   323.0999 1.7834e+00     6.1803      3.983      5.777    11.4361 0.0000e+00
      4.066      0.016     9.5110     87.363     45.102  32.864043    19.2665      6.913   323.2086 1.7719e+00     6.1083      3.988      5.784    11.4348 0.0000e+00
      4.071      0.014     9.5209     87.487     45.111  32.869205    19.2679      6.913   323.5328 1.7562e+00     6.0568      3.993      5.792    11.4335 0.0000e+00
      4.074      0.012     9.5242     87.634     45.102  32.862493    19.4433      6.913   323.8365 1.7484e+00     6.1032      3.996      5.796    11.4329 0.0000e+00
      4.076      0.012     9.5223     87.843     45.080  32.846336    19.7639      6.913   323.8694 1.7525e+00     6.1570      3.998      5.798    11.4317 0.0000e+00
      4.077      0.012     9.5373     88.098     45.104  32.864177    19.9406      6.914   323.7589 1.7521e+00     6.1267      3.998      5.799    11.4305 0.0000e+00
      4.080      0.013     9.5510     88.340     45.136  32.887880    19.9897      6.914   323.6180 1.7417e+00     6.0778      4.001      5.803    11.4292 0.0000e+00
      4.085      0.015     9.5643     88.552     45.123  32.879152    20.2420      6.914   323.5433 1.7330e+00     6.1133      4.005      5.810    11.4282 0.0000e+00
      4.090      0.018     9.5879     88.726     45.131  32.885533    20.6854      6.914   323.8875 1.7298e+00     6.1801      4.011      5.817    11.4284 0.0000e+00
      4.095      0.020     9.6192     88.810     45.153  32.901588    20.9222      6.915   324.5960 1.7230e+00     6.2017      4.015      5.824    11.4289 0.0000e+00
      4.100      0.020     9.6458     88.783     45.129  32.882945    20.9323      6.915   324.9688 1.7058e+00     6.1692      4.020      5.830    11.4290 0.0000e+00
      4.106      0.020     9.6675     88.653     45.087  32.850441    20.8826      6.915   324.7811 1.6936e+00     6.0269      4.026      5.839    11.4296 0.0000e+00
      4.111      0.019     9.6902     88.393     45.055  32.825802    20.8045      6.915   324.3921 1.6911e+00     5.8819      4.032      5.848    11.4311 0.0000e+00
      4.116      0.019     9.7000     87.997     45.075  32.838802    20.7710      6.915   324.2222 1.6800e+00     5.8846      4.036      5.854    11.4309 0.0000e+00
      4.120      0.019     9.6954     87.522     45.134  32.880732    20.7597      6.915   324.4477 1.6563e+00     5.9226      4.041      5.860    11.4291 0.0000e+00
      4.124      0.019     9.6845     87.039     45.145  32.888680    20.7265      6.915   324.9685 1.6344e+00     5.9659      4.045      5.866    11.4276 0.0000e+00
      4.129      0.019     9.6568     86.631     45.122  32.871464    20.6934      6.915   325.3568 1.6304e+00     6.0322      4.049      5.872    11.4263 0.0000e+00
      4.134      0.019     9.6105     86.341     45.110  32.862899    20.6924      6.916   325.3568 1.6343e+00     6.0750      4.054      5.879    11.4247 0.0000e+00
      4.140      0.018     9.5571     86.171     45.089  32.848566    20.7063      6.917   325.1409 1.6278e+00     6.1419      4.060      5.889    11.4233 0.0000e+00
      4.146      0.017     9.5000     86.099     45.055  32.825052    20.6943      6.917   324.9826 1.6231e+00     6.1582      4.067      5.899    11.4226 0.0000e+00
      4.150      0.017     9.4545     86.109     45.063  32.832369    20.5562      6.916   324.9918 1.6141e+00     6.1012      4.071      5.905    11.4227 0.0000e+00
