Data/DataNotYetUploadedToEDI/Raw_CTD/RawDownloads/111423_bvr50_S7809003.cnv
* Sea-Bird SBE19plus  Data File:
* FileName = C:\R\Reservoirs\Data\DataNotYetUploadedToEDI\Raw_CTD\RawDownloads\110623_bvr50_S7809_0003.hex
* Software version 2.8.0.119
* Temperature SN = 7809
* Conductivity SN = 7809
* System UpLoad Time = Nov 14 2023 16:55:34
* <ApplicationData>
* <Seaterm232>
# nquan = 15
# nvalues = 1952                        
# units = specified
# name 0 = depFM: Depth [fresh water, m]
# name 1 = dz/dtM: Descent Rate [m/s]
# name 2 = sbeox0Mg/L: Oxygen, SBE 43 [mg/l]
# name 3 = sbeox0PS: Oxygen, SBE 43 [% saturation]
# name 4 = specc: Specific Conductance [uS/cm]
# name 5 = c0uS/cm: Conductivity [uS/cm]
# name 6 = flECO-AFL: Fluorescence, WET Labs ECO-AFL/FL [mg/m^3]
# name 7 = ph: pH
# name 8 = orp: Oxidation Reduction Potential [mV]
# name 9 = par/sat/log: PAR/Logarithmic, Satlantic
# name 10 = turbWETntu0: Turbidity, WET Labs ECO [NTU]
# name 11 = prdM: Pressure, Strain Gauge [db]
# name 12 = prdE: Pressure, Strain Gauge [psi]
# name 13 = tv290C: Temperature [ITS-90, deg C]
# name 14 = flag:  0.000e+00
# span 0 =     -0.626,      8.548       
# span 1 =     -0.363,      0.159       
# span 2 =     5.8392,    10.9608       
# span 3 =     53.984,    101.075       
# span 4 =      4.550,     35.972       
# span 5 =   3.320716,  26.463988       
# span 6 =    -0.1005,     6.9659       
# span 7 =      6.210,      6.894       
# span 8 =   214.3883,   312.5058       
# span 9 = 1.2367e-01, 1.3179e+03       
# span 10 =     1.1781,   113.8765      
# span 11 =     -0.617,      8.383      
# span 12 =     -0.894,     12.159      
# span 13 =    11.3944,    11.8482      
# span 14 = 0.0000e+00, 0.0000e+00      
# interval = seconds: 0.25
# start_time = Nov 14 2023 11:44:15 [Instrument's time stamp, header]
# bad_flag = -9.990e-29
*END*
[from data line 675]
      2.323      0.007     8.6151     79.025     34.479  25.178298     4.6620      6.610   283.7403 9.5968e+00    10.1138      2.278      3.304    11.5078 0.0000e+00
      2.325      0.008     8.6255     78.956     34.503  25.195594     4.7335      6.611   283.9060 9.5883e+00    10.1034      2.280      3.306    11.5085 0.0000e+00
      2.327      0.009     8.6241     78.880     34.529  25.214462     4.8615      6.611   283.9677 9.6230e+00    10.0860      2.282      3.311    11.5089 0.0000e+00
      2.329      0.009     8.6150     78.840     34.531  25.216178     4.9272      6.611   283.8833 9.6195e+00    10.0747      2.284      3.313    11.5093 0.0000e+00
      2.332      0.008     8.6135     78.833     34.531  25.216334     4.9283      6.612   283.8327 9.6316e+00    10.0695      2.287      3.317    11.5099 0.0000e+00
      2.335      0.007     8.6049     78.863     34.531  25.216358     4.8909      6.612   283.8726 9.6681e+00    10.0910      2.290      3.321    11.5101 0.0000e+00
      2.338      0.006     8.5930     78.945     34.531  25.216463     4.8083      6.611   283.8499 9.6521e+00    10.1290      2.294      3.326    11.5101 0.0000e+00
      2.339      0.006     8.5908     79.040     34.531  25.217608     4.7454      6.610   283.7295 9.5621e+00    10.1537      2.295      3.329    11.5103 0.0000e+00
      2.338      0.007     8.5896     79.127     34.548  25.230196     4.7209      6.609   283.7080 9.4706e+00    10.1506      2.293      3.326    11.5104 0.0000e+00
      2.338      0.010     8.5907     79.223     34.564  25.241830     4.6294      6.609   283.8476 9.4190e+00    10.1258      2.292      3.324    11.5102 0.0000e+00
      2.339      0.015     8.6030     79.319     34.551  25.231445     4.4544      6.609   283.9551 9.4141e+00    10.1268      2.293      3.327    11.5106 0.0000e+00
      2.344      0.019     8.6138     79.399     34.552  25.231455     4.3531      6.608   283.9742 9.4403e+00    10.1285      2.298      3.333    11.5115 0.0000e+00
      2.352      0.021     8.6213     79.465     34.568  25.241957     4.3366      6.607   283.9934 9.3738e+00    10.0783      2.305      3.344    11.5120 0.0000e+00
      2.362      0.021     8.6324     79.491     34.554  25.231581     4.3545      6.607   284.0153 9.3404e+00    10.0316      2.317      3.359    11.5121 0.0000e+00
      2.369      0.018     8.6450     79.467     34.555  25.232829     4.4033      6.607   284.0664 9.3844e+00     9.9739      2.324      3.370    11.5113 0.0000e+00
      2.372      0.014     8.6519     79.424     34.589  25.257051     4.4282      6.608   284.0953 9.3213e+00     9.8938      2.326      3.375    11.5099 0.0000e+00
      2.373      0.009     8.6614     79.374     34.608  25.270773     4.4306      6.609   284.0206 9.2909e+00     9.8482      2.328      3.377    11.5086 0.0000e+00
      2.373      0.005     8.6656     79.319     34.610  25.271908     4.4151      6.608   283.9374 9.3279e+00     9.8669      2.328      3.376    11.5080 0.0000e+00
      2.373      0.002     8.6596     79.259     34.608  25.270774     4.3824      6.608   283.8629 9.2893e+00     9.9148      2.326      3.373    11.5077 0.0000e+00
      2.373      0.002     8.6566     79.197     34.589  25.257061     4.3597      6.608   283.8091 9.2884e+00     9.9151      2.327      3.375    11.5075 0.0000e+00
      2.375      0.002     8.6496     79.132     34.554  25.232943     4.3400      6.608   283.8036 9.3245e+00     9.8696      2.329      3.378    11.5073 0.0000e+00
      2.375      0.004     8.6448     79.099     34.553  25.232838     4.3281      6.609   283.7956 9.3221e+00     9.8435      2.330      3.379    11.5071 0.0000e+00
      2.375      0.007     8.6373     79.122     34.582  25.255794     4.3325      6.610   283.7991 9.4525e+00     9.9413      2.329      3.377    11.5075 0.0000e+00
      2.375      0.010     8.6311     79.132     34.582  25.256834     4.3346      6.610   283.7588 9.4724e+00    10.0960      2.329      3.377    11.5081 0.0000e+00
      2.378      0.014     8.6231     79.103     34.566  25.245406     4.3277      6.611   283.8256 9.3912e+00    10.1084      2.330      3.380    11.5088 0.0000e+00
      2.383      0.019     8.6151     79.068     34.564  25.244462     4.3325      6.612   284.0905 9.4822e+00    10.0562      2.336      3.388    11.5101 0.0000e+00
      2.389      0.024     8.6237     79.017     34.566  25.245416     4.4343      6.612   284.2075 9.3525e+00    10.0793      2.344      3.399    11.5125 0.0000e+00
      2.396      0.027     8.6247     78.947     34.583  25.256937     4.6178      6.612   284.2088 9.1778e+00    10.1493      2.348      3.405    11.5144 0.0000e+00
      2.403      0.028     8.6179     78.887     34.587  25.256927     4.7123      6.612   284.2776 9.1310e+00    10.1513      2.355      3.416    11.5148 0.0000e+00
      2.413      0.027     8.6164     78.830     34.573  25.245292     4.7110      6.613   284.2656 8.9254e+00    10.0689      2.367      3.434    11.5155 0.0000e+00
      2.422      0.025     8.6107     78.782     34.572  25.243091     4.7112      6.613   284.2356 8.8626e+00    10.0079      2.377      3.448    11.5157 0.0000e+00
      2.427      0.022     8.6013     78.814     34.555  25.230320     4.7234      6.613   284.4302 8.8970e+00     9.9596      2.381      3.454    11.5135 0.0000e+00
      2.431      0.018     8.5962     78.909     34.539  25.217718     4.7330      6.614   284.6402 8.8630e+00     9.9300      2.384      3.458    11.5096 0.0000e+00
      2.434      0.014     8.5927     78.985     34.540  25.217552     4.7190      6.614   284.6234 8.8632e+00     9.9233      2.387      3.463    11.5065 0.0000e+00
      2.437      0.011     8.5813     79.043     34.555  25.228311     4.6129      6.614   284.6570 8.7948e+00     9.9122      2.391      3.466    11.5050 0.0000e+00
      2.440      0.010     8.5859     79.086     34.546  25.220965     4.4486      6.614   284.7881 8.7598e+00     9.9322      2.393      3.471    11.5043 0.0000e+00
      2.442      0.010     8.6036     79.112     34.506  25.192148     4.3724      6.614   284.8327 8.7191e+00     9.9266      2.394      3.473    11.5033 0.0000e+00
      2.444      0.010     8.6082     79.147     34.513  25.196979     4.3740      6.614   284.8522 8.6468e+00     9.8786      2.396      3.476    11.5022 0.0000e+00
      2.447      0.009     8.6160     79.176     34.539  25.215960     4.4429      6.614   284.9380 8.6108e+00     9.9329      2.400      3.481    11.5018 0.0000e+00
      2.450      0.009     8.6213     79.173     34.560  25.231398     4.5727      6.615   285.0953 8.5563e+00    10.1040      2.403      3.485    11.5012 0.0000e+00
      2.452      0.009     8.6214     79.170     34.594  25.256797     4.6535      6.617   285.2061 8.5663e+00    10.2055      2.405      3.488    11.5008 0.0000e+00
      2.454      0.009     8.6268     79.200     34.611  25.269389     4.6780      6.617   285.1583 8.5786e+00    10.1693      2.406      3.490    11.5009 0.0000e+00
      2.455      0.008     8.6320     79.226     34.593  25.256812     4.6699      6.618   285.0333 8.5658e+00    10.1448      2.407      3.492    11.5011 0.0000e+00
      2.458      0.008     8.6297     79.226     34.558  25.231560     4.6386      6.618   284.9857 8.6119e+00    10.1821      2.410      3.496    11.5012 0.0000e+00
      2.460      0.007     8.6262     79.211     34.539  25.217744     4.6160      6.618   285.0995 8.6030e+00    10.1765      2.412      3.499    11.5017 0.0000e+00
      2.462      0.007     8.6333     79.206     34.537  25.216601     4.6127      6.619   285.2909 8.5639e+00    10.1451      2.414      3.503    11.5022 0.0000e+00
      2.464      0.007     8.6360     79.216     34.537  25.217744     4.6241      6.620   285.4066 8.5969e+00    10.1102      2.416      3.505    11.5028 0.0000e+00
      2.465      0.006     8.6355     79.247     34.554  25.231561     4.6790      6.621   285.4655 8.5670e+00     9.9935      2.417      3.506    11.5034 0.0000e+00
      2.466      0.006     8.6325     79.291     34.588  25.256822     4.7775      6.621   285.4869 8.5582e+00     9.8958      2.419      3.508    11.5037 0.0000e+00
      2.467      0.006     8.6316     79.281     34.605  25.269505     4.8323      6.622   285.4938 8.5789e+00     9.9198      2.420      3.510    11.5046 0.0000e+00
      2.469      0.006     8.6332     79.223     34.589  25.258070     4.8423      6.622   285.5488 8.5771e+00     9.9080      2.421      3.512    11.5062 0.0000e+00
      2.471      0.007     8.6336     79.186     34.573  25.245396     4.9231      6.623   285.5494 8.6159e+00     9.8891      2.423      3.515    11.5076 0.0000e+00
      2.472      0.009     8.6448     79.193     34.570  25.243100     5.0767      6.624   285.4149 8.5584e+00     9.9651      2.424      3.516    11.5085 0.0000e+00
      2.473      0.012     8.6421     79.231     34.553  25.230313     5.1679      6.624   285.2990 8.5055e+00    10.0416      2.425      3.517    11.5092 0.0000e+00
      2.476      0.016     8.6317     79.281     34.535  25.217621     5.1853      6.624   285.3528 8.4490e+00    10.1296      2.428      3.521    11.5089 0.0000e+00
      2.481      0.018     8.6276     79.335     34.534  25.216476     5.1540      6.624   285.4626 8.3552e+00    10.1413      2.433      3.528    11.5079 0.0000e+00
      2.487      0.019     8.6289     79.385     34.534  25.216475     5.0891      6.625   285.5089 8.3709e+00    10.0811      2.439      3.537    11.5076 0.0000e+00
      2.495      0.019     8.6347     79.433     34.536  25.217609     5.0665      6.626   285.5682 8.3203e+00    10.1181      2.447      3.549    11.5076 0.0000e+00
      2.501      0.018     8.6391     79.449     34.553  25.230187     5.0645      6.626   285.6639 8.2710e+00    10.1453      2.453      3.558    11.5074 0.0000e+00
      2.504      0.016     8.6470     79.420     34.569  25.241717     4.8984      6.626   285.6338 8.3231e+00    10.1021      2.455      3.561    11.5071 0.0000e+00
      2.505      0.015     8.6505     79.366     34.554  25.230187     4.5807      6.627   285.4618 8.2471e+00    10.0746      2.456      3.562    11.5066 0.0000e+00
      2.507      0.013     8.6583     79.313     34.536  25.217609     4.4108      6.627   285.3915 8.1848e+00    10.0860      2.459      3.566    11.5064 0.0000e+00
      2.512      0.013     8.6608     79.263     34.533  25.216475     4.4088      6.628   285.4719 8.2152e+00    10.1380      2.464      3.574    11.5063 0.0000e+00
      2.517      0.013     8.6561     79.211     34.533  25.216475     4.4239      6.628   285.4876 8.1573e+00    10.1565      2.468      3.579    11.5057 0.0000e+00
      2.521      0.012     8.6497     79.197     34.535  25.217610     4.4681      6.628   285.4946 8.1260e+00    10.1040      2.471      3.585    11.5057 0.0000e+00
      2.524      0.010     8.6425     79.214     34.553  25.230197     4.5517      6.627   285.5575 8.1426e+00    10.0846      2.476      3.590    11.5068 0.0000e+00
      2.526      0.007     8.6399     79.221     34.569  25.241831     4.6109      6.627   285.5599 8.0876e+00    10.1261      2.478      3.593    11.5079 0.0000e+00
      2.527      0.005     8.6293     79.211     34.554  25.231445     4.6353      6.628   285.6099 8.0693e+00    10.1623      2.478      3.594    11.5078 0.0000e+00
      2.527      0.005     8.6297     79.199     34.554  25.231447     4.7216      6.630   285.6457 8.0623e+00    10.1128      2.478      3.594    11.5071 0.0000e+00
      2.527      0.006     8.6340     79.214     34.569  25.241852     4.8561      6.630   285.5626 7.9940e+00     9.9368      2.478      3.594    11.5064 0.0000e+00
      2.527      0.008     8.6339     79.250     34.554  25.230426     4.9213      6.629   285.5507 8.0114e+00     9.8447      2.478      3.593    11.5062 0.0000e+00
      2.529      0.012     8.6336     79.309     34.540  25.220125     4.9273      6.628   285.6738 8.0588e+00     9.9216      2.480      3.596    11.5064 0.0000e+00
      2.534      0.015     8.6288     79.384     34.573  25.244139     4.8028      6.627   285.7602 8.0389e+00     9.9441      2.484      3.603    11.5064 0.0000e+00
      2.539      0.017     8.6330     79.466     34.604  25.267106     4.5568      6.628   285.8207 7.9819e+00     9.8777      2.490      3.611    11.5064 0.0000e+00
      2.545      0.018     8.6356     79.529     34.572  25.244139     4.4244      6.628   285.9755 7.8901e+00     9.8360      2.496      3.619    11.5063 0.0000e+00
      2.550      0.017     8.6429     79.543     34.539  25.220124     4.4098      6.627   286.0828 7.8088e+00     9.8501      2.502      3.629    11.5061 0.0000e+00
      2.555      0.016     8.6511     79.513     34.554  25.230415     4.3961      6.627   286.0853 7.7688e+00     9.8773      2.506      3.635    11.5063 0.0000e+00
      2.559      0.015     8.6602     79.445     34.569  25.241739     4.3666      6.628   286.0058 7.7360e+00     9.8568      2.509      3.640    11.5065 0.0000e+00
      2.562      0.015     8.6704     79.375     34.553  25.230200     4.3362      6.629   285.9824 7.6767e+00     9.8425      2.513      3.645    11.5069 0.0000e+00
      2.564      0.016     8.6690     79.305     34.536  25.217733     4.3285      6.630   286.2325 7.6595e+00     9.8749      2.514      3.646    11.5071 0.0000e+00
      2.566      0.017     8.6680     79.220     34.536  25.217838     4.4403      6.631   286.5343 7.6473e+00     9.9747      2.514      3.646    11.5069 0.0000e+00
      2.572      0.017     8.6574     79.158     34.555  25.231466     4.6566      6.631   286.6199 7.6352e+00    10.0923      2.521      3.657    11.5068 0.0000e+00
      2.579      0.017     8.6494     79.156     34.588  25.255680     4.7716      6.631   286.5800 7.6234e+00    10.1022      2.530      3.670    11.5072 0.0000e+00
      2.585      0.016     8.6447     79.196     34.589  25.256926     4.7815      6.632   286.5690 7.5342e+00    10.0947      2.535      3.677    11.5071 0.0000e+00
      2.588      0.014     8.6323     79.258     34.574  25.246540     4.7922      6.632   286.6581 7.4971e+00    10.1378      2.538      3.682    11.5066 0.0000e+00
      2.590      0.011     8.6235     79.335     34.588  25.256937     4.8352      6.633   286.7115 7.4661e+00    10.1446      2.540      3.684    11.5067 0.0000e+00
      2.592      0.007     8.6253     79.407     34.587  25.255793     4.9013      6.634   286.6118 7.4094e+00    10.1094      2.542      3.687    11.5068 0.0000e+00
      2.594      0.005     8.6303     79.478     34.557  25.232715     4.9339      6.634   286.5716 7.4500e+00    10.0874      2.544      3.690    11.5071 0.0000e+00
      2.596      0.003     8.6361     79.558     34.556  25.231572     4.9294      6.634   286.6548 7.4511e+00    10.1176      2.546      3.692    11.5079 0.0000e+00
      2.596      0.002     8.6465     79.619     34.570  25.241968     4.7892      6.634   286.6720 7.4235e+00    10.1679      2.546      3.693    11.5084 0.0000e+00
      2.596      0.000     8.6537     79.635     34.554  25.231582     4.5122      6.634   286.6079 7.4776e+00    10.1484      2.545      3.692    11.5078 0.0000e+00
      2.595     -0.002     8.6607     79.624     34.554  25.232829     4.3517      6.634   286.5676 7.4830e+00    10.0868      2.544      3.690    11.5062 0.0000e+00
      2.595     -0.003     8.6713     79.601     34.586  25.257051     4.3381      6.636   286.4417 7.4596e+00    10.0718      2.545      3.691    11.5048 0.0000e+00
      2.595     -0.003     8.6801     79.581     34.603  25.270773     4.3480      6.637   286.2049 7.4899e+00    10.1042      2.545      3.692    11.5050 0.0000e+00
      2.593      0.001     8.6790     79.563     34.603  25.271908     4.3550      6.636   286.2000 7.5399e+00    10.1374      2.543      3.689    11.5072 0.0000e+00
      2.590      0.007     8.6777     79.538     34.599  25.270774     4.3470      6.636   286.3825 7.5996e+00    10.1313      2.539      3.683    11.5094 0.0000e+00
