Data/DataNotYetUploadedToEDI/Raw_CTD/RawDownloads/111423_fcr50_S8188004.cnv
* Sea-Bird SBE19plus  Data File:
* FileName = C:\R\Reservoirs\Data\DataNotYetUploadedToEDI\Raw_CTD\RawDownloads\110623_bvr50_S8188_0004.hex
* Software version 2.8.0.119
* Temperature SN = 8188
* Conductivity SN = 8188
* System UpLoad Time = Nov 14 2023 17:11:31
* <ApplicationData>
* <Seaterm232>
# nquan = 16
# nvalues = 2922                        
# units = specified
# name 0 = depFM: Depth [fresh water, m]
# name 1 = dz/dtM: Descent Rate [m/s]
# name 2 = sbeox0Mg/L: Oxygen, SBE 43 [mg/l]
# name 3 = sbeox0PS: Oxygen, SBE 43 [% saturation]
# name 4 = specc: Specific Conductance [uS/cm]
# name 5 = c0uS/cm: Conductivity [uS/cm]
# name 6 = wetCDOM: Fluorescence, WET Labs CDOM [mg/m^3]
# name 7 = flECO-AFL: Fluorescence, WET Labs ECO-AFL/FL [mg/m^3]
# name 8 = flECO-AFL1: Fluorescence, WET Labs ECO-AFL/FL, 2 [mg/m^3]
# name 9 = flECO-AFL2: Fluorescence, WET Labs ECO-AFL/FL, 3 [mg/m^3]
# name 10 = par/sat/log: PAR/Logarithmic, Satlantic
# name 11 = turbWETntu0: Turbidity, WET Labs ECO [NTU]
# name 12 = prdM: Pressure, Strain Gauge [db]
# name 13 = prdE: Pressure, Strain Gauge [psi]
# name 14 = tv290C: Temperature [ITS-90, deg C]
# name 15 = flag:  0.000e+00
# span 0 =     -0.509,      9.497       
# span 1 =     -0.263,      0.066       
# span 2 =     2.2313,     7.6813       
# span 3 =     20.419,     71.053       
# span 4 =     45.169,    142.070       
# span 5 =  32.902053, 103.385595       
# span 6 =    -4.5000,     5.8500       
# span 7 =    -0.1308,    16.6046       
# span 8 =    -2.1300,     0.7242       
# span 9 =    -2.0304,     3.2148       
# span 10 = 1.1582e-01, 4.9852e+02      
# span 11 =    -0.3783,   170.7098      
# span 12 =     -0.499,      9.313      
# span 13 =     -0.724,     13.508      
# span 14 =    11.3490,    12.2455      
# span 15 = 0.0000e+00, 0.0000e+00      
# interval = seconds: 0.25
# start_time = Nov 14 2023 13:42:13 [Instrument's time stamp, header]
# bad_flag = -9.990e-29
*END*
[from data line 2260]
      7.035      0.024     6.8216     62.334     45.358  32.983618     3.5100    14.6934     0.0852     2.1150 1.1638e-01     3.9504      6.899     10.006    11.3560 0.0000e+00
      7.041      0.024     6.8212     62.320     45.346  32.974542     3.5100    14.4378     0.0852     2.1150 1.1623e-01     4.0857      6.905     10.015    11.3562 0.0000e+00
      7.048      0.024     6.8198     62.305     45.326  32.960365     3.5100    14.4836     0.0852     2.1150 1.1612e-01     4.1758      6.911     10.024    11.3563 0.0000e+00
      7.054      0.025     6.8181     62.293     45.311  32.949189     3.4200    14.4607     0.1278     2.2419 1.1625e-01     4.1157      6.917     10.033    11.3563 0.0000e+00
      7.060      0.025     6.8166     62.289     45.312  32.949916     3.4200    14.4683     0.1278     2.2419 1.1607e-01     4.1458      6.923     10.042    11.3564 0.0000e+00
      7.066      0.026     6.8150     62.291     45.330  32.962740     3.4200    14.3615     0.1278     2.2419 1.1617e-01     4.5666      6.930     10.051    11.3564 0.0000e+00
      7.073      0.026     6.8134     62.294     45.347  32.975237     3.4200    14.3729     0.1278     2.2419 1.1625e-01     4.5967      6.936     10.060    11.3564 0.0000e+00
      7.080      0.027     6.8121     62.295     45.346  32.974897     3.4200    14.3462     0.0852     2.1996 1.1610e-01     4.5967      6.943     10.070    11.3563 0.0000e+00
      7.087      0.027     6.8116     62.300     45.333  32.965590     3.4200    14.3234     0.0852     2.1996 1.1600e-01     4.5065      6.950     10.080    11.3563 0.0000e+00
      7.094      0.027     6.8118     62.313     45.321  32.956717     3.4200    14.5179     0.0852     2.1996 1.1610e-01     4.4013      6.957     10.090    11.3563 0.0000e+00
      7.101      0.027     6.8121     62.333     45.317  32.953833     3.4200    14.5446     0.0852     2.1996 1.1610e-01     4.3712      6.964     10.100    11.3565 0.0000e+00
      7.108      0.027     6.8123     62.354     45.320  32.956169     3.4200    14.5255     0.0852     2.1996 1.1625e-01     4.3111      6.971     10.110    11.3567 0.0000e+00
      7.115      0.027     6.8127     62.373     45.321  32.956427     3.6000    14.5408     0.1278     2.1150 1.1607e-01     4.3712      6.977     10.120    11.3568 0.0000e+00
      7.121      0.027     6.8142     62.390     45.320  32.954674     3.6000    15.1092     0.1278     2.1150 1.1615e-01     4.4915      6.984     10.129    11.3569 0.0000e+00
      7.128      0.027     6.8164     62.404     45.320  32.954404     3.6000    15.0710     0.1278     2.1150 1.1620e-01     4.7320      6.990     10.139    11.3569 0.0000e+00
      7.135      0.027     6.8187     62.409     45.323  32.955545     3.6000    15.0901     0.1278     2.1150 1.1623e-01     4.5516      6.997     10.148    11.3566 0.0000e+00
      7.142      0.027     6.8208     62.399     45.328  32.958402     3.5100    15.0977     0.1278     2.1573 1.1635e-01     4.6568      7.004     10.158    11.3561 0.0000e+00
      7.149      0.027     6.8228     62.385     45.336  32.963736     3.5100    15.1435     0.1278     2.1573 1.1628e-01     3.8752      7.010     10.168    11.3554 0.0000e+00
      7.156      0.026     6.8245     62.375     45.338  32.965048     3.5100    15.1626     0.1278     2.1573 1.1617e-01     3.9203      7.017     10.178    11.3546 0.0000e+00
      7.162      0.026     6.8251     62.369     45.323  32.954767     3.5100    15.1473     0.1278     2.1573 1.1625e-01     3.9203      7.024     10.188    11.3539 0.0000e+00
      7.169      0.025     6.8242     62.367     45.305  32.942032     3.6900    15.1054     0.0852     2.1150 1.1628e-01     4.0105      7.030     10.197    11.3533 0.0000e+00
      7.175      0.024     6.8227     62.371     45.301  32.939292     3.6900    15.2351     0.0852     2.1150 1.1623e-01     3.8903      7.037     10.206    11.3528 0.0000e+00
      7.181      0.023     6.8217     62.378     45.310  32.945815     3.6900    15.2046     0.0852     2.1150 1.1607e-01     3.9203      7.042     10.214    11.3526 0.0000e+00
      7.187      0.023     6.8210     62.383     45.317  32.951458     3.6900    15.1969     0.0852     2.1150 1.1620e-01     3.9504      7.048     10.222    11.3526 0.0000e+00
      7.192      0.024     6.8207     62.387     45.314  32.949806     3.6000    15.2007     0.1278     2.0304 1.1617e-01     3.9654      7.053     10.230    11.3529 0.0000e+00
      7.198      0.025     6.8211     62.386     45.311  32.948339     3.6000    15.1550     0.1278     2.0304 1.1617e-01     3.8903      7.059     10.238    11.3532 0.0000e+00
      7.204      0.026     6.8217     62.382     45.319  32.954586     3.6000    15.1245     0.1278     2.0304 1.1610e-01     3.8903      7.064     10.247    11.3537 0.0000e+00
      7.211      0.029     6.8222     62.379     45.329  32.962294     3.6000    15.1588     0.1278     2.0304 1.1617e-01     3.9203      7.071     10.256    11.3542 0.0000e+00
      7.218      0.031     6.8225     62.378     45.328  32.961635     3.6000    15.1321     0.1278     2.0304 1.1617e-01     3.9804      7.078     10.267    11.3547 0.0000e+00
      7.226      0.034     6.8224     62.380     45.321  32.956393     3.4200    14.7735     0.1278     1.9881 1.1623e-01     4.1157      7.087     10.279    11.3552 0.0000e+00
      7.235      0.035     6.8219     62.384     45.322  32.957054     3.4200    14.7735     0.1278     1.9881 1.1623e-01     4.0406      7.096     10.292    11.3556 0.0000e+00
      7.245      0.037     6.8215     62.394     45.326  32.959833     3.4200    14.7773     0.1278     1.9881 1.1617e-01     4.1458      7.105     10.305    11.3559 0.0000e+00
      7.255      0.037     6.8214     62.404     45.323  32.957549     3.4200    14.7811     0.1278     1.9881 1.1623e-01     4.2059      7.115     10.320    11.3560 0.0000e+00
      7.265      0.037     6.8216     62.408     45.323  32.957515     3.5100    14.4683     0.1278     2.0727 1.1620e-01     4.1909      7.125     10.334    11.3561 0.0000e+00
      7.275      0.036     6.8221     62.404     45.331  32.963682     3.5100    14.4759     0.1278     2.0727 1.1640e-01     4.2209      7.134     10.347    11.3560 0.0000e+00
      7.284      0.035     6.8231     62.398     45.334  32.965814     3.5100    14.4836     0.1278     2.0727 1.1607e-01     4.1909      7.143     10.360    11.3560 0.0000e+00
      7.293      0.033     6.8242     62.392     45.332  32.964477     3.5100    14.4569     0.1278     2.0727 1.1628e-01     4.1608      7.152     10.373    11.3560 0.0000e+00
      7.301      0.031     6.8246     62.390     45.336  32.967237     3.3300    14.5255     0.0852     2.1996 1.1628e-01     3.8903      7.160     10.384    11.3559 0.0000e+00
      7.308      0.029     6.8242     62.389     45.335  32.966910     3.3300    14.5408     0.0852     2.1996 1.1643e-01     3.9504      7.167     10.395    11.3559 0.0000e+00
      7.316      0.028     6.8235     62.385     45.330  32.963407     3.3300    14.5179     0.0852     2.1996 1.1607e-01     3.8903      7.174     10.405    11.3560 0.0000e+00
      7.322      0.026     6.8230     62.381     45.331  32.963717     3.3300    14.5484     0.0852     2.1996 1.1628e-01     3.9804      7.181     10.415    11.3560 0.0000e+00
      7.329      0.025     6.8228     62.382     45.325  32.959999     3.3300    14.6591     0.0852     2.1996 1.1625e-01     4.1157      7.187     10.424    11.3561 0.0000e+00
      7.335      0.024     6.8226     62.382     45.313  32.951264     3.4200    14.6705     0.1278     2.2419 1.1612e-01     4.1007      7.193     10.432    11.3562 0.0000e+00
      7.341      0.023     6.8221     62.375     45.307  32.947062     3.4200    14.6438     0.1278     2.2419 1.1628e-01     4.1458      7.199     10.441    11.3564 0.0000e+00
      7.347      0.022     6.8217     62.361     45.306  32.946275     3.4200    14.6514     0.1278     2.2419 1.1605e-01     4.2360      7.204     10.449    11.3565 0.0000e+00
      7.352      0.022     6.8217     62.346     45.310  32.948691     3.4200    14.5904     0.1278     2.2419 1.1623e-01     4.0857      7.210     10.457    11.3566 0.0000e+00
      7.358      0.021     6.8217     62.331     45.324  32.958916     3.6000    14.6133     0.0852     2.1573 1.1615e-01     4.1458      7.215     10.465    11.3567 0.0000e+00
      7.363      0.020     6.8209     62.318     45.341  32.971755     3.6000    14.5751     0.0852     2.1573 1.1612e-01     4.2059      7.220     10.472    11.3567 0.0000e+00
      7.368      0.020     6.8194     62.302     45.351  32.978751     3.6000    14.5866     0.0852     2.1573 1.1623e-01     4.1007      7.225     10.480    11.3567 0.0000e+00
      7.373      0.019     6.8177     62.287     45.349  32.977807     3.6000    14.4607     0.0852     2.1573 1.1612e-01     3.9053      7.230     10.487    11.3567 0.0000e+00
      7.378      0.019     6.8162     62.283     45.342  32.972634     3.5100    14.4454     0.1278     2.1150 1.1605e-01     3.9804      7.235     10.494    11.3567 0.0000e+00
      7.383      0.019     6.8147     62.286     45.344  32.973733     3.5100    14.4874     0.1278     2.1150 1.1617e-01     3.8903      7.240     10.500    11.3567 0.0000e+00
      7.387      0.019     6.8129     62.291     45.360  32.985358     3.5100    14.4492     0.1278     2.1150 1.1628e-01     3.9203      7.244     10.507    11.3567 0.0000e+00
      7.392      0.019     6.8113     62.299     45.373  32.994766     3.5100    14.9604     0.1278     2.1150 1.1617e-01     3.8903      7.249     10.514    11.3568 0.0000e+00
      7.397      0.019     6.8108     62.312     45.370  32.992585     3.6000    14.9642     0.1278     2.0727 1.1623e-01     3.9053      7.254     10.521    11.3568 0.0000e+00
      7.402      0.019     6.8112     62.327     45.361  32.986154     3.6000    14.9452     0.1278     2.0727 1.1630e-01     3.9354      7.259     10.528    11.3569 0.0000e+00
      7.407      0.019     6.8117     62.345     45.355  32.981679     3.6000    14.9528     0.1278     2.0727 1.1612e-01     3.9504      7.264     10.535    11.3569 0.0000e+00
      7.412      0.019     6.8127     62.364     45.350  32.977967     3.6000    15.1245     0.1278     2.0727 1.1623e-01     3.4394      7.268     10.542    11.3569 0.0000e+00
      7.417      0.019     6.8140     62.381     45.345  32.974029     3.6000    15.1321     0.1278     2.0727 1.1605e-01     3.3642      7.273     10.549    11.3568 0.0000e+00
      7.422      0.019     6.8157     62.397     45.338  32.968813     3.6000    15.1664     0.0852     2.0727 1.1628e-01     3.4995      7.278     10.556    11.3568 0.0000e+00
      7.427      0.020     6.8176     62.410     45.333  32.964890     3.6000    15.1512     0.0852     2.0727 1.1630e-01     3.3792      7.283     10.563    11.3567 0.0000e+00
      7.432      0.020     6.8197     62.420     45.334  32.965174     3.6000    15.0215     0.0852     2.0727 1.1605e-01     3.7249      7.288     10.570    11.3566 0.0000e+00
      7.437      0.020     6.8216     62.427     45.340  32.969741     3.6000    15.0024     0.0852     2.0727 1.1625e-01     3.6498      7.293     10.578    11.3564 0.0000e+00
      7.442      0.020     6.8234     62.427     45.348  32.975848     3.5100    15.0367     0.1278     2.0727 1.1610e-01     3.6648      7.298     10.585    11.3562 0.0000e+00
      7.447      0.020     6.8249     62.418     45.355  32.981163     3.5100    14.9948     0.1278     2.0727 1.1615e-01     3.6047      7.303     10.592    11.3560 0.0000e+00
      7.452      0.021     6.8260     62.404     45.358  32.983143     3.5100    14.7926     0.1278     2.0727 1.1620e-01     4.1758      7.308     10.600    11.3559 0.0000e+00
      7.457      0.021     6.8267     62.386     45.351  32.978355     3.5100    14.7392     0.1278     2.0727 1.1602e-01     4.1758      7.313     10.607    11.3559 0.0000e+00
      7.463      0.022     6.8268     62.367     45.345  32.973444     3.6000    14.7811     0.1278     1.9881 1.1615e-01     4.2360      7.319     10.615    11.3559 0.0000e+00
      7.469      0.023     6.8258     62.350     45.347  32.975021     3.6000    14.7773     0.1278     1.9881 1.1617e-01     4.2810      7.324     10.623    11.3559 0.0000e+00
      7.475      0.023     6.8242     62.340     45.353  32.979545     3.6000    14.6629     0.1278     1.9881 1.1612e-01     4.5817      7.330     10.631    11.3560 0.0000e+00
      7.481      0.024     6.8223     62.340     45.354  32.980303     3.6000    14.6514     0.1278     1.9881 1.1600e-01     4.5666      7.336     10.640    11.3560 0.0000e+00
      7.487      0.024     6.8202     62.352     45.344  32.973536     3.5100    14.6552     0.0852     2.0727 1.1620e-01     4.6267      7.342     10.649    11.3561 0.0000e+00
      7.493      0.025     6.8183     62.371     45.328  32.961399     3.5100    14.6438     0.0852     2.0727 1.1612e-01     4.6718      7.348     10.658    11.3562 0.0000e+00
      7.500      0.025     6.8172     62.388     45.315  32.952539     3.5100    14.2051     0.0852     2.0727 1.1607e-01     3.9203      7.355     10.667    11.3563 0.0000e+00
      7.506      0.024     6.8172     62.402     45.315  32.952514     3.5100    14.2547     0.0852     2.0727 1.1623e-01     3.9504      7.361     10.676    11.3564 0.0000e+00
      7.512      0.024     6.8185     62.414     45.322  32.957356     3.5100    14.2242     0.0852     2.0727 1.1597e-01     3.9504      7.367     10.685    11.3564 0.0000e+00
      7.518      0.024     6.8205     62.421     45.331  32.964396     3.5100    14.2242     0.1278     2.0304 1.1620e-01     3.9804      7.373     10.693    11.3565 0.0000e+00
      7.524      0.024     6.8224     62.422     45.341  32.971551     3.5100    14.5789     0.1278     2.0304 1.1620e-01     4.1458      7.379     10.702    11.3565 0.0000e+00
      7.531      0.024     6.8239     62.419     45.343  32.972807     3.5100    14.5828     0.1278     2.0304 1.1617e-01     4.0406      7.385     10.711    11.3565 0.0000e+00
      7.537      0.024     6.8252     62.412     45.337  32.968500     3.5100    14.5904     0.1278     2.0304 1.1617e-01     4.1758      7.391     10.720    11.3566 0.0000e+00
      7.543      0.024     6.8260     62.404     45.327  32.961442     3.5100    14.5751     0.0852     2.1573 1.1612e-01     4.1458      7.397     10.728    11.3566 0.0000e+00
      7.549      0.024     6.8261     62.396     45.317  32.953710     3.5100    14.7048     0.0852     2.1573 1.1610e-01     4.4013      7.403     10.737    11.3566 0.0000e+00
      7.555      0.025     6.8258     62.383     45.313  32.951165     3.5100    14.6934     0.0852     2.1573 1.1597e-01     4.4464      7.409     10.746    11.3566 0.0000e+00
      7.561      0.025     6.8250     62.365     45.310  32.949167     3.5100    14.7086     0.0852     2.1573 1.1638e-01     4.4764      7.415     10.754    11.3566 0.0000e+00
      7.567      0.026     6.8241     62.343     45.302  32.943222     3.6000    14.6743     0.0852     2.2419 1.1612e-01     4.4013      7.421     10.763    11.3566 0.0000e+00
      7.574      0.026     6.8232     62.321     45.297  32.939667     3.6000    14.1746     0.0852     2.2419 1.1617e-01     4.2360      7.428     10.773    11.3567 0.0000e+00
      7.581      0.027     6.8218     62.304     45.300  32.941515     3.6000    14.1402     0.0852     2.2419 1.1610e-01     3.9955      7.435     10.783    11.3567 0.0000e+00
      7.588      0.027     6.8198     62.295     45.310  32.949258     3.6000    14.1746     0.0852     2.2419 1.1612e-01     4.1157      7.442     10.793    11.3568 0.0000e+00
      7.595      0.028     6.8174     62.292     45.321  32.957039     3.6000    14.1593     0.1278     2.1996 1.1612e-01     4.1458      7.449     10.803    11.3568 0.0000e+00
      7.602      0.028     6.8150     62.293     45.318  32.955052     3.6000    14.2127     0.1278     2.1996 1.1617e-01     3.8452      7.455     10.813    11.3568 0.0000e+00
