Data/DataNotYetUploadedToEDI/Raw_CTD/RawDownloads/111423_bvr50_S8188003.cnv
* Sea-Bird SBE19plus  Data File:
* FileName = C:\R\Reservoirs\Data\DataNotYetUploadedToEDI\Raw_CTD\RawDownloads\110623_bvr50_S8188_0003.hex
* Software version 2.8.0.119
* Temperature SN = 8188
* Conductivity SN = 8188
* System UpLoad Time = Nov 14 2023 17:10:49
* <ApplicationData>
* <Seaterm232>
# nquan = 16
# nvalues = 1844                        
# units = specified
# name 0 = depFM: Depth [fresh water, m]
# name 1 = dz/dtM: Descent Rate [m/s]
# name 2 = sbeox0Mg/L: Oxygen, SBE 43 [mg/l]
# name 3 = sbeox0PS: Oxygen, SBE 43 [% saturation]
# name 4 = specc: Specific Conductance [uS/cm]
# name 5 = c0uS/cm: Conductivity [uS/cm]
# name 6 = wetCDOM: Fluorescence, WET Labs CDOM [mg/m^3]
# name 7 = flECO-AFL: Fluorescence, WET Labs ECO-AFL/FL [mg/m^3]
# name 8 = flECO-AFL1: Fluorescence, WET Labs ECO-AFL/FL, 2 [mg/m^3]
# name 9 = flECO-AFL2: Fluorescence, WET Labs ECO-AFL/FL, 3 [mg/m^3]
# name 10 = par/sat/log: PAR/Logarithmic, Satlantic
# name 11 = turbWETntu0: Turbidity, WET Labs ECO [NTU]
# name 12 = prdM: Pressure, Strain Gauge [db]
# name 13 = prdE: Pressure, Strain Gauge [psi]
# name 14 = tv290C: Temperature [ITS-90, deg C]
# name 15 = flag:  0.000e+00
# span 0 =     -0.588,      8.521       
# span 1 =     -0.246,      0.061       
# span 2 =     4.4668,     7.3038       
# span 3 =     41.154,     67.106       
# span 4 =     34.745,     35.515       
# span 5 =  25.325193,  25.991628       
# span 6 =    -4.5000,     5.3100       
# span 7 =    -0.1384,     8.0405       
# span 8 =    -4.6434,     0.3834       
# span 9 =    -4.1031,     0.8037       
# span 10 = 1.1590e-01, 2.0973e+03      
# span 11 =    -0.3783,   320.8758      
# span 12 =     -0.576,      8.356      
# span 13 =     -0.836,     12.120      
# span 14 =    11.3778,    11.7262      
# span 15 = 0.0000e+00, 0.0000e+00      
# interval = seconds: 0.25
# start_time = Nov 14 2023 11:27:02 [Instrument's time stamp, header]
# bad_flag = -9.990e-29
*END*
[from data line 1718]
      3.485     -0.236     5.8087     53.337     34.812  25.390093     5.2200     2.9706     0.3408     0.7191 2.9675e+00     9.6769      3.418      4.957    11.4580 0.0000e+00
      3.425     -0.232     5.8107     53.352     34.812  25.391094     5.2200     2.9706     0.3408     0.7191 3.2638e+00     9.6618      3.359      4.872    11.4597 0.0000e+00
      3.367     -0.229     5.8132     53.359     34.819  25.398157     5.2200     2.9630     0.3408     0.7191 3.4058e+00     9.7370      3.302      4.789    11.4612 0.0000e+00
      3.309     -0.225     5.8160     53.361     34.835  25.411185     5.2200     2.9363     0.3408     0.7191 3.7606e+00     9.6318      3.245      4.706    11.4628 0.0000e+00
      3.252     -0.221     5.8183     53.359     34.851  25.423754     5.1300     2.9630     0.3408     0.5922 4.0630e+00     9.5717      3.189      4.625    11.4646 0.0000e+00
      3.195     -0.216     5.8197     53.357     34.862  25.433278     5.1300     2.9592     0.3408     0.5922 4.4833e+00     9.6017      3.133      4.545    11.4665 0.0000e+00
      3.141     -0.212     5.8202     53.355     34.868  25.438337     5.1300     2.9592     0.3408     0.5922 4.6693e+00     9.6318      3.080      4.467    11.4685 0.0000e+00
      3.088     -0.209     5.8201     53.350     34.865  25.436321     5.1300     2.9592     0.3408     0.5922 4.8303e+00     9.5717      3.028      4.392    11.4703 0.0000e+00
      3.036     -0.206     5.8198     53.348     34.851  25.426693     5.2200     2.9287     0.3408     0.5922 5.3508e+00     9.6769      2.977      4.318    11.4720 0.0000e+00
      2.984     -0.204     5.8194     53.351     34.832  25.412823     5.2200     2.9554     0.3408     0.5922 5.7038e+00     9.7069      2.926      4.245    11.4735 0.0000e+00
      2.933     -0.202     5.8189     53.353     34.815  25.400911     5.2200     2.9363     0.3408     0.5922 5.6989e+00     9.7069      2.876      4.172    11.4747 0.0000e+00
      2.881     -0.201     5.8183     53.352     34.799  25.389760     5.2200     3.0126     0.3408     0.5922 6.3557e+00     9.7069      2.826      4.098    11.4756 0.0000e+00
      2.830     -0.201     5.8180     53.353     34.786  25.380357     5.1300     3.0393     0.3834     0.6768 7.1563e+00     9.6167      2.775      4.025    11.4763 0.0000e+00
      2.778     -0.201     5.8182     53.361     34.779  25.376131     5.1300     3.0088     0.3834     0.6768 7.2786e+00     9.6919      2.724      3.951    11.4768 0.0000e+00
      2.727     -0.201     5.8183     53.373     34.776  25.373977     5.1300     2.9935     0.3834     0.6768 7.6750e+00     9.5416      2.674      3.879    11.4774 0.0000e+00
      2.677     -0.203     5.8182     53.386     34.775  25.373320     5.1300     3.0431     0.3834     0.6768 7.8266e+00     9.6167      2.625      3.807    11.4779 0.0000e+00
      2.626     -0.206     5.8183     53.395     34.778  25.375965     5.1300     3.0698     0.3834     0.6768 8.0859e+00     9.5566      2.575      3.735    11.4783 0.0000e+00
      2.574     -0.209     5.8191     53.397     34.783  25.380638     5.2200     3.0698     0.3408     0.5922 9.1143e+00     9.6318      2.524      3.661    11.4787 0.0000e+00
      2.520     -0.212     5.8203     53.392     34.791  25.386604     5.2200     3.0508     0.3408     0.5922 9.4327e+00     9.6167      2.471      3.585    11.4792 0.0000e+00
      2.464     -0.215     5.8216     53.379     34.802  25.395455     5.2200     3.0355     0.3408     0.5922 1.1180e+01     9.6769      2.417      3.506    11.4798 0.0000e+00
      2.408     -0.216     5.8225     53.359     34.816  25.405593     5.2200     2.9935     0.3408     0.5922 1.1709e+01     9.7370      2.361      3.425    11.4805 0.0000e+00
      2.351     -0.216     5.8227     53.340     34.824  25.411803     5.1300     2.9859     0.3834     0.5922 1.2126e+01     9.5115      2.306      3.345    11.4812 0.0000e+00
      2.296     -0.214     5.8220     53.328     34.828  25.415740     5.1300     3.0050     0.3834     0.5922 1.3545e+01     9.6318      2.252      3.267    11.4819 0.0000e+00
      2.243     -0.212     5.8205     53.319     34.837  25.422414     5.1300     2.9516     0.3834     0.5922 1.3122e+01     9.6318      2.200      3.190    11.4825 0.0000e+00
      2.190     -0.211     5.8182     53.310     34.846  25.429646     5.1300     2.9516     0.3834     0.5922 1.4307e+01     9.6167      2.148      3.115    11.4832 0.0000e+00
      2.136     -0.209     5.8161     53.305     34.854  25.435405     5.2200     2.9630     0.3408     0.6345 1.5297e+01     9.6167      2.095      3.039    11.4838 0.0000e+00
      2.083     -0.207     5.8147     53.302     34.851  25.433307     5.2200     2.9706     0.3408     0.6345 1.6452e+01     9.6167      2.043      2.963    11.4843 0.0000e+00
      2.030     -0.205     5.8136     53.298     34.831  25.418835     5.2200     3.0088     0.3408     0.6345 1.8891e+01     9.5717      1.991      2.887    11.4848 0.0000e+00
      1.977     -0.203     5.8126     53.295     34.810  25.403965     5.2200     3.0164     0.3408     0.6345 2.0300e+01     9.6769      1.939      2.812    11.4852 0.0000e+00
      1.926     -0.200     5.8120     53.295     34.800  25.396611     5.2200     2.9897     0.3408     0.6345 1.8198e+01     9.5416      1.889      2.739    11.4856 0.0000e+00
      1.875     -0.197     5.8116     53.302     34.799  25.396790     5.2200     3.0240     0.3408     0.6768 2.2351e+01     9.5566      1.839      2.668    11.4860 0.0000e+00
      1.826     -0.193     5.8112     53.315     34.807  25.402572     5.2200     3.0546     0.3408     0.6768 1.8225e+01     9.6919      1.791      2.597    11.4863 0.0000e+00
      1.777     -0.188     5.8108     53.335     34.816  25.409559     5.2200     3.0660     0.3408     0.6768 2.1498e+01     9.6618      1.743      2.527    11.4867 0.0000e+00
      1.729     -0.181     5.8108     53.359     34.826  25.417634     5.2200     3.0927     0.3408     0.6768 1.9453e+01     9.6618      1.695      2.459    11.4872 0.0000e+00
      1.682     -0.173     5.8114     53.378     34.836  25.424993     5.2200     3.0698     0.2982     0.6345 1.8001e+01     9.6618      1.650      2.392    11.4877 0.0000e+00
      1.638     -0.163     5.8127     53.390     34.842  25.429639     5.2200     2.9592     0.2982     0.6345 1.6268e+01     9.7220      1.606      2.329    11.4882 0.0000e+00
      1.596     -0.151     5.8149     53.395     34.846  25.432809     5.2200     2.9363     0.2982     0.6345 1.6109e+01     9.6468      1.566      2.271    11.4887 0.0000e+00
      1.559     -0.138     5.8175     53.398     34.844  25.431392     5.2200     2.9554     0.2982     0.6345 1.6134e+01     9.6769      1.529      2.218    11.4892 0.0000e+00
      1.527     -0.127     5.8195     53.401     34.829  25.421048     5.2200     2.9516     0.3408     0.6345 1.5832e+01     9.6017      1.497      2.171    11.4896 0.0000e+00
      1.498     -0.119     5.8207     53.401     34.809  25.406939     5.2200     3.4017     0.3408     0.6345 1.6081e+01     9.5266      1.469      2.130    11.4900 0.0000e+00
      1.471     -0.115     5.8212     53.394     34.798  25.399158     5.2200     3.3826     0.3408     0.6345 1.5925e+01     9.6468      1.443      2.093    11.4904 0.0000e+00
      1.445     -0.117     5.8214     53.386     34.801  25.401570     5.2200     3.3826     0.3408     0.6345 1.5454e+01     9.6919      1.418      2.056    11.4909 0.0000e+00
      1.418     -0.125     5.8218     53.382     34.817  25.412839     5.1300     3.3941     0.3408     0.6768 1.5801e+01     9.5717      1.391      2.017    11.4915 0.0000e+00
      1.388     -0.136     5.8216     53.384     34.840  25.430032     5.1300     2.7990     0.3408     0.6768 1.5458e+01     9.5115      1.361      1.974    11.4919 0.0000e+00
      1.352     -0.148     5.8208     53.390     34.862  25.445854     5.1300     2.8219     0.3408     0.6768 1.5749e+01     9.7069      1.326      1.922    11.4923 0.0000e+00
      1.310     -0.158     5.8199     53.395     34.872  25.452649     5.1300     2.8448     0.3408     0.6768 1.5949e+01     9.6919      1.284      1.863    11.4924 0.0000e+00
      1.264     -0.163     5.8195     53.395     34.872  25.452228     5.1300     2.8371     0.3408     0.6768 1.6495e+01     9.6017      1.239      1.797    11.4924 0.0000e+00
      1.217     -0.163     5.8198     53.395     34.866  25.448437     5.2200     3.0813     0.3834     0.6768 1.7109e+01     9.6318      1.194      1.731    11.4922 0.0000e+00
      1.173     -0.155     5.8204     53.397     34.855  25.440266     5.2200     3.0927     0.3834     0.6768 1.7737e+01     9.6468      1.150      1.668    11.4920 0.0000e+00
      1.133     -0.143     5.8210     53.403     34.840  25.429496     5.2200     3.0698     0.3834     0.6768 1.8241e+01     9.6017      1.111      1.611    11.4919 0.0000e+00
      1.098     -0.129     5.8211     53.409     34.828  25.421173     5.2200     3.0584     0.3834     0.6768 1.8517e+01     9.6769      1.076      1.561    11.4918 0.0000e+00
      1.068     -0.115     5.8210     53.417     34.822  25.417035     5.2200     3.2415     0.2982     0.6345 1.8602e+01     9.7069      1.048      1.520    11.4919 0.0000e+00
      1.043     -0.104     5.8212     53.433     34.820  25.415981     5.2200     3.2377     0.2982     0.6345 1.8593e+01     9.5416      1.023      1.484    11.4920 0.0000e+00
      1.021     -0.097     5.8218     53.460     34.822  25.417728     5.2200     3.2529     0.2982     0.6345 1.8618e+01     9.6618      1.001      1.452    11.4922 0.0000e+00
      0.999     -0.096     5.8225     53.491     34.824  25.418784     5.2200     3.2339     0.2982     0.6345 1.8842e+01     9.6769      0.980      1.421    11.4925 0.0000e+00
      0.978     -0.102     5.8233     53.511     34.825  25.419430     5.2200     3.5581     0.3408     0.6768 1.8662e+01     9.7069      0.959      1.391    11.4927 0.0000e+00
      0.954     -0.113     5.8250     53.516     34.831  25.423797     5.2200     3.5848     0.3408     0.6768 1.8801e+01     9.6769      0.936      1.357    11.4929 0.0000e+00
      0.926     -0.127     5.8279     53.511     34.833  25.425133     5.2200     3.5734     0.3408     0.6768 1.8719e+01     9.6769      0.908      1.317    11.4931 0.0000e+00
      0.892     -0.143     5.8313     53.499     34.828  25.421813     5.2200     3.5543     0.3408     0.6768 1.9602e+01     9.5867      0.875      1.268    11.4932 0.0000e+00
      0.851     -0.158     5.8335     53.480     34.824  25.418890     5.2200     3.0164     0.3408     0.6768 2.1321e+01     9.6769      0.835      1.211    11.4932 0.0000e+00
      0.806     -0.171     5.8340     53.455     34.816  25.413607     5.2200     2.9973     0.3408     0.6768 2.3308e+01     9.5416      0.791      1.147    11.4932 0.0000e+00
      0.759     -0.179     5.8335     53.430     34.806  25.406534     5.2200     2.9935     0.3408     0.6768 2.4556e+01     9.7220      0.744      1.079    11.4932 0.0000e+00
      0.710     -0.184     5.8322     53.415     34.797  25.399744     5.2200     2.9935     0.3408     0.6768 2.5419e+01     9.6017      0.697      1.010    11.4933 0.0000e+00
      0.662     -0.183     5.8300     53.420     34.793  25.397364     5.2200     2.9478     0.3408     0.6768 2.7752e+01     9.7370      0.649      0.942    11.4934 0.0000e+00
      0.614     -0.179     5.8273     53.446     34.796  25.400741     5.2200     2.9668     0.3408     0.7191 3.0173e+01     9.7069      0.602      0.873    11.4937 0.0000e+00
      0.567     -0.170     5.8245     53.483     34.800  25.404836     5.2200     2.9706     0.3408     0.7191 3.3783e+01     9.5416      0.556      0.807    11.4941 0.0000e+00
      0.523     -0.159     5.8228     53.523     34.803  25.408761     5.2200     2.9706     0.3408     0.7191 3.9350e+01     9.6318      0.513      0.744    11.4947 0.0000e+00
      0.483     -0.146     5.8232     53.560     34.803  25.409603     5.2200     3.1461     0.3408     0.7191 4.0214e+01     9.6318      0.474      0.687    11.4955 0.0000e+00
      0.448     -0.134     5.8259     53.588     34.798  25.407588     5.1300     3.2453     0.3408     0.6345 4.0319e+01     9.6318      0.440      0.637    11.4967 0.0000e+00
      0.418     -0.123     5.8298     53.606     34.796  25.406138     5.1300     3.2453     0.3408     0.6345 3.9737e+01     9.6017      0.410      0.595    11.4985 0.0000e+00
      0.391     -0.117     5.8338     53.614     34.796  25.406845     5.1300     3.2644     0.3408     0.6345 4.0433e+01     9.5115      0.384      0.556    11.5006 0.0000e+00
      0.365     -0.114     5.8375     53.615     34.811  25.417817     5.1300     3.2567     0.3408     0.6345 3.9573e+01     9.6167      0.358      0.519    11.5027 0.0000e+00
      0.338     -0.114     5.8404     53.609     34.838  25.438019     5.3100     3.0775     0.3408     0.6345 4.0223e+01     9.6318      0.331      0.480    11.5042 0.0000e+00
      0.309     -0.115     5.8422     53.601     34.853  25.449084     5.3100     3.0584     0.3408     0.6345 4.4307e+01     9.6017      0.303      0.439    11.5049 0.0000e+00
      0.277     -0.114     5.8432     53.594     34.846  25.444066     5.3100     3.0775     0.3408     0.6345 5.3469e+01     9.6919      0.272      0.394    11.5050 0.0000e+00
      0.245     -0.110     5.8432     53.590     34.832  25.433503     5.3100     3.0622     0.3408     0.6345 6.1035e+01     9.6769      0.240      0.348    11.5051 0.0000e+00
      0.214     -0.102     5.8426     53.593     34.817  25.422496     5.1300     3.0469     0.3408     0.5922 6.9580e+01     9.6468      0.210      0.304    11.5053 0.0000e+00
      0.187     -0.091     5.8417     53.603     34.803  25.412071     5.1300     3.0088     0.3408     0.5922 6.9188e+01     9.6017      0.184      0.266    11.5056 0.0000e+00
      0.166     -0.077     5.8409     53.614     34.792  25.403407     5.1300     3.0164     0.3408     0.5922 6.6780e+01     9.5867      0.163      0.236    11.5060 0.0000e+00
      0.149     -0.062     5.8404     53.623     34.780  25.394192     5.1300     3.0088     0.3408     0.5922 6.2024e+01     9.6318      0.146      0.212    11.5063 0.0000e+00
      0.137     -0.048     5.8407     53.633     34.772  25.387907     5.1300     3.1766     0.3408     0.5922 6.6505e+01     9.6318      0.134      0.194    11.5062 0.0000e+00
      0.128     -0.037     5.8419     53.642     34.773  25.388816     5.2200     3.1919     0.3408     0.7191 6.3593e+01     9.6468      0.125      0.181    11.5055 0.0000e+00
      0.121     -0.028     5.8432     53.646     34.776  25.391222     5.2200     3.1995     0.3408     0.7191 6.6130e+01     9.4965      0.118      0.172    11.5045 0.0000e+00
      0.116     -0.021     5.8443     53.639     34.775  25.389829     5.2200     3.2072     0.3408     0.7191 6.3002e+01     9.6919      0.113      0.164    11.5037 0.0000e+00
      0.112     -0.016     5.8454     53.622     34.773  25.388223     5.2200     3.1270     0.3408     0.7191 6.6461e+01     9.6318      0.109      0.158    11.5034 0.0000e+00
      0.108     -0.013     5.8464     53.599     34.776  25.389936     5.2200     3.1194     0.3408     0.7191 6.0862e+01     9.6017      0.106      0.154    11.5033 0.0000e+00
      0.106     -0.010     5.8468     53.574     34.784  25.395424     5.2200     3.1080     0.3408     0.7191 6.7656e+01     9.6318      0.103      0.150    11.5034 0.0000e+00
      0.103     -0.008     5.8461     53.549     34.793  25.402192     5.2200     3.1423     0.3408     0.7191 6.1527e+01     9.6318      0.101      0.147    11.5033 0.0000e+00
      0.102     -0.007     5.8443     53.527     34.801  25.408086     5.2200     3.4360     0.3408     0.7191 6.4765e+01     9.5115      0.100      0.144    11.5029 0.0000e+00
