Data/DataNotYetUploadedToEDI/Raw_CTD/RawDownloads/111423_bvr50_S7809003.cnv
* Sea-Bird SBE19plus  Data File:
* FileName = C:\R\Reservoirs\Data\DataNotYetUploadedToEDI\Raw_CTD\RawDownloads\110623_bvr50_S7809_0003.hex
* Software version 2.8.0.119
* Temperature SN = 7809
* Conductivity SN = 7809
* System UpLoad Time = Nov 14 2023 16:55:34
* <ApplicationData>
* <Seaterm232>
# nquan = 15
# nvalues = 1952                        
# units = specified
# name 0 = depFM: Depth [fresh water, m]
# name 1 = dz/dtM: Descent Rate [m/s]
# name 2 = sbeox0Mg/L: Oxygen, SBE 43 [mg/l]
# name 3 = sbeox0PS: Oxygen, SBE 43 [% saturation]
# name 4 = specc: Specific Conductance [uS/cm]
# name 5 = c0uS/cm: Conductivity [uS/cm]
# name 6 = flECO-AFL: Fluorescence, WET Labs ECO-AFL/FL [mg/m^3]
# name 7 = ph: pH
# name 8 = orp: Oxidation Reduction Potential [mV]
# name 9 = par/sat/log: PAR/Logarithmic, Satlantic
# name 10 = turbWETntu0: Turbidity, WET Labs ECO [NTU]
# name 11 = prdM: Pressure, Strain Gauge [db]
# name 12 = prdE: Pressure, Strain Gauge [psi]
# name 13 = tv290C: Temperature [ITS-90, deg C]
# name 14 = flag:  0.000e+00
# span 0 =     -0.626,      8.548       
# span 1 =     -0.363,      0.159       
# span 2 =     5.8392,    10.9608       
# span 3 =     53.984,    101.075       
# span 4 =      4.550,     35.972       
# span 5 =   3.320716,  26.463988       
# span 6 =    -0.1005,     6.9659       
# span 7 =      6.210,      6.894       
# span 8 =   214.3883,   312.5058       
# span 9 = 1.2367e-01, 1.3179e+03       
# span 10 =     1.1781,   113.8765      
# span 11 =     -0.617,      8.383      
# span 12 =     -0.894,     12.159      
# span 13 =    11.3944,    11.8482      
# span 14 = 0.0000e+00, 0.0000e+00      
# interval = seconds: 0.25
# start_time = Nov 14 2023 11:44:15 [Instrument's time stamp, header]
# bad_flag = -9.990e-29
*END*
[from data line 97]
      0.209      0.003     6.9026     63.224     34.698  25.481512     4.1048      6.235   237.2141 3.0846e+01     9.8666      0.205      0.297    11.7168 0.0000e+00
      0.211      0.003     6.8801     63.201     34.680  25.469888     4.1137      6.236   237.5882 3.0522e+01     9.9352      0.207      0.300    11.7140 0.0000e+00
      0.211      0.003     6.8651     63.187     34.692  25.480286     4.0867      6.236   237.7782 3.0470e+01     9.9369      0.207      0.301    11.7117 0.0000e+00
      0.211      0.003     6.8597     63.160     34.690  25.480401     4.0198      6.238   237.7902 3.0773e+01     9.8879      0.206      0.299    11.7132 0.0000e+00
      0.212      0.003     6.8577     63.104     34.674  25.471271     3.9878      6.241   237.8183 3.0639e+01     9.8884      0.208      0.301    11.7169 0.0000e+00
      0.213      0.004     6.8529     63.010     34.705  25.496751     3.9990      6.242   237.9467 3.0739e+01     9.9428      0.209      0.304    11.7190 0.0000e+00
      0.213      0.006     6.8535     62.856     34.755  25.534801     4.0386      6.241   238.2241 3.1110e+01     9.9646      0.210      0.305    11.7199 0.0000e+00
      0.213      0.010     6.8506     62.658     34.775  25.550812     4.0929      6.241   238.5901 3.0690e+01     9.9126      0.209      0.304    11.7223 0.0000e+00
      0.215      0.012     6.8434     62.469     34.790  25.563507     4.1141      6.241   238.8442 3.0342e+01     9.8616      0.210      0.305    11.7269 0.0000e+00
      0.220      0.012     6.8341     62.278     34.783  25.561447     4.1120      6.241   238.9737 2.9814e+01     9.8943      0.215      0.311    11.7317 0.0000e+00
      0.226      0.011     6.8174     62.045     34.731  25.525922     4.1085      6.241   238.9523 2.8971e+01     9.9665      0.223      0.323    11.7333 0.0000e+00
      0.232      0.008     6.7915     61.787     34.712  25.514488     4.0893      6.243   238.9289 2.9101e+01     9.9832      0.228      0.332    11.7331 0.0000e+00
      0.234      0.003     6.7721     61.527     34.757  25.550043     4.0546      6.245   239.1211 2.9005e+01     9.9251      0.230      0.334    11.7358 0.0000e+00
      0.232     -0.003     6.7537     61.268     34.788  25.575295     4.0297      6.247   239.2971 2.8707e+01     9.8444      0.228      0.331    11.7408 0.0000e+00
      0.229     -0.008     6.7251     60.996     34.773  25.566136     4.0292      6.249   239.3371 2.9115e+01     9.8275      0.223      0.325    11.7460 0.0000e+00
      0.225     -0.011     6.6965     60.728     34.770  25.566143     4.0167      6.250   239.3466 2.9764e+01     9.8919      0.220      0.321    11.7502 0.0000e+00
      0.221     -0.011     6.6666     60.478     34.779  25.575387     3.9695      6.251   239.4114 3.0549e+01     9.9059      0.217      0.315    11.7528 0.0000e+00
      0.217     -0.010     6.6406     60.225     34.742  25.551070     3.9328      6.252   239.6039 3.0783e+01     9.8939      0.214      0.308    11.7552 0.0000e+00
      0.215     -0.009     6.6089     59.972     34.705  25.525806     3.9307      6.252   239.8674 3.0719e+01     9.9175      0.211      0.306    11.7583 0.0000e+00
      0.214     -0.007     6.5781     59.734     34.699  25.523604     3.9522      6.252   240.1022 3.0762e+01     9.9176      0.210      0.305    11.7617 0.0000e+00
      0.213     -0.006     6.5530     59.508     34.698  25.524445     3.9761      6.253   240.3783 3.0658e+01     9.8955      0.209      0.303    11.7657 0.0000e+00
      0.212     -0.004     6.5237     59.295     34.712  25.535976     3.9786      6.254   240.7107 3.0800e+01     9.8552      0.208      0.302    11.7694 0.0000e+00
      0.210     -0.003     6.4956     59.113     34.710  25.536182     3.9827      6.256   241.0227 3.0888e+01     9.8404      0.205      0.298    11.7722 0.0000e+00
      0.209     -0.002     6.4693     58.938     34.695  25.526947     4.0419      6.257   241.2259 3.0954e+01     9.8524      0.204      0.296    11.7749 0.0000e+00
      0.209     -0.001     6.4454     58.749     34.725  25.551152     4.1283      6.258   241.2749 3.1402e+01     9.8647      0.205      0.297    11.7775 0.0000e+00
      0.209     -0.000     6.4197     58.547     34.755  25.575167     4.1613      6.259   241.2709 3.1400e+01     9.8521      0.205      0.297    11.7795 0.0000e+00
      0.210      0.001     6.4017     58.332     34.736  25.563637     4.1593      6.260   241.2642 3.1024e+01     9.8023      0.206      0.298    11.7816 0.0000e+00
      0.210      0.001     6.3836     58.120     34.699  25.538583     4.1958      6.260   241.3655 3.0837e+01     9.8091      0.206      0.299    11.7844 0.0000e+00
      0.210      0.001     6.3611     57.902     34.679  25.525919     4.2611      6.261   241.5490 3.0710e+01     9.8996      0.206      0.299    11.7873 0.0000e+00
      0.211      0.001     6.3409     57.677     34.692  25.537355     4.2826      6.264   241.6762 3.0820e+01     9.9408      0.207      0.300    11.7904 0.0000e+00
      0.211      0.001     6.3142     57.477     34.707  25.550018     4.2724      6.266   241.8712 3.0811e+01     9.8635      0.207      0.301    11.7938 0.0000e+00
      0.211      0.001     6.2927     57.305     34.707  25.552190     4.2790      6.266   242.1860 3.0834e+01     9.8187      0.208      0.302    11.7974 0.0000e+00
      0.211      0.001     6.2687     57.130     34.721  25.563625     4.2798      6.266   242.4707 3.0954e+01     9.8777      0.207      0.300    11.8006 0.0000e+00
      0.211      0.001     6.2419     56.952     34.717  25.561443     4.2569      6.267   242.6471 3.0760e+01     9.9279      0.207      0.300    11.8034 0.0000e+00
      0.212      0.000     6.2194     56.796     34.667  25.525803     4.2272      6.268   242.7697 3.0761e+01     9.9128      0.208      0.302    11.8062 0.0000e+00
      0.214     -0.002     6.2029     56.648     34.648  25.513225     4.2038      6.269   242.9207 3.1054e+01     9.8660      0.210      0.304    11.8084 0.0000e+00
      0.214     -0.003     6.1837     56.501     34.677  25.536199     4.1656      6.270   243.1823 3.0916e+01     9.8743      0.211      0.305    11.8101 0.0000e+00
      0.212     -0.003     6.1615     56.349     34.695  25.549912     4.1060      6.272   243.5232 3.0965e+01     9.9109      0.208      0.302    11.8119 0.0000e+00
      0.208     -0.004     6.1467     56.194     34.698  25.552189     4.0658      6.274   243.7737 3.1278e+01     9.8987      0.204      0.295    11.8129 0.0000e+00
      0.207     -0.004     6.1302     56.054     34.713  25.563738     4.0457      6.275   243.8873 3.0958e+01     9.8977      0.202      0.293    11.8146 0.0000e+00
      0.208     -0.003     6.1140     55.914     34.712  25.562700     4.0217      6.276   243.8648 3.0818e+01     9.9331      0.203      0.295    11.8171 0.0000e+00
      0.208     -0.002     6.0984     55.758     34.681  25.539639     4.0000      6.278   243.8458 3.1087e+01     9.9846      0.205      0.297    11.8181 0.0000e+00
      0.207      0.000     6.0792     55.597     34.679  25.538592     3.9918      6.279   243.9149 3.0836e+01     9.9745      0.203      0.294    11.8183 0.0000e+00
      0.206 8.2636e-08     6.0654     55.452     34.695  25.550037     3.9880      6.279   243.9264 3.0322e+01     9.8789      0.200      0.290    11.8177 0.0000e+00
      0.206 9.0899e-07     6.0519     55.347     34.698  25.551180     3.9796      6.279   243.9846 3.0074e+01     9.8530      0.201      0.291    11.8179 0.0000e+00
      0.208      0.000     6.0328     55.254     34.701  25.552410     3.9655      6.279   244.0163 3.0079e+01     9.9011      0.204      0.296    11.8191 0.0000e+00
      0.209      0.000     6.0162     55.144     34.718  25.564903     3.9505      6.279   243.8796 3.0352e+01     9.9141      0.207      0.300    11.8185 0.0000e+00
      0.208      0.001     5.9975     55.034     34.733  25.575396     3.9390      6.279   243.7939 3.1174e+01     9.8741      0.205      0.297    11.8179 0.0000e+00
      0.205      0.003     5.9889     54.941     34.701  25.552439     3.9275      6.280   243.9264 3.2292e+01     9.8265      0.200      0.289    11.8169 0.0000e+00
      0.205      0.006     5.9809     54.854     34.685  25.541014     3.9688      6.280   244.1055 3.2875e+01     9.8511      0.201      0.289    11.8151 0.0000e+00
      0.207      0.010     5.9673     54.774     34.715  25.564085     4.0630      6.280   244.0666 3.3351e+01     9.9322      0.203      0.294    11.8150 0.0000e+00
      0.211      0.014     5.9546     54.729     34.734  25.577721     4.1017      6.280   243.9725 3.3251e+01     9.9525      0.206      0.298    11.8143 0.0000e+00
      0.218      0.016     5.9453     54.673     34.737  25.579056     4.0874      6.281   244.0005 3.2820e+01     9.8923      0.213      0.308    11.8142 0.0000e+00
      0.224      0.016     5.9367     54.555     34.739  25.580217     4.0568      6.280   244.1470 3.3194e+01     9.8527      0.222      0.321    11.8158 0.0000e+00
      0.228      0.017     5.9241     54.421     34.757  25.591756     4.0140      6.280   244.4526 3.3184e+01     9.8837      0.225      0.326    11.8173 0.0000e+00
      0.228      0.017     5.9227     54.335     34.760  25.591739     4.0025      6.280   244.8562 3.3174e+01     9.9601      0.224      0.324    11.8170 0.0000e+00
      0.231      0.016     5.9204     54.326     34.745  25.580000     4.0013      6.280   245.1555 3.3210e+01     9.9902      0.225      0.326    11.8155 0.0000e+00
      0.238      0.014     5.9038     54.342     34.739  25.576665     3.9748      6.281   245.2317 3.2343e+01     9.9408      0.232      0.336    11.8158 0.0000e+00
      0.245      0.012     5.8873     54.282     34.704  25.551420     3.9481      6.282   245.3473 3.1912e+01     9.9097      0.241      0.350    11.8135 0.0000e+00
      0.250      0.011     5.8774     54.196     34.671  25.528434     3.9375      6.282   245.6072 3.1827e+01     9.9209      0.246      0.357    11.8083 0.0000e+00
      0.250      0.010     5.8772     54.187     34.703  25.552429     3.9375      6.283   245.8789 3.1514e+01     9.9404      0.246      0.356    11.8076 0.0000e+00
      0.248      0.008     5.8868     54.205     34.752  25.587860     3.9647      6.284   246.1377 3.1589e+01     9.9403      0.243      0.352    11.8098 0.0000e+00
      0.248      0.006     5.8772     54.196     34.737  25.576315     4.0090      6.284   246.2411 3.1604e+01     9.9202      0.242      0.351    11.8112 0.0000e+00
      0.252      0.006     5.8585     54.160     34.687  25.539670     4.0398      6.286   246.3553 3.1454e+01     9.9357      0.247      0.358    11.8128 0.0000e+00
      0.256      0.008     5.8644     54.085     34.668  25.525314     4.0540      6.288   246.6575 3.1728e+01     9.9222      0.253      0.367    11.8131 0.0000e+00
      0.257      0.010     5.8681     54.015     34.675  25.529567     4.0643      6.289   246.7975 3.1937e+01     9.8592      0.252      0.367    11.8119 0.0000e+00
      0.256      0.007     5.8647     53.985     34.759  25.591093     4.0896      6.289   246.4126 3.1597e+01     9.8921      0.250      0.362    11.8110 0.0000e+00
      0.260     -0.007     5.8645     53.984     34.903  25.698443     4.1097      6.289   245.7045 3.1018e+01     9.9791      0.254      0.369    11.8115 0.0000e+00
      0.265     -0.037     5.8525     53.997     34.965  25.749400     4.1081      6.287   245.3760 3.0285e+01     9.9884      0.260      0.379    11.8109 0.0000e+00
      0.268     -0.080     5.8438     54.070     34.885  25.699851     4.0952      6.285   245.6241 3.0358e+01     9.9369      0.266      0.386    11.8092 0.0000e+00
      0.257     -0.124     5.8422     54.438     34.748  25.606727     4.0041      6.283   247.0698 3.2156e+01     9.8684      0.265      0.383    11.8095 0.0000e+00
      0.216     -0.156     5.8417     55.442     34.706  25.574749     3.8464      6.282   251.8437 3.7886e+01     9.8764      0.228      0.330    11.8085 0.0000e+00
      0.141     -0.173     5.8437     57.275     34.797  25.630312     3.7701      6.282   257.2282 5.1376e+01     9.9662      0.142      0.206    11.8152 0.0000e+00
      0.059     -0.171     5.8392     59.829     34.923  25.707739     3.7635      6.282   259.2591 6.3682e+01     9.9976      0.042      0.061    11.8329 0.0000e+00
      0.008     -0.149     5.8612     62.771     35.000  25.749854     3.7086      6.283   260.3091 6.3359e+01     9.9488     -0.007     -0.009    11.8475 0.0000e+00
     -0.011     -0.110     5.9609     65.694     35.025  25.758985     3.6136      6.286   261.0618 5.9308e+01     9.8886     -0.011     -0.016    11.8482 0.0000e+00
     -0.021     -0.066     6.1670     68.226     35.022  25.754713     3.5730      6.289   260.5295 6.0532e+01     9.9178     -0.020     -0.030    11.8282 0.0000e+00
     -0.027     -0.029     6.4616     70.155     35.025  25.761627     3.5996      6.292   257.0569 6.2997e+01     9.9944     -0.028     -0.041    11.8021 0.0000e+00
     -0.029     -0.011     6.7984     71.390     35.039  25.779164     3.6945      6.293   250.7378 6.3282e+01     9.9611     -0.029     -0.043    11.7809 0.0000e+00
     -0.028     -0.012     7.1344     71.905     34.939  25.713071     3.8382      6.293   248.1391 6.2766e+01     9.8908     -0.030     -0.042    11.7655 0.0000e+00
     -0.023     -0.027     7.4148     71.778     34.693  25.533290     3.9223      6.294   251.3613 6.2618e+01     9.8960     -0.024     -0.034    11.7634 0.0000e+00
     -0.018     -0.047     7.6267     71.419     34.509  25.381198     3.9285      6.296   255.8846 6.5406e+01     9.9213     -0.014     -0.021    11.7712 0.0000e+00
     -0.026     -0.065     7.7572     71.346     34.492  25.332773     3.8224      6.297   255.7657 7.7221e+01     9.8903     -0.015     -0.021    11.7826 0.0000e+00
     -0.058     -0.075     7.8136     71.821     34.533  25.328261     3.6289      6.298   250.5266 9.4856e+01     9.8274     -0.050     -0.072    11.7946 0.0000e+00
     -0.104     -0.075     7.7802     73.004     34.562  25.326606     3.5200      6.299   246.9156 1.0585e+02     9.8442     -0.109     -0.159    11.8072 0.0000e+00
     -0.137     -0.063     7.7164     74.811     34.560  25.312734     3.5130      6.300   246.2621 1.0500e+02     9.9228     -0.144     -0.210    11.7857 0.0000e+00
     -0.147     -0.039     7.7204     76.914     34.534  25.287364     3.5194      6.302   246.0680 9.8816e+01     9.9237     -0.147     -0.213    11.7173 0.0000e+00
     -0.146     -0.013     7.7690     79.001     34.519  25.273528     3.5058      6.303   247.6658 9.5041e+01     9.8557     -0.145     -0.210    11.6604 0.0000e+00
     -0.136      0.006     7.9068     80.834     34.521  25.272270     3.4902      6.306   252.8464 9.4710e+01     9.8170     -0.136     -0.197    11.6321 0.0000e+00
     -0.121      0.011     8.1228     82.228     34.524  25.272157     3.4883      6.308   258.4602 9.7532e+01     9.8325     -0.118     -0.171    11.6162 0.0000e+00
     -0.112     -0.000     8.3639     83.149     34.526  25.272156     3.4913      6.311   261.3363 1.0327e+02     9.8722     -0.104     -0.150    11.6085 0.0000e+00
     -0.114     -0.029     8.5997     83.569     34.527  25.272260     3.4854      6.316   262.5840 1.0687e+02     9.8869     -0.110     -0.158    11.6039 0.0000e+00
     -0.121     -0.070     8.8090     83.410     34.529  25.273413     3.4663      6.321   262.5333 1.0728e+02     9.8744     -0.121     -0.174    11.6011 0.0000e+00
     -0.133     -0.115     8.9614     82.931     34.545  25.286095     3.4608      6.326   262.1005 1.2293e+02     9.8916     -0.123     -0.179    11.5983 0.0000e+00
     -0.165     -0.146     9.0572     82.439     34.561  25.298770     3.4685      6.328   262.0825 2.9843e+02     9.9576     -0.150     -0.219    11.5957 0.0000e+00
