Data/DataNotYetUploadedToEDI/Raw_CTD/RawDownloads/111423_fcr50_S7809004.cnv
* Sea-Bird SBE19plus  Data File:
* FileName = C:\R\Reservoirs\Data\DataNotYetUploadedToEDI\Raw_CTD\RawDownloads\110623_bvr50_S7809_0004.hex
* Software version 2.8.0.119
* Temperature SN = 7809
* Conductivity SN = 7809
* System UpLoad Time = Nov 14 2023 16:56:57
* <ApplicationData>
* <Seaterm232>
# nquan = 15
# nvalues = 3322                        
# units = specified
# name 0 = depFM: Depth [fresh water, m]
# name 1 = dz/dtM: Descent Rate [m/s]
# name 2 = sbeox0Mg/L: Oxygen, SBE 43 [mg/l]
# name 3 = sbeox0PS: Oxygen, SBE 43 [% saturation]
# name 4 = specc: Specific Conductance [uS/cm]
# name 5 = c0uS/cm: Conductivity [uS/cm]
# name 6 = flECO-AFL: Fluorescence, WET Labs ECO-AFL/FL [mg/m^3]
# name 7 = ph: pH
# name 8 = orp: Oxidation Reduction Potential [mV]
# name 9 = par/sat/log: PAR/Logarithmic, Satlantic
# name 10 = turbWETntu0: Turbidity, WET Labs ECO [NTU]
# name 11 = prdM: Pressure, Strain Gauge [db]
# name 12 = prdE: Pressure, Strain Gauge [psi]
# name 13 = tv290C: Temperature [ITS-90, deg C]
# name 14 = flag:  0.000e+00
# span 0 =     -0.555,      9.576       
# span 1 =     -0.360,      0.259       
# span 2 =     6.4453,    10.8220       
# span 3 =     59.691,    100.254       
# span 4 =      0.364,     52.084       
# span 5 =   0.287616,  37.865256       
# span 6 =    -0.1089,    23.8267       
# span 7 =      0.809,      7.362       
# span 8 =  -607.2292,  1239.7141       
# span 9 = 1.2365e-01, 6.4572e+02       
# span 10 =    -0.2769,   193.3770      
# span 11 =     -0.544,      9.393      
# span 12 =     -0.790,     13.623      
# span 13 =    11.3380,    14.4702      
# span 14 = 0.0000e+00, 0.0000e+00      
# interval = seconds: 0.25
# start_time = Nov 14 2023 13:42:43 [Instrument's time stamp, header]
# bad_flag = -9.990e-29
*END*
[from data line 2796]
      8.614      0.099     9.9475     90.688     45.105  32.784094    18.8899      6.917   331.2210 1.2382e-01     7.2453      8.447     12.251    11.3397 0.0000e+00
      8.654      0.097     9.9495     90.621     45.073  32.760495    19.3977      6.918   331.7260 1.2392e-01     7.5109      8.491     12.315    11.3398 0.0000e+00
      8.683      0.086     9.9419     90.548     45.061  32.751607    19.4366      6.919   333.0450 1.2395e-01     7.5315      8.520     12.359    11.3395 0.0000e+00
      8.698      0.068     9.9273     90.473     45.046  32.740073    19.4098      6.919   333.6599 1.2389e-01     7.3245      8.534     12.377    11.3390 0.0000e+00
      8.705      0.049     9.9212     90.388     45.056  32.747920    19.3743      6.920   333.6546 1.2378e-01     7.0229      8.536     12.380    11.3386 0.0000e+00
      8.710      0.034     9.9145     90.289     45.104  32.783044    19.3478      6.921   333.4971 1.2373e-01     6.8566      8.539     12.385    11.3385 0.0000e+00
      8.717      0.027     9.9055     90.220     45.105  32.784098    19.3308      6.922   333.0465 1.2376e-01     6.7826      8.548     12.398    11.3386 0.0000e+00
      8.724      0.027     9.8980     90.193     45.074  32.760664    19.3105      6.922   332.9376 1.2376e-01     6.7778      8.558     12.412    11.3388 0.0000e+00
      8.729      0.032     9.8899     90.178     45.064  32.753480    19.2189      6.922   333.3856 1.2378e-01     6.8327      8.561     12.417    11.3387 0.0000e+00
      8.734      0.035     9.8758     90.167     45.074  32.760680    19.0715      6.922   333.7308 1.2384e-01     6.8653      8.564     12.420    11.3385 0.0000e+00
      8.743      0.037     9.8679     90.171     45.106  32.784269    19.0105      6.922   333.8419 1.2381e-01     6.8298      8.572     12.433    11.3386 0.0000e+00
      8.757      0.038     9.8669     90.181     45.107  32.784931    19.0388      6.923   333.9553 1.2375e-01     6.7798      8.587     12.455    11.3386 0.0000e+00
      8.771      0.040     9.8654     90.190     45.085  32.768684    19.3062      6.925   333.9826 1.2374e-01     6.7055      8.605     12.480    11.3386 0.0000e+00
      8.781      0.043     9.8634     90.218     45.098  32.778140    19.8125      6.925   333.3118 1.2376e-01     6.5458      8.613     12.492    11.3387 0.0000e+00
      8.787      0.046     9.8640     90.266     45.090  32.772386    20.0995      6.925   332.2121 1.2381e-01     6.4204      8.617     12.498    11.3385 0.0000e+00
      8.795      0.049     9.8668     90.293     45.077  32.762554    20.1385      6.926   331.8718 1.2391e-01     6.3854      8.623     12.507    11.3384 0.0000e+00
      8.808      0.053     9.8653     90.266     45.109  32.786151    20.1921      6.927   332.2940 1.2395e-01     6.4635      8.635     12.525    11.3384 0.0000e+00
      8.826      0.059     9.8690     90.208     45.134  32.803926    20.2825      6.928   332.8427 1.2395e-01     6.6816      8.656     12.554    11.3382 0.0000e+00
      8.846      0.065     9.8757     90.148     45.111  32.787131    20.3487      6.928   332.9995 1.2392e-01     6.8705      8.677     12.586    11.3382 0.0000e+00
      8.863      0.069     9.8816     90.093     45.091  32.773420    20.3848      6.927   332.2971 1.2382e-01     6.9368      8.693     12.608    11.3382 0.0000e+00
      8.878      0.067     9.8764     90.069     45.079  32.765031    20.5364      6.927   331.0609 1.2376e-01     7.1756      8.704     12.624    11.3380 0.0000e+00
      8.897      0.061     9.8681     90.085     45.057  32.749131    20.8089      6.927   330.3565 1.2379e-01     7.6741      8.722     12.651    11.3382 0.0000e+00
      8.918      0.052     9.8632     90.139     45.088  32.771514    20.9652      6.927   330.4054 1.2379e-01     8.0118      8.747     12.687    11.3384 0.0000e+00
      8.934      0.045     9.8544     90.216     45.102  32.781899    20.9857      6.927   330.7058 1.2379e-01     8.0816      8.765     12.713    11.3385 0.0000e+00
      8.941      0.036     9.8519     90.293     45.055  32.747799    20.9745      6.927   330.9765 1.2378e-01     8.0394      8.770     12.720    11.3389 0.0000e+00
      8.943      0.027     9.8539     90.365     45.044  32.739878    20.8800      6.928   331.1840 1.2375e-01     7.9113      8.768     12.718    11.3391 0.0000e+00
      8.947      0.021     9.8596     90.430     45.057  32.749565    20.7252      6.928   331.1493 1.2373e-01     7.7632      8.772     12.723    11.3392 0.0000e+00
      8.952      0.020     9.8702     90.490     45.041  32.738030    20.6512      6.928   330.7291 1.2378e-01     7.7170      8.781     12.734    11.3392 0.0000e+00
      8.956      0.025     9.8776     90.516     45.026  32.727305    20.6503      6.928   330.4921 1.2383e-01     7.7633      8.784     12.740    11.3392 0.0000e+00
      8.960      0.032     9.8865     90.481     45.053  32.746765    20.5226      6.928   330.5204 1.2385e-01     7.8099      8.784     12.740    11.3394 0.0000e+00
      8.968      0.041     9.8926     90.423     45.103  32.782996    20.2647      6.928   330.4688 1.2381e-01     7.8706      8.793     12.753    11.3394 0.0000e+00
      8.981      0.049     9.9001     90.370     45.105  32.784717    20.1208      6.929   330.9873 1.2381e-01     7.9506      8.808     12.774    11.3394 0.0000e+00
      8.996      0.054     9.9064     90.295     45.082  32.767570    20.1147      6.930   331.9708 1.2382e-01     8.0264      8.820     12.793    11.3393 0.0000e+00
      9.013      0.055     9.8986     90.175     45.080  32.765998    20.1405      6.930   332.3793 1.2383e-01     8.0702      8.837     12.817    11.3393 0.0000e+00
      9.033      0.051     9.8914     90.057     45.080  32.765708    20.1669      6.930   332.1414 1.2387e-01     8.0357      8.860     12.850    11.3394 0.0000e+00
      9.049      0.042     9.8868     90.010     45.078  32.764070    20.1673      6.930   331.5890 1.2385e-01     7.9846      8.877     12.876    11.3393 0.0000e+00
      9.058      0.031     9.8807     90.023     45.053  32.746194    20.1454      6.930   331.2933 1.2386e-01     7.9986      8.884     12.885    11.3393 0.0000e+00
      9.061      0.021     9.8656     90.058     45.044  32.739903    19.8689      6.931   332.0081 1.2390e-01     8.0003      8.885     12.887    11.3393 0.0000e+00
      9.063      0.016     9.8478     90.091     45.060  32.751439    19.3379      6.931   333.3485 1.2390e-01     7.9365      8.888     12.891    11.3393 0.0000e+00
      9.064      0.018     9.8447     90.101     45.070  32.758794    19.0438      6.932   333.9917 1.2393e-01     7.8420      8.890     12.893    11.3395 0.0000e+00
      9.063      0.027     9.8477     90.073     45.079  32.765381    19.0248      6.932   333.7619 1.2388e-01     7.7470      8.886     12.889    11.3396 0.0000e+00
      9.066      0.038     9.8520     90.000     45.082  32.767642    19.1841      6.931   333.4087 1.2383e-01     7.8117      8.886     12.888    11.3395 0.0000e+00
      9.078      0.047     9.8570     89.910     45.107  32.786131    19.4965      6.929   333.3350 1.2383e-01     7.9753      8.897     12.905    11.3396 0.0000e+00
      9.099      0.052     9.8579     89.856     45.125  32.798602    19.6727      6.930   333.3874 1.2387e-01     8.0183      8.923     12.941    11.3395 0.0000e+00
      9.124      0.055     9.8559     89.835     45.115  32.791548    19.6826      6.931   333.4399 1.2386e-01     7.9898      8.951     12.981    11.3396 0.0000e+00
      9.141      0.056     9.8471     89.856     45.077  32.764283    19.6330      6.930   333.6252 1.2381e-01     7.8697      8.968     13.008    11.3398 0.0000e+00
      9.148      0.052     9.8331     89.962     45.020  32.722715    19.5136      6.929   333.8212 1.2378e-01     7.6929      8.973     13.013    11.3399 0.0000e+00
      9.151      0.045     9.8289     90.095     45.034  32.733040    19.3877      6.928   334.0037 1.2372e-01     7.5945      8.970     13.009    11.3398 0.0000e+00
      9.163      0.039     9.8275     90.169     45.074  32.762236    19.3347      6.928   334.0240 1.2370e-01     7.5336      8.981     13.026    11.3399 0.0000e+00
      9.181      0.039     9.8244     90.194     45.069  32.758509    19.3299      6.928   333.2061 1.2380e-01     7.5036      9.007     13.063    11.3400 0.0000e+00
      9.193      0.042     9.8399     90.183     45.059  32.751429    19.4217      6.928   331.9441 1.2385e-01     7.6076      9.020     13.082    11.3400 0.0000e+00
      9.196      0.044     9.8604     90.147     45.044  32.740079    19.6123      6.928   331.7578 1.2380e-01     7.7659      9.015     13.075    11.3400 0.0000e+00
      9.203      0.044     9.8653     90.108     45.055  32.748155    19.7205      6.927   332.2443 1.2375e-01     7.7777      9.019     13.082    11.3400 0.0000e+00
      9.218      0.044     9.8682     90.045     45.107  32.785634    19.7390      6.927   332.4055 1.2375e-01     7.7502      9.041     13.113    11.3399 0.0000e+00
      9.235      0.046     9.8675     89.946     45.144  32.812584    19.8608      6.927   332.0715 1.2377e-01     7.7751      9.058     13.138    11.3400 0.0000e+00
      9.247      0.049     9.8607     89.863     45.154  32.820228    20.0865      6.928   331.1322 1.2378e-01     7.7715      9.069     13.153    11.3399 0.0000e+00
      9.258      0.049     9.8586     89.832     45.145  32.814617    20.2130      6.929   330.4264 1.2382e-01     7.7745      9.078     13.167    11.3397 0.0000e+00
      9.269      0.046     9.8534     89.837     45.135  32.808180    20.2414      6.929   330.2488 1.2384e-01     7.7774      9.090     13.183    11.3396 0.0000e+00
      9.281      0.043     9.8386     89.876     45.131  32.805840    20.2633      6.929   330.1043 1.2382e-01     7.7389      9.101     13.200    11.3395 0.0000e+00
      9.294      0.041     9.8278     89.953     45.103  32.786326    20.2783      6.929   330.2276 1.2381e-01     7.7181      9.114     13.219    11.3402 0.0000e+00
      9.305      0.040     9.8264     90.080     45.070  32.762569    20.2888      6.929   330.6209 1.2380e-01     7.7659      9.127     13.237    11.3412 0.0000e+00
      9.313      0.040     9.8255     90.243     45.084  32.772373    20.2908      6.930   330.5579 1.2384e-01     7.8729      9.134     13.248    11.3421 0.0000e+00
      9.320      0.041     9.8304     90.430     45.092  32.777971    20.3030      6.930   330.0676 1.2388e-01     8.6700      9.139     13.255    11.3430 0.0000e+00
      9.328      0.043     9.8374     90.666     45.077  32.766807    20.3276      6.931   329.6834 1.2383e-01    10.1280      9.146     13.266    11.3433 0.0000e+00
      9.341      0.046     9.8517     90.903     45.074  32.764284    20.3386      6.931   329.3533 1.2378e-01    10.9480      9.159     13.284    11.3437 0.0000e+00
      9.356      0.050     9.8721     91.078     45.051  32.747464    20.3365      6.931   329.0888 1.2380e-01    11.2073      9.175     13.308    11.3434 0.0000e+00
      9.370      0.051     9.8884     91.211     45.060  32.753760    20.3350      6.931   329.6683 1.2384e-01    12.6142      9.189     13.328    11.3428 0.0000e+00
      9.383      0.050     9.9177     91.315     45.092  32.776973    20.3287      6.931   330.7676 1.2384e-01    15.0454      9.202     13.345    11.3423 0.0000e+00
      9.398      0.046     9.9480     91.356     45.090  32.774352    20.3106      6.931   331.0230 1.2384e-01    16.3500      9.217     13.367    11.3419 0.0000e+00
      9.410      0.042     9.9641     91.324     45.105  32.785515    20.2906      6.931   330.7771 1.2382e-01    16.8423      9.230     13.387    11.3419 0.0000e+00
      9.419      0.040     9.9781     91.249     45.105  32.785062    20.2368      6.931   330.3760 1.2378e-01    20.9631      9.238     13.398    11.3420 0.0000e+00
      9.426      0.039     9.9918     91.177     45.083  32.768867    19.6358      6.931   329.7863 1.2380e-01    65.3546      9.243     13.405    11.3415 0.0000e+00
      9.434      0.039     9.9971     91.130     45.097  32.780031    18.5329      6.931   330.2731 1.2386e-01   146.6356      9.250     13.415    11.3408 0.0000e+00
      9.444      0.039     9.9923     91.095     45.114  32.793159    17.9143      6.931   331.7018 1.2390e-01   190.8327      9.260     13.430    11.3400 0.0000e+00
      9.456      0.039     9.9822     91.082     45.124  32.800713    17.4747      6.932   332.4338 1.2388e-01   193.3770      9.273     13.450    11.3397 0.0000e+00
      9.469      0.038     9.9724     91.060     45.134  32.807925    13.1841      6.932   332.3255 1.2381e-01   177.2963      9.287     13.470    11.3399 0.0000e+00
      9.479      0.035     9.9698     90.984     45.147  32.816924     5.3306      6.932   331.9417 1.2373e-01   147.0451      9.297     13.484    11.3410 0.0000e+00
      9.486      0.032     9.9635     90.923     45.273  32.909511     1.0303      6.933   331.5802 1.2369e-01   130.1975      9.303     13.493    11.3420 0.0000e+00
      9.492      0.028     9.9626     90.919     46.148  33.546735     0.6248      6.933   331.3958 1.2369e-01   125.9444      9.308     13.500    11.3423 0.0000e+00
      9.498      0.024     9.9662     90.909     47.538  34.557618     0.4356      6.933   331.5185 1.2372e-01    96.3380      9.314     13.509    11.3424 0.0000e+00
      9.506      0.021     9.9509     90.851     48.993  35.615109     0.1238      6.933   331.9452 1.2377e-01    42.3273      9.322     13.520    11.3423 0.0000e+00
      9.512      0.018     9.9427     90.784     50.294  36.561362    -0.0567      6.933   332.1670 1.2380e-01    12.8303      9.329     13.530    11.3427 0.0000e+00
      9.516      0.015     9.9457     90.721     50.095  36.417295    -0.0903      6.933   332.1358 1.2387e-01    10.0288      9.333     13.537    11.3437 0.0000e+00
      9.519      0.012     9.9475     90.622     49.040  35.650125    -0.0994      6.933   332.1693 1.2392e-01     8.8653      9.334     13.539    11.3443 0.0000e+00
      9.520      0.009     9.9371     90.428     48.270  35.090381    -0.0838      6.934   331.5402 1.2385e-01     7.1655      9.336     13.540    11.3448 0.0000e+00
      9.522      0.007     9.9289     90.073     47.419  34.471692    -0.0679      6.934   330.3794 1.2377e-01     6.2489      9.338     13.543    11.3451 0.0000e+00
      9.524      0.006     9.9254     89.555     47.216  34.324095    -0.0735      6.934   330.0944 1.2381e-01     6.1173      9.340     13.546    11.3451 0.0000e+00
      9.526      0.006     9.9141     88.853     48.260  35.082326    -0.0926      6.934   330.2439 1.2390e-01     5.9160      9.342     13.549    11.3450 0.0000e+00
      9.526      0.006     9.9003     87.977     49.557  36.025511    -0.0911      6.935   330.4670 1.2388e-01     5.6263      9.342     13.550    11.3450 0.0000e+00
      9.527      0.007     9.8564     87.011     50.247  36.527766    -0.0649      6.935   330.9849 1.2383e-01     5.4151      9.342     13.550    11.3452 0.0000e+00
      9.528      0.009     9.8036     86.034     50.589  36.776828    -0.0579      6.935   330.4833 1.2383e-01     5.3445      9.345     13.552    11.3451 0.0000e+00
      9.531      0.010     9.7274     85.118     51.079  37.133265    -0.0819      6.935   329.0492 1.2380e-01     5.3188      9.347     13.556    11.3447 0.0000e+00
      9.535      0.011     9.6251     84.238     51.722  37.601163    -0.0974      6.935   328.3574 1.2371e-01     4.9676      9.351     13.563    11.3449 0.0000e+00
      9.539      0.011     9.5193     83.315     52.084  37.865256    -0.0860      6.935   328.5716 1.2365e-01     4.3429      9.355     13.568    11.3457 0.0000e+00
      9.541      0.010     9.4057     82.324     51.978  37.788101    -0.0784      6.935   329.0578 1.2368e-01     4.0169      9.357     13.571    11.3462 0.0000e+00
