Data/DataNotYetUploadedToEDI/Raw_CTD/RawDownloads/111423_bvr50_S7809003.cnv
* Sea-Bird SBE19plus  Data File:
* FileName = C:\R\Reservoirs\Data\DataNotYetUploadedToEDI\Raw_CTD\RawDownloads\110623_bvr50_S7809_0003.hex
* Software version 2.8.0.119
* Temperature SN = 7809
* Conductivity SN = 7809
* System UpLoad Time = Nov 14 2023 16:55:34
* <ApplicationData>
* <Seaterm232>
# nquan = 15
# nvalues = 1952                        
# units = specified
# name 0 = depFM: Depth [fresh water, m]
# name 1 = dz/dtM: Descent Rate [m/s]
# name 2 = sbeox0Mg/L: Oxygen, SBE 43 [mg/l]
# name 3 = sbeox0PS: Oxygen, SBE 43 [% saturation]
# name 4 = specc: Specific Conductance [uS/cm]
# name 5 = c0uS/cm: Conductivity [uS/cm]
# name 6 = flECO-AFL: Fluorescence, WET Labs ECO-AFL/FL [mg/m^3]
# name 7 = ph: pH
# name 8 = orp: Oxidation Reduction Potential [mV]
# name 9 = par/sat/log: PAR/Logarithmic, Satlantic
# name 10 = turbWETntu0: Turbidity, WET Labs ECO [NTU]
# name 11 = prdM: Pressure, Strain Gauge [db]
# name 12 = prdE: Pressure, Strain Gauge [psi]
# name 13 = tv290C: Temperature [ITS-90, deg C]
# name 14 = flag:  0.000e+00
# span 0 =     -0.626,      8.548       
# span 1 =     -0.363,      0.159       
# span 2 =     5.8392,    10.9608       
# span 3 =     53.984,    101.075       
# span 4 =      4.550,     35.972       
# span 5 =   3.320716,  26.463988       
# span 6 =    -0.1005,     6.9659       
# span 7 =      6.210,      6.894       
# span 8 =   214.3883,   312.5058       
# span 9 = 1.2367e-01, 1.3179e+03       
# span 10 =     1.1781,   113.8765      
# span 11 =     -0.617,      8.383      
# span 12 =     -0.894,     12.159      
# span 13 =    11.3944,    11.8482      
# span 14 = 0.0000e+00, 0.0000e+00      
# interval = seconds: 0.25
# start_time = Nov 14 2023 11:44:15 [Instrument's time stamp, header]
# bad_flag = -9.990e-29
*END*
[from data line 193]
     -0.297     -0.144     9.0834     81.440     34.560  25.298883     3.5073      6.323   261.6141 1.0644e+03    10.0044     -0.297     -0.431    11.5950 0.0000e+00
     -0.355     -0.113     9.0146     80.978     34.544  25.287353     3.5074      6.322   261.3801 1.1889e+03     9.8979     -0.364     -0.528    11.5964 0.0000e+00
     -0.379     -0.067     8.9668     80.623     34.544  25.287249     3.5118      6.322   260.7762 1.2629e+03     9.8633     -0.383     -0.555    11.5977 0.0000e+00
     -0.374     -0.013     8.9135     80.345     34.559  25.297627     3.5438      6.320   259.7330 1.3179e+03     9.9274     -0.370     -0.537    11.5982 0.0000e+00
     -0.355      0.035     8.8557     80.085     34.543  25.285992     3.5701      6.316   259.0059 1.3089e+03     9.9209     -0.348     -0.506    11.5984 0.0000e+00
     -0.332      0.065     8.8004     79.752     34.527  25.273413     3.5706      6.314   258.6956 1.2117e+03     9.8538     -0.325     -0.472    11.5985 0.0000e+00
     -0.308      0.077     8.7663     79.369     34.526  25.272373     3.5671      6.315   258.3043 8.6604e+02     9.8675     -0.302     -0.438    11.5983 0.0000e+00
     -0.284      0.076     8.7356     79.066     34.528  25.273412     3.5771      6.316   257.6302 3.8791e+02     9.9499     -0.277     -0.402    11.5979 0.0000e+00
     -0.264      0.071     8.7134     78.847     34.546  25.285982     3.5921      6.316   256.9120 1.5196e+02     9.9624     -0.258     -0.375    11.5972 0.0000e+00
     -0.248      0.067     8.6786     78.719     34.562  25.297512     3.5909      6.317   256.5040 1.2590e+02     9.8820     -0.243     -0.352    11.5964 0.0000e+00
     -0.236      0.064     8.6250     78.714     34.546  25.285982     3.5786      6.318   256.4835 1.1862e+02     9.8320     -0.231     -0.335    11.5957 0.0000e+00
     -0.224      0.063     8.5975     78.782     34.528  25.273403     3.5938      6.318   256.6636 1.1237e+02     9.8705     -0.223     -0.322    11.5954 0.0000e+00
     -0.208      0.064     8.5727     78.880     34.527  25.272260     3.6326      6.318   256.6156 1.0884e+02     9.9375     -0.205     -0.297    11.5951 0.0000e+00
     -0.189      0.066     8.5548     78.984     34.527  25.272155     3.6562      6.319   254.4409 1.0594e+02     9.9236     -0.185     -0.269    11.5949 0.0000e+00
     -0.170      0.067     8.5592     79.044     34.528  25.272135     3.6553      6.319   250.5030 1.0234e+02     9.8391     -0.166     -0.240    11.5950 0.0000e+00
     -0.152      0.067     8.5673     79.059     34.528  25.272030     3.6382      6.319   250.3013 9.9680e+01     9.8042     -0.148     -0.216    11.5951 0.0000e+00
     -0.136      0.065     8.5782     79.069     34.528  25.270877     3.6325      6.320   252.0888 9.6788e+01     9.8435     -0.133     -0.193    11.5950 0.0000e+00
     -0.119      0.062     8.5925     79.076     34.511  25.258194     3.6441      6.320   251.2078 8.7381e+01     9.8708     -0.117     -0.169    11.5949 0.0000e+00
     -0.104      0.060     8.5998     79.074     34.494  25.245520     3.6367      6.321   250.7478 7.5119e+01     9.8605     -0.101     -0.146    11.5943 0.0000e+00
     -0.090      0.059     8.5979     79.089     34.493  25.244472     3.6187      6.323   252.5506 7.3372e+01     9.8564     -0.088     -0.127    11.5931 0.0000e+00
     -0.075      0.059     8.6003     79.115     34.495  25.245520     3.6101      6.325   255.4524 7.4733e+01     9.8886     -0.075     -0.108    11.5917 0.0000e+00
     -0.060      0.059     8.6025     79.155     34.512  25.258193     3.5996      6.326   257.1826 6.9487e+01     9.9421     -0.058     -0.084    11.5909 0.0000e+00
     -0.045      0.060     8.5994     79.225     34.530  25.270865     3.5824      6.328   257.2944 6.4692e+01     9.9569     -0.044     -0.063    11.5910 0.0000e+00
     -0.030      0.060     8.6024     79.303     34.531  25.271905     3.5772      6.330   257.2348 6.2375e+01     9.9309     -0.030     -0.043    11.5912 0.0000e+00
     -0.014      0.059     8.6055     79.375     34.530  25.270763     3.6696      6.331   256.1178 5.9592e+01     9.9359     -0.014     -0.020    11.5909 0.0000e+00
      0.002      0.057     8.6073     79.422     34.514  25.257051     3.8424      6.332   254.8880 5.7211e+01     9.9826      0.003      0.005    11.5907 0.0000e+00
      0.017      0.054     8.6179     79.414     34.484  25.232941     3.9435      6.333   255.7878 5.4512e+01     9.9827      0.017      0.025    11.5908 0.0000e+00
      0.031      0.049     8.6259     79.373     34.486  25.232931     3.9519      6.333   256.9300 5.0946e+01     9.9033      0.031      0.045    11.5902 0.0000e+00
      0.042      0.043     8.6344     79.315     34.520  25.256927     3.9275      6.335   256.9967 4.8656e+01     9.8078      0.042      0.061    11.5893 0.0000e+00
      0.053      0.037     8.6426     79.229     34.538  25.269401     3.9150      6.337   257.0248 4.6769e+01     9.8197      0.050      0.074    11.5874 0.0000e+00
      0.063      0.032     8.6404     79.148     34.522  25.256916     3.9254      6.338   257.0982 4.5570e+01     9.8757      0.064      0.091    11.5840 0.0000e+00
      0.070      0.028     8.6352     79.117     34.490  25.232806     3.9279      6.340   257.1099 4.6274e+01     9.8692      0.070      0.101    11.5814 0.0000e+00
      0.074      0.025     8.6314     79.157     34.490  25.231559     3.9043      6.342   257.5099 4.6754e+01     9.8781      0.072      0.105    11.5797 0.0000e+00
      0.079      0.022     8.6201     79.256     34.505  25.241844     3.8551      6.344   257.9771 4.6821e+01     9.9159      0.078      0.112    11.5787 0.0000e+00
      0.085      0.018     8.6093     79.350     34.490  25.230324     3.8164      6.346   257.5958 4.6626e+01     9.9499      0.084      0.120    11.5777 0.0000e+00
      0.092      0.014     8.6059     79.373     34.474  25.219107     3.8107      6.348   257.1158 4.6069e+01     9.9475      0.090      0.131    11.5766 0.0000e+00
      0.097      0.009     8.6097     79.293     34.492  25.233047     3.8113      6.350   256.9920 4.6021e+01     9.8875      0.097      0.140    11.5752 0.0000e+00
      0.099      0.004     8.6247     79.129     34.543  25.272042     3.7833      6.352   255.6686 4.6432e+01     9.8382      0.097      0.142    11.5738 0.0000e+00
      0.097      0.004     8.6376     78.922     34.593  25.310082     3.7373      6.352   253.0741 4.6127e+01     9.8647      0.095      0.138    11.5727 0.0000e+00
      0.093      0.010     8.6412     78.709     34.595  25.312472     3.7048      6.352   251.6063 4.6197e+01     9.8656      0.091      0.132    11.5732 0.0000e+00
      0.089      0.020     8.6314     78.544     34.579  25.300952     3.6978      6.351   251.6872 4.6699e+01     9.7808      0.087      0.126    11.5755 0.0000e+00
      0.091      0.030     8.6108     78.474     34.574  25.297627     3.7448      6.350   253.1926 4.4275e+01     9.7284      0.085      0.123    11.5775 0.0000e+00
      0.105      0.037     8.5875     78.497     34.539  25.272270     3.8231      6.352   255.0087 4.1968e+01     9.7780      0.099      0.143    11.5796 0.0000e+00
      0.127      0.041     8.5611     78.592     34.507  25.248038     3.8711      6.353   254.3736 4.1451e+01     9.8689      0.128      0.186    11.5815 0.0000e+00
      0.145      0.039     8.5408     78.751     34.523  25.258311     3.8834      6.353   252.6537 4.1248e+01     9.8713      0.146      0.211    11.5820 0.0000e+00
      0.154      0.032     8.5340     78.947     34.539  25.269642     3.8389      6.354   252.1106 4.2998e+01     9.8067      0.153      0.222    11.5821 0.0000e+00
      0.158      0.020     8.5372     79.125     34.524  25.258197     3.7574      6.356   253.5710 4.4014e+01     9.8393      0.156      0.226    11.5822 0.0000e+00
      0.158      0.009     8.5481     79.264     34.509  25.246769     3.7224      6.359   256.4590 4.3785e+01     9.9238      0.155      0.225    11.5813 0.0000e+00
      0.156      0.001     8.5659     79.383     34.524  25.258309     3.7149      6.362   258.1202 4.4631e+01     9.9405      0.153      0.223    11.5794 0.0000e+00
      0.155     -0.006     8.5912     79.471     34.540  25.270889     3.6585      6.363   258.2554 4.5150e+01     9.9045      0.150      0.218    11.5775 0.0000e+00
      0.155     -0.011     8.6114     79.482     34.540  25.272032     3.5652      6.363   256.9752 4.5356e+01     9.8633      0.152      0.219    11.5766 0.0000e+00
      0.155     -0.014     8.6246     79.408     34.539  25.272136     3.5193      6.364   254.6005 4.6077e+01     9.8867      0.154      0.224    11.5770 0.0000e+00
      0.150     -0.014     8.6379     79.293     34.537  25.272145     3.5282      6.367   253.2039 4.7786e+01     9.9143      0.149      0.217    11.5776 0.0000e+00
      0.140     -0.013     8.6497     79.152     34.535  25.272146     3.5388      6.368   252.9087 4.9656e+01     9.8549      0.136      0.198    11.5786 0.0000e+00
      0.132     -0.011     8.6519     79.009     34.533  25.272147     3.5979      6.368   253.0112 4.9963e+01     9.8187      0.128      0.184    11.5805 0.0000e+00
      0.131     -0.008     8.6389     78.902     34.533  25.272156     3.7189      6.370   254.5284 4.9311e+01     9.8523      0.127      0.185    11.5827 0.0000e+00
      0.134     -0.003     8.6277     78.845     34.533  25.272260     3.8032      6.373   257.3150 4.8659e+01     9.8853      0.132      0.192    11.5846 0.0000e+00
      0.137      0.000     8.6107     78.844     34.535  25.273404     3.8266      6.375   258.9123 4.8535e+01     9.8763      0.135      0.196    11.5867 0.0000e+00
      0.138      0.001     8.5923     78.905     34.552  25.285982     3.7935      6.376   259.1286 4.8786e+01     9.8450      0.136      0.197    11.5881 0.0000e+00
      0.137     -0.001     8.5812     79.022     34.568  25.297512     3.7351      6.377   259.2417 4.9173e+01     9.8826      0.134      0.194    11.5887 0.0000e+00
      0.135     -0.005     8.5740     79.162     34.553  25.285972     3.7193      6.380   259.3332 4.8829e+01     9.9217      0.132      0.192    11.5892 0.0000e+00
      0.135     -0.007     8.5742     79.323     34.535  25.273290     3.7275      6.383   259.3751 4.8390e+01     9.9081      0.132      0.192    11.5889 0.0000e+00
      0.133     -0.008     8.5798     79.498     34.531  25.271003     3.7437      6.384   259.3183 4.9447e+01     9.8881      0.131      0.191    11.5884 0.0000e+00
      0.130     -0.007     8.5960     79.643     34.514  25.258320     3.7729      6.385   259.1634 5.0062e+01     9.8513      0.127      0.185    11.5879 0.0000e+00
      0.126     -0.005     8.6102     79.711     34.498  25.246780     3.7969      6.385   259.1367 4.9808e+01     9.8718      0.122      0.178    11.5879 0.0000e+00
      0.124     -0.004     8.6272     79.659     34.513  25.258309     3.8096      6.386   259.3394 5.0702e+01     9.9315      0.120      0.174    11.5880 0.0000e+00
      0.124     -0.002     8.6494     79.489     34.531  25.270887     3.7943      6.388   259.5495 5.1186e+01     9.9248      0.121      0.175    11.5880 0.0000e+00
      0.126     -0.001     8.6658     79.281     34.531  25.272021     3.7615      6.388   259.5256 5.0047e+01     9.8923      0.125      0.180    11.5886 0.0000e+00
      0.127      0.000     8.6754     79.097     34.530  25.272021     3.7462      6.389   259.3090 4.9882e+01     9.8466      0.126      0.183    11.5891 0.0000e+00
      0.127      0.003     8.6710     78.966     34.528  25.270886     3.7506      6.390   259.1672 5.0460e+01     9.8170      0.124      0.180    11.5893 0.0000e+00
      0.125      0.006     8.6471     78.915     34.509  25.258299     3.7645      6.391   259.1879 5.0505e+01     9.8753      0.122      0.176    11.5895 0.0000e+00
      0.124      0.010     8.6223     78.965     34.493  25.246674     3.7637      6.391   259.3010 5.0377e+01     9.9029      0.120      0.175    11.5900 0.0000e+00
      0.127      0.012     8.6017     79.115     34.508  25.257165     3.7496      6.391   259.4160 4.9307e+01     9.8776      0.123      0.178    11.5914 0.0000e+00
      0.134      0.013     8.5854     79.326     34.510  25.258308     3.7525      6.393   259.4600 4.7797e+01     9.9105      0.132      0.191    11.5928 0.0000e+00
      0.142      0.012     8.5794     79.538     34.513  25.260501     3.7572      6.394   259.4027 4.6692e+01     9.9245      0.141      0.204    11.5940 0.0000e+00
      0.147      0.010     8.5840     79.701     34.545  25.283666     3.6987      6.394   259.3257 4.6361e+01     9.8770      0.145      0.211    11.5947 0.0000e+00
      0.147      0.006     8.6023     79.773     34.547  25.284724     3.5854      6.395   259.3890 4.7257e+01     9.8486      0.145      0.210    11.5943 0.0000e+00
      0.145      0.002     8.6282     79.759     34.531  25.273290     3.5186      6.396   259.4798 4.8007e+01     9.8537      0.143      0.207    11.5934 0.0000e+00
      0.143     -0.001     8.6525     79.688     34.530  25.272251     3.5245      6.397   259.5629 4.7984e+01     9.8704      0.139      0.203    11.5925 0.0000e+00
      0.142     -0.001     8.6730     79.568     34.530  25.272166     3.5896      6.398   259.6197 4.7904e+01     9.8795      0.138      0.201    11.5919 0.0000e+00
      0.143      0.000     8.6806     79.437     34.530  25.272261     3.6905      6.398   259.5642 4.7699e+01     9.8610      0.140      0.203    11.5919 0.0000e+00
      0.144      0.001     8.6762     79.322     34.532  25.273404     3.7537      6.398   259.5808 4.7589e+01     9.8855      0.142      0.206    11.5918 0.0000e+00
      0.145      0.003     8.6708     79.236     34.550  25.285983     3.7710      6.400   259.6483 4.7629e+01     9.9714      0.143      0.207    11.5914 0.0000e+00
      0.144      0.004     8.6541     79.188     34.567  25.297513     3.8248      6.402   259.6057 4.7305e+01    10.0115      0.142      0.206    11.5916 0.0000e+00
      0.144      0.005     8.6397     79.144     34.552  25.285983     3.9213      6.403   259.0652 4.6857e+01     9.9947      0.140      0.204    11.5920 0.0000e+00
      0.146      0.005     8.6271     79.077     34.536  25.273405     3.9643      6.403   258.7067 4.6641e+01     9.9395      0.143      0.207    11.5917 0.0000e+00
      0.150      0.006     8.6161     78.985     34.535  25.272271     3.9617      6.405   259.5727 4.6080e+01     9.8905      0.148      0.213    11.5906 0.0000e+00
      0.152      0.006     8.6141     78.889     34.536  25.272271     3.9230      6.407   260.3305 4.5859e+01     9.9144      0.150      0.217    11.5894 0.0000e+00
      0.153      0.006     8.6101     78.813     34.538  25.273405     3.8300      6.407   259.5227 4.5907e+01     9.9216      0.150      0.218    11.5883 0.0000e+00
      0.154      0.006     8.6033     78.745     34.556  25.285983     3.7615      6.407   257.8935 4.5597e+01     9.8741      0.151      0.219    11.5869 0.0000e+00
      0.156      0.006     8.5925     78.670     34.571  25.297514     3.7439      6.408   257.3238 4.5855e+01     9.8872      0.153      0.222    11.5859 0.0000e+00
      0.157      0.007     8.5805     78.619     34.555  25.285982     3.7834      6.409   258.3126 4.5865e+01     9.9430      0.154      0.224    11.5854 0.0000e+00
      0.157      0.010     8.5732     78.644     34.537  25.273394     3.8635      6.409   258.8351 4.5531e+01     9.9680      0.154      0.223    11.5845 0.0000e+00
      0.159      0.012     8.5677     78.760     34.536  25.272146     3.8970      6.410   257.7914 4.5123e+01     9.9512      0.154      0.224    11.5839 0.0000e+00
      0.164      0.013     8.5579     78.949     34.534  25.270899     3.8812      6.410   256.8787 4.4556e+01     9.8763      0.160      0.233    11.5845 0.0000e+00
      0.169      0.015     8.5489     79.160     34.517  25.258310     3.8642      6.410   256.7477 4.4087e+01     9.8138      0.168      0.243    11.5857 0.0000e+00
