Data/DataNotYetUploadedToEDI/Raw_CTD/RawDownloads/111622_bvr50_S7809004.cnv
* Sea-Bird SBE19plus  Data File:
* FileName = C:\R\Reservoirs\Data\DataNotYetUploadedToEDI\Raw_CTD\RawDownloads\110122_fcr50_S7809_0004.hex
* Software version 2.8.0.119
* Temperature SN = 7809
* Conductivity SN = 7809
* System UpLoad Time = Nov 18 2022 12:30:09
* <ApplicationData>
* <Seaterm232>
# nquan = 15
# nvalues = 2620                        
# units = specified
# name 0 = depFM: Depth [fresh water, m]
# name 1 = dz/dtM: Descent Rate [m/s]
# name 2 = sbeox0Mg/L: Oxygen, SBE 43 [mg/l]
# name 3 = sbeox0PS: Oxygen, SBE 43 [% saturation]
# name 4 = specc: Specific Conductance [uS/cm]
# name 5 = c0uS/cm: Conductivity [uS/cm]
# name 6 = flECO-AFL: Fluorescence, WET Labs ECO-AFL/FL [mg/m^3]
# name 7 = ph: pH
# name 8 = orp: Oxidation Reduction Potential [mV]
# name 9 = par/sat/log: PAR/Logarithmic, Satlantic
# name 10 = turbWETntu0: Turbidity, WET Labs ECO [NTU]
# name 11 = prdM: Pressure, Strain Gauge [db]
# name 12 = prdE: Pressure, Strain Gauge [psi]
# name 13 = tv290C: Temperature [ITS-90, deg C]
# name 14 = flag:  0.000e+00
# span 0 =     -0.742,      7.033       
# span 1 =     -0.212,      0.219       
# span 2 =     5.1127,     8.6918       
# span 3 =     45.180,     75.037       
# span 4 =      0.216,     37.387       
# span 5 =   0.139476,  26.153441       
# span 6 =    -0.1902,     2.6178       
# span 7 =     -2.937,      7.969       
# span 8 = -1240.7455,   916.6621       
# span 9 = 1.2362e-01, 4.0383e+02       
# span 10 =    -0.4265,    18.3933      
# span 11 =     -0.728,      6.898      
# span 12 =     -1.055,     10.004      
# span 13 =     7.1906,    10.0218      
# span 14 = 0.0000e+00, 0.0000e+00      
# interval = seconds: 0.25
# start_time = Nov 16 2022 08:41:54 [Instrument's time stamp, header]
# bad_flag = -9.990e-29
*END*
[from data line 2025]
      3.767      0.003     6.1349     54.399     37.247  26.087869     2.5079      7.884   288.6560 4.2092e-01    12.8515      3.693      5.357    10.0177 0.0000e+00
      3.769      0.003     6.1360     54.373     37.245  26.086725     2.5313      7.883   288.7749 4.2545e-01    12.8038      3.696      5.361    10.0180 0.0000e+00
      3.770      0.003     6.1368     54.327     37.245  26.086601     2.5831      7.883   288.7420 4.2312e-01    12.8396      3.698      5.363    10.0179 0.0000e+00
      3.770     -0.002     6.1372     54.292     37.245  26.086374     2.6178      7.882   288.6031 4.1752e-01    12.9092      3.697      5.362    10.0180 0.0000e+00
      3.770     -0.013     6.1384     54.264     37.241  26.083983     2.6003      7.882   288.4726 4.1639e-01    12.9281      3.696      5.361    10.0181 0.0000e+00
      3.771     -0.031     6.1360     54.227     37.204  26.057696     2.3885      7.883   288.4537 4.1673e-01    12.8635      3.700      5.366    10.0180 0.0000e+00
      3.769     -0.048     6.1277     54.210     37.153  26.022066     2.0218      7.884   288.5475 4.2602e-01    12.7767      3.701      5.366    10.0181 0.0000e+00
      3.755     -0.060     6.1248     54.222     37.170  26.033476     1.8287      7.883   288.6602 4.5273e-01    12.7320      3.689      5.350    10.0181 0.0000e+00
      3.727     -0.064     6.1234     54.234     37.220  26.068897     1.8096      7.883   288.6978 4.8375e-01    12.6986      3.658      5.306    10.0180 0.0000e+00
      3.692     -0.062     6.1168     54.267     37.222  26.070040     1.8071      7.883   288.6573 5.0494e-01    12.6463      3.615      5.243    10.0179 0.0000e+00
      3.671     -0.052     6.1136     54.329     37.189  26.047295     1.8576      7.884   288.6013 5.0572e-01    12.6805      3.592      5.210    10.0178 0.0000e+00
      3.667     -0.036     6.1189     54.366     37.189  26.047417     1.9630      7.885   288.6228 4.9780e-01    12.8392      3.596      5.214    10.0176 0.0000e+00
      3.669     -0.018     6.1179     54.374     37.223  26.071524     2.0325      7.886   288.6583 5.0114e-01    12.9255      3.599      5.219    10.0175 0.0000e+00
      3.669     -0.003     6.1195     54.386     37.243  26.085229     2.0399      7.886   288.6867 5.1369e-01    12.9041      3.598      5.219    10.0175 0.0000e+00
      3.670      0.004     6.1318     54.383     37.245  26.086363     2.0355      7.885   288.7075 5.1623e-01    12.8877      3.599      5.220    10.0174 0.0000e+00
      3.670      0.007     6.1356     54.367     37.243  26.085228     2.0389      7.884   288.7377 5.0538e-01    12.8981      3.599      5.220    10.0175 0.0000e+00
      3.672      0.008     6.1326     54.373     37.224  26.071515     2.0386      7.883   288.7939 4.9600e-01    12.9274      3.601      5.223    10.0176 0.0000e+00
      3.675      0.009     6.1370     54.378     37.189  26.047316     2.0406      7.883   288.7853 4.8912e-01    12.9346      3.604      5.226    10.0178 0.0000e+00
      3.678      0.009     6.1373     54.371     37.187  26.046173     2.0538      7.884   288.7190 4.8652e-01    12.9169      3.606      5.231    10.0180 0.0000e+00
      3.681      0.007     6.1309     54.381     37.203  26.057697     2.0738      7.884   288.6806 4.8356e-01    12.9180      3.611      5.238    10.0178 0.0000e+00
      3.684      0.003     6.1350     54.398     37.206  26.059887     2.0903      7.884   288.7519 4.7886e-01    12.9149      3.614      5.242    10.0179 0.0000e+00
      3.684     -0.007     6.1363     54.403     37.225  26.072648     2.0953      7.883   288.8068 4.9046e-01    12.8454      3.613      5.240    10.0180 0.0000e+00
      3.684     -0.023     6.1322     54.398     37.243  26.085228     2.0510      7.882   288.7420 5.0221e-01    12.7264      3.613      5.240    10.0182 0.0000e+00
      3.682     -0.044     6.1353     54.394     37.243  26.085228     1.9627      7.882   288.6564 5.0246e-01    12.6361      3.613      5.240    10.0184 0.0000e+00
      3.672     -0.063     6.1375     54.389     37.225  26.072657     1.9178      7.883   288.6330 5.1011e-01    12.6417      3.606      5.230    10.0183 0.0000e+00
      3.652     -0.074     6.1381     54.374     37.207  26.060000     1.9169      7.883   288.7176 5.2862e-01    12.6930      3.587      5.202    10.0182 0.0000e+00
      3.618     -0.075     6.1369     54.368     37.206  26.058952     1.9101      7.882   288.8177 5.5807e-01    12.7090      3.551      5.150    10.0183 0.0000e+00
      3.582     -0.070     6.1362     54.377     37.208  26.059990     1.9104      7.882   288.8111 5.8423e-01    12.6988      3.507      5.085    10.0181 0.0000e+00
      3.561     -0.058     6.1376     54.384     37.225  26.072543     1.9284      7.883   288.7232 5.9215e-01    12.6713      3.482      5.051    10.0179 0.0000e+00
      3.558     -0.040     6.1337     54.389     37.241  26.083972     1.9371      7.883   288.7027 5.9079e-01    12.6511      3.488      5.059    10.0176 0.0000e+00
      3.561     -0.023     6.1326     54.390     37.224  26.071409     1.9231      7.883   288.8212 5.9110e-01    12.6586      3.496      5.070    10.0173 0.0000e+00
      3.560     -0.018     6.1357     54.380     37.189  26.047408     1.9181      7.883   288.7786 5.8933e-01    12.6601      3.491      5.063    10.0173 0.0000e+00
      3.557     -0.031     6.1352     54.365     37.189  26.047313     1.9433      7.882   288.5319 5.8382e-01    12.6354      3.486      5.056    10.0175 0.0000e+00
      3.557     -0.056     6.1363     54.341     37.222  26.070266     1.9688      7.882   288.4201 5.8565e-01    12.6331      3.489      5.061    10.0176 0.0000e+00
      3.550     -0.076     6.1372     54.315     37.224  26.071400     1.9686      7.882   288.4581 6.0324e-01    12.6665      3.489      5.061    10.0178 0.0000e+00
      3.522     -0.085     6.1349     54.298     37.209  26.061018     1.9166      7.882   288.5611 6.4458e-01    12.6631      3.465      5.026    10.0180 0.0000e+00
      3.474     -0.084     6.1343     54.289     37.224  26.071513     1.8142      7.884   288.6340 6.9463e-01    12.6263      3.406      4.940    10.0180 0.0000e+00
      3.431     -0.074     6.1307     54.284     37.224  26.071523     1.7460      7.885   288.5658 7.2131e-01    12.6316      3.350      4.858    10.0176 0.0000e+00
      3.417     -0.057     6.1275     54.294     37.209  26.061134     1.7498      7.885   288.5098 7.1201e-01    12.6590      3.343      4.849    10.0174 0.0000e+00
      3.423     -0.035     6.1253     54.316     37.225  26.072667     1.8688      7.885   288.6453 6.8878e-01    12.6492      3.359      4.874    10.0171 0.0000e+00
      3.428     -0.020     6.1254     54.336     37.242  26.084199     2.0769      7.885   288.8276 6.7901e-01    12.6163      3.364      4.879    10.0169 0.0000e+00
      3.427     -0.021     6.1236     54.360     37.227  26.073809     2.1943      7.884   288.8206 6.7655e-01    12.6374      3.360      4.874    10.0174 0.0000e+00
      3.426     -0.037     6.1244     54.377     37.227  26.073808     2.1972      7.885   288.7335 6.8659e-01    12.7338      3.361      4.875    10.0177 0.0000e+00
      3.421     -0.053     6.1288     54.395     37.242  26.084180     2.0954      7.885   288.7212 7.1734e-01    12.8244      3.361      4.875    10.0179 0.0000e+00
      3.401     -0.058     6.1291     54.414     37.225  26.072458     1.9125      7.885   288.7571 7.6248e-01    12.8449      3.342      4.847    10.0182 0.0000e+00
      3.366     -0.053     6.1337     54.412     37.205  26.058839     1.8169      7.885   288.8232 8.0583e-01    12.8109      3.300      4.785    10.0183 0.0000e+00
      3.336     -0.043     6.1345     54.391     37.187  26.046275     1.8210      7.886   288.8331 8.1544e-01    12.8226      3.260      4.728    10.0182 0.0000e+00
      3.330     -0.028     6.1363     54.376     37.188  26.047324     1.8790      7.886   288.7909 7.9743e-01    12.8156      3.259      4.726    10.0180 0.0000e+00
      3.342     -0.012     6.1404     54.374     37.222  26.071515     1.9781      7.885   288.8289 7.8597e-01    12.6929      3.279      4.756    10.0176 0.0000e+00
      3.352     -0.002     6.1397     54.378     37.242  26.085238     2.0286      7.884   288.8620 7.9033e-01    12.6024      3.290      4.772    10.0178 0.0000e+00
      3.355     -0.010     6.1358     54.377     37.244  26.086486     2.0316      7.884   288.7612 7.8918e-01    12.6097      3.291      4.772    10.0182 0.0000e+00
      3.354     -0.036     6.1337     54.362     37.244  26.086598     2.0312      7.885   288.7283 7.8086e-01    12.6106      3.289      4.770    10.0183 0.0000e+00
      3.349     -0.066     6.1345     54.346     37.244  26.086600     1.9824      7.885   288.8087 7.8757e-01    12.5781      3.286      4.766    10.0185 0.0000e+00
      3.333     -0.086     6.1346     54.351     37.244  26.086506     1.8819      7.885   288.7871 8.2148e-01    12.5586      3.280      4.758    10.0186 0.0000e+00
      3.293     -0.090     6.1359     54.381     37.243  26.085466     1.8158      7.885   288.7248 8.8767e-01    12.5457      3.238      4.697    10.0187 0.0000e+00
      3.239     -0.082     6.1329     54.411     37.227  26.074027     1.8153      7.885   288.7441 9.4955e-01    12.5591      3.165      4.591    10.0187 0.0000e+00
      3.207     -0.067     6.1303     54.408     37.229  26.074962     1.9254      7.884   288.7621 9.6595e-01    12.6864      3.131      4.542    10.0184 0.0000e+00
      3.205     -0.045     6.1304     54.380     37.260  26.096763     2.1154      7.884   288.6841 9.5214e-01    12.8557      3.140      4.554    10.0178 0.0000e+00
      3.216     -0.018     6.1353     54.356     37.241  26.084096     2.2064      7.885   288.6615 9.3954e-01    12.8978      3.156      4.577    10.0175 0.0000e+00
      3.223      0.004     6.1407     54.343     37.190  26.048572     2.2017      7.886   288.7476 9.3661e-01    12.8880      3.164      4.589    10.0176 0.0000e+00
      3.223      0.015     6.1393     54.330     37.188  26.047533     2.1748      7.886   288.7791 9.3883e-01    12.9079      3.162      4.586    10.0177 0.0000e+00
      3.221      0.017     6.1350     54.323     37.223  26.071534     2.1233      7.886   288.7831 9.4213e-01    12.8998      3.158      4.580    10.0179 0.0000e+00
      3.223      0.016     6.1312     54.330     37.243  26.085239     2.0947      7.886   288.7962 9.3480e-01    12.8583      3.159      4.581    10.0180 0.0000e+00
      3.231      0.012     6.1317     54.346     37.244  26.086475     2.0947      7.886   288.8520 9.2131e-01    12.8158      3.169      4.596    10.0182 0.0000e+00
      3.240      0.002     6.1290     54.362     37.244  26.086484     2.0405      7.885   288.8547 9.1120e-01    12.7952      3.179      4.611    10.0184 0.0000e+00
      3.247     -0.018     6.1278     54.355     37.242  26.085352     1.9387      7.884   288.7432 8.9905e-01    12.7467      3.185      4.620    10.0184 0.0000e+00
      3.247     -0.039     6.1294     54.327     37.225  26.072781     1.8792      7.885   288.7074 9.0653e-01    12.6730      3.188      4.624    10.0182 0.0000e+00
      3.234     -0.055     6.1305     54.301     37.209  26.061256     1.8619      7.885   288.7664 9.5192e-01    12.6210      3.179      4.611    10.0183 0.0000e+00
      3.203     -0.061     6.1346     54.282     37.225  26.072770     1.9127      7.884   288.8550 1.0054e+00    12.6645      3.144      4.560    10.0185 0.0000e+00
      3.166     -0.057     6.1333     54.283     37.243  26.085228     2.0267      7.884   288.9179 1.0342e+00    12.8232      3.097      4.493    10.0184 0.0000e+00
      3.145     -0.046     6.1285     54.306     37.243  26.085124     2.0918      7.885   288.9254 1.0409e+00    12.9348      3.075      4.461    10.0183 0.0000e+00
      3.144     -0.030     6.1263     54.326     37.223  26.071513     2.1013      7.886   288.8585 1.0332e+00    12.9208      3.081      4.468    10.0182 0.0000e+00
      3.152     -0.012     6.1232     54.355     37.188  26.047427     2.0998      7.886   288.7985 1.0235e+00    12.8587      3.092      4.485    10.0180 0.0000e+00
      3.157      0.002     6.1225     54.397     37.188  26.047428     2.0820      7.887   288.8025 1.0264e+00    12.7995      3.098      4.493    10.0181 0.0000e+00
      3.157      0.007     6.1280     54.421     37.222  26.071523     2.0522      7.887   288.8196 1.0325e+00    12.7165      3.097      4.491    10.0182 0.0000e+00
      3.157      0.002     6.1287     54.429     37.242  26.085227     2.0312      7.886   288.8332 1.0374e+00    12.6411      3.095      4.489    10.0184 0.0000e+00
      3.157     -0.008     6.1303     54.425     37.244  26.086360     2.0194      7.885   288.7946 1.0387e+00    12.6055      3.095      4.489    10.0186 0.0000e+00
      3.158     -0.023     6.1391     54.403     37.242  26.085216     1.9937      7.885   288.6972 1.0357e+00    12.5938      3.097      4.493    10.0186 0.0000e+00
      3.157     -0.043     6.1398     54.375     37.222  26.071397     1.9693      7.885   288.6023 1.0363e+00    12.6359      3.098      4.493    10.0186 0.0000e+00
      3.148     -0.059     6.1407     54.368     37.187  26.046046     1.9744      7.885   288.6798 1.0598e+00    12.6706      3.091      4.483    10.0188 0.0000e+00
      3.127     -0.067     6.1410     54.383     37.167  26.032227     1.9801      7.885   288.8596 1.1203e+00    12.6380      3.074      4.458    10.0188 0.0000e+00
      3.092     -0.065     6.1380     54.399     37.165  26.031083     1.9888      7.885   288.8836 1.1873e+00    12.6166      3.033      4.399    10.0188 0.0000e+00
      3.058     -0.055     6.1336     54.401     37.167  26.032217     2.0210      7.885   288.7973 1.2180e+00    12.6521      2.988      4.333    10.0186 0.0000e+00
      3.045     -0.039     6.1320     54.386     37.186  26.045931     2.0443      7.886   288.7632 1.2078e+00    12.6914      2.977      4.319    10.0184 0.0000e+00
      3.050     -0.021     6.1362     54.378     37.221  26.070141     2.0465      7.887   288.8149 1.1880e+00    12.7154      2.991      4.339    10.0182 0.0000e+00
      3.059     -0.011     6.1372     54.386     37.222  26.071397     2.0390      7.886   288.8212 1.1735e+00    12.7377      3.002      4.354    10.0181 0.0000e+00
      3.064     -0.016     6.1392     54.386     37.207  26.061120     2.0360      7.886   288.6662 1.1584e+00    12.7222      3.005      4.358    10.0183 0.0000e+00
      3.065     -0.034     6.1349     54.372     37.224  26.072655     2.0436      7.885   288.5758 1.1624e+00    12.6978      3.008      4.362    10.0187 0.0000e+00
      3.059     -0.051     6.1337     54.352     37.240  26.084094     2.0481      7.885   288.6749 1.2069e+00    12.6822      3.007      4.360    10.0188 0.0000e+00
      3.035     -0.060     6.1365     54.349     37.225  26.072656     2.0488      7.885   288.7459 1.2756e+00    12.6697      2.983      4.326    10.0187 0.0000e+00
      2.997     -0.060     6.1360     54.365     37.208  26.061131     2.0441      7.886   288.7464 1.3345e+00    12.7184      2.936      4.258    10.0188 0.0000e+00
      2.968     -0.052     6.1349     54.384     37.222  26.071512     2.0327      7.886   288.7669 1.3606e+00    12.8266      2.900      4.204    10.0187 0.0000e+00
      2.961     -0.037     6.1308     54.400     37.222  26.071409     2.0269      7.887   288.8214 1.3496e+00    12.9193      2.899      4.205    10.0184 0.0000e+00
      2.969     -0.020     6.1302     54.406     37.206  26.059884     2.0249      7.887   288.8892 1.3302e+00    12.9164      2.914      4.226    10.0182 0.0000e+00
      2.974     -0.010     6.1339     54.398     37.205  26.058930     1.9998      7.886   288.8985 1.3242e+00    12.8257      2.919      4.233    10.0181 0.0000e+00
