Data/DataNotYetUploadedToEDI/Raw_CTD/RawDownloads/111622_bvr50_S7809004.cnv
* Sea-Bird SBE19plus  Data File:
* FileName = C:\R\Reservoirs\Data\DataNotYetUploadedToEDI\Raw_CTD\RawDownloads\110122_fcr50_S7809_0004.hex
* Software version 2.8.0.119
* Temperature SN = 7809
* Conductivity SN = 7809
* System UpLoad Time = Nov 18 2022 12:30:09
* <ApplicationData>
* <Seaterm232>
# nquan = 15
# nvalues = 2620                        
# units = specified
# name 0 = depFM: Depth [fresh water, m]
# name 1 = dz/dtM: Descent Rate [m/s]
# name 2 = sbeox0Mg/L: Oxygen, SBE 43 [mg/l]
# name 3 = sbeox0PS: Oxygen, SBE 43 [% saturation]
# name 4 = specc: Specific Conductance [uS/cm]
# name 5 = c0uS/cm: Conductivity [uS/cm]
# name 6 = flECO-AFL: Fluorescence, WET Labs ECO-AFL/FL [mg/m^3]
# name 7 = ph: pH
# name 8 = orp: Oxidation Reduction Potential [mV]
# name 9 = par/sat/log: PAR/Logarithmic, Satlantic
# name 10 = turbWETntu0: Turbidity, WET Labs ECO [NTU]
# name 11 = prdM: Pressure, Strain Gauge [db]
# name 12 = prdE: Pressure, Strain Gauge [psi]
# name 13 = tv290C: Temperature [ITS-90, deg C]
# name 14 = flag:  0.000e+00
# span 0 =     -0.742,      7.033       
# span 1 =     -0.212,      0.219       
# span 2 =     5.1127,     8.6918       
# span 3 =     45.180,     75.037       
# span 4 =      0.216,     37.387       
# span 5 =   0.139476,  26.153441       
# span 6 =    -0.1902,     2.6178       
# span 7 =     -2.937,      7.969       
# span 8 = -1240.7455,   916.6621       
# span 9 = 1.2362e-01, 4.0383e+02       
# span 10 =    -0.4265,    18.3933      
# span 11 =     -0.728,      6.898      
# span 12 =     -1.055,     10.004      
# span 13 =     7.1906,    10.0218      
# span 14 = 0.0000e+00, 0.0000e+00      
# interval = seconds: 0.25
# start_time = Nov 16 2022 08:41:54 [Instrument's time stamp, header]
# bad_flag = -9.990e-29
*END*
[from data line 2410]
      1.300     -0.029     6.1218     54.285     37.282  26.110588     2.0683      7.901   289.2666 1.2484e+01    12.6783      1.280      1.857    10.0148 0.0000e+00
      1.291     -0.050     6.1217     54.304     37.266  26.099064     2.0362      7.903   289.2062 1.2870e+01    12.6584      1.271      1.843    10.0150 0.0000e+00
      1.267     -0.067     6.1225     54.318     37.231  26.074024     2.0426      7.903   289.2154 1.3482e+01    12.7329      1.246      1.808    10.0151 0.0000e+00
      1.232     -0.073     6.1219     54.325     37.213  26.061366     2.0790      7.904   289.2916 1.4114e+01    13.1358      1.208      1.752    10.0152 0.0000e+00
      1.198     -0.067     6.1251     54.320     37.229  26.072777     2.1266      7.904   289.3533 1.4529e+01    13.8739      1.168      1.694    10.0149 0.0000e+00
      1.180     -0.052     6.1273     54.319     37.247  26.085235     2.1520      7.903   289.3597 1.4644e+01    14.3132      1.150      1.668    10.0146 0.0000e+00
      1.176     -0.032     6.1287     54.332     37.247  26.085223     2.1618      7.903   289.3688 1.4570e+01    14.3819      1.152      1.669    10.0143 0.0000e+00
      1.180     -0.014     6.1305     54.351     37.229  26.072642     2.2033      7.903   289.3769 1.4495e+01    14.3975      1.158      1.678    10.0142 0.0000e+00
      1.184     -0.005     6.1283     54.351     37.211  26.059880     2.2619      7.902   289.3720 1.4486e+01    14.4338      1.162      1.685    10.0143 0.0000e+00
      1.187     -0.012     6.1283     54.336     37.207  26.057690     2.2797      7.901   289.3094 1.4481e+01    14.4792      1.164      1.689    10.0142 0.0000e+00
      1.187     -0.032     6.1293     54.330     37.191  26.046165     2.2771      7.902   289.2219 1.4487e+01    14.5019      1.165      1.690    10.0144 0.0000e+00
      1.183     -0.056     6.1336     54.320     37.193  26.047299     2.2720      7.903   289.3467 1.4675e+01    14.4695      1.164      1.688    10.0146 0.0000e+00
      1.169     -0.074     6.1333     54.303     37.227  26.071395     2.1762      7.904   289.5284 1.5222e+01    13.9852      1.153      1.673    10.0144 0.0000e+00
      1.137     -0.082     6.1294     54.295     37.245  26.083975     2.0013      7.904   289.5264 1.6116e+01    13.1216      1.120      1.625    10.0142 0.0000e+00
      1.095     -0.080     6.1305     54.277     37.229  26.072642     1.9058      7.904   289.4941 1.6977e+01    12.7041      1.070      1.552    10.0141 0.0000e+00
      1.063     -0.070     6.1298     54.233     37.212  26.061127     1.9119      7.903   289.4814 1.7357e+01    12.7278      1.034      1.499    10.0140 0.0000e+00
      1.051     -0.053     6.1254     54.188     37.227  26.071518     2.0088      7.903   289.4587 1.7323e+01    12.7940      1.026      1.488    10.0139 0.0000e+00
      1.052     -0.031     6.1271     54.173     37.227  26.071519     2.1611      7.903   289.4782 1.7217e+01    12.8553      1.032      1.496    10.0137 0.0000e+00
      1.055     -0.011     6.1252     54.181     37.212  26.061138     2.2470      7.903   289.5453 1.7256e+01    12.8888      1.037      1.504    10.0138 0.0000e+00
      1.054      0.002     6.1196     54.191     37.229  26.072765     2.2655      7.903   289.5813 1.7416e+01    12.9253      1.035      1.501    10.0140 0.0000e+00
      1.051      0.006     6.1122     54.212     37.247  26.085336     2.2180      7.904   289.5694 1.7474e+01    12.9209      1.029      1.492    10.0142 0.0000e+00
      1.053      0.006     6.1109     54.238     37.249  26.086366     2.1130      7.904   289.5730 1.7361e+01    12.8689      1.030      1.493    10.0143 0.0000e+00
      1.059      0.004     6.1147     54.278     37.247  26.085213     2.0457      7.903   289.5399 1.7231e+01    12.8438      1.038      1.506    10.0142 0.0000e+00
      1.064     -0.004     6.1124     54.335     37.228  26.071403     2.0360      7.901   289.5132 1.7173e+01    12.8561      1.044      1.515    10.0144 0.0000e+00
      1.066     -0.019     6.1173     54.372     37.192  26.046155     2.0292      7.900   289.5077 1.7210e+01    12.8472      1.046      1.517    10.0142 0.0000e+00
      1.063     -0.042     6.1191     54.360     37.174  26.033480     1.9972      7.900   289.3871 1.7396e+01    12.7710      1.043      1.515    10.0138 0.0000e+00
      1.054     -0.067     6.1227     54.333     37.190  26.044918     1.9643      7.900   289.3459 1.7833e+01    12.6519      1.037      1.505    10.0138 0.0000e+00
      1.032     -0.083     6.1315     54.331     37.208  26.057679     1.9566      7.900   289.4394 1.8629e+01    12.6028      1.019      1.477    10.0137 0.0000e+00
      0.996     -0.088     6.1374     54.325     37.213  26.061013     1.9632      7.901   289.4858 1.9716e+01    12.7240      0.980      1.421    10.0134 0.0000e+00
      0.956     -0.080     6.1345     54.293     37.248  26.085222     1.9607      7.902   289.5625 2.0688e+01    12.8871      0.932      1.351    10.0132 0.0000e+00
      0.927     -0.063     6.1278     54.263     37.265  26.096860     1.9424      7.903   289.6790 2.1082e+01    12.9353      0.900      1.305    10.0131 0.0000e+00
      0.917     -0.039     6.1309     54.258     37.233  26.074965     1.9165      7.904   289.6895 2.0995e+01    12.8969      0.895      1.297    10.0130 0.0000e+00
      0.922     -0.014     6.1316     54.266     37.232  26.074022     1.8977      7.904   289.6033 2.0839e+01    12.8324      0.904      1.311    10.0130 0.0000e+00
      0.930      0.004     6.1256     54.268     37.249  26.085461     1.9145      7.903   289.5824 2.0696e+01    12.8386      0.913      1.325    10.0130 0.0000e+00
      0.937      0.008     6.1213     54.266     37.251  26.086501     1.9530      7.902   289.6098 2.0528e+01    12.9042      0.918      1.331    10.0130 0.0000e+00
      0.942     -0.005     6.1214     54.262     37.251  26.086594     1.9639      7.902   289.5901 2.0409e+01    12.9080      0.925      1.341    10.0131 0.0000e+00
      0.946     -0.029     6.1238     54.261     37.251  26.086594     1.9554      7.902   289.6021 2.0395e+01    12.8495      0.930      1.349    10.0131 0.0000e+00
      0.942     -0.054     6.1230     54.278     37.251  26.086491     1.9329      7.902   289.6693 2.0722e+01    12.7776      0.929      1.347    10.0128 0.0000e+00
      0.924     -0.071     6.1232     54.307     37.249  26.085347     1.8917      7.903   289.7148 2.1699e+01    12.6880      0.914      1.326    10.0126 0.0000e+00
      0.888     -0.076     6.1229     54.319     37.232  26.072766     1.8650      7.903   289.7216 2.3161e+01    12.5870      0.873      1.268    10.0126 0.0000e+00
      0.847     -0.072     6.1210     54.300     37.215  26.061137     1.8610      7.904   289.6651 2.4271e+01    12.5465      0.822      1.194    10.0126 0.0000e+00
      0.822     -0.061     6.1241     54.277     37.229  26.071509     1.8757      7.905   289.6350 2.4449e+01    12.6081      0.797      1.156    10.0124 0.0000e+00
      0.820     -0.041     6.1280     54.267     37.229  26.071404     1.9017      7.905   289.7012 2.4251e+01    12.6826      0.802      1.162    10.0119 0.0000e+00
      0.825     -0.019     6.1314     54.257     37.212  26.059870     1.9157      7.904   289.6915 2.4274e+01    12.6619      0.811      1.177    10.0117 0.0000e+00
      0.825     -0.001     6.1267     54.244     37.211  26.058822     1.9205      7.904   289.6025 2.4416e+01    12.5963      0.810      1.177    10.0118 0.0000e+00
      0.823      0.009     6.1233     54.239     37.211  26.058737     1.9604      7.904   289.6581 2.4425e+01    12.6076      0.806      1.168    10.0119 0.0000e+00
      0.825      0.010     6.1239     54.248     37.211  26.058832     2.0403      7.904   289.8475 2.4274e+01    12.6959      0.808      1.171    10.0120 0.0000e+00
      0.831      0.006     6.1219     54.268     37.213  26.059973     2.0875      7.904   289.9137 2.4099e+01    12.7076      0.815      1.182    10.0121 0.0000e+00
      0.837     -0.000     6.1206     54.287     37.231  26.072535     2.0817      7.904   289.8566 2.3964e+01    12.6117      0.822      1.192    10.0121 0.0000e+00
      0.839     -0.015     6.1191     54.278     37.247  26.083955     2.0027      7.902   289.7591 2.3917e+01    12.5616      0.824      1.195    10.0123 0.0000e+00
      0.837     -0.039     6.1210     54.247     37.229  26.071279     1.8820      7.900   289.5955 2.4073e+01    12.6136      0.822      1.193    10.0120 0.0000e+00
      0.830     -0.064     6.1229     54.222     37.194  26.046040     1.8290      7.900   289.5135 2.4612e+01    12.6940      0.818      1.186    10.0119 0.0000e+00
      0.811     -0.082     6.1269     54.200     37.175  26.032325     1.8205      7.901   289.5419 2.5775e+01    12.6792      0.803      1.164    10.0121 0.0000e+00
      0.776     -0.087     6.1262     54.189     37.175  26.032222     1.8116      7.902   289.6809 2.7657e+01    12.6056      0.766      1.110    10.0120 0.0000e+00
      0.732     -0.081     6.1194     54.205     37.193  26.044794     1.8306      7.902   289.8170 2.9499e+01    12.6583      0.712      1.033    10.0120 0.0000e+00
      0.700     -0.066     6.1187     54.227     37.211  26.057565     1.8836      7.902   289.7247 3.0142e+01    12.8050      0.676      0.981    10.0118 0.0000e+00
      0.692     -0.045     6.1157     54.238     37.214  26.059869     1.9273      7.904   289.5975 2.9817e+01    12.8764      0.674      0.978    10.0113 0.0000e+00
      0.698     -0.021     6.1125     54.253     37.232  26.072651     1.9258      7.905   289.6560 2.9538e+01    12.8724      0.686      0.994    10.0111 0.0000e+00
      0.703     -0.003     6.1166     54.273     37.250  26.085336     1.8908      7.904   289.8290 2.9465e+01    12.8249      0.692      1.002    10.0111 0.0000e+00
      0.706     -0.001     6.1196     54.278     37.253  26.086489     1.8621      7.902   289.9690 2.9293e+01    12.7449      0.691      1.003    10.0112 0.0000e+00
      0.708     -0.016     6.1199     54.264     37.253  26.086594     1.8621      7.900   289.9711 2.9069e+01    12.6575      0.693      1.005    10.0112 0.0000e+00
      0.709     -0.040     6.1209     54.246     37.253  26.086603     1.8736      7.900   289.7686 2.9196e+01    12.5881      0.698      1.013    10.0111 0.0000e+00
      0.702     -0.062     6.1253     54.237     37.253  26.086595     1.9016      7.901   289.5865 3.0046e+01    12.5889      0.695      1.007    10.0109 0.0000e+00
      0.680     -0.075     6.1252     54.223     37.253  26.086491     1.9504      7.902   289.6618 3.1783e+01    12.6327      0.673      0.977    10.0106 0.0000e+00
      0.642     -0.077     6.1234     54.206     37.251  26.085347     1.9816      7.903   289.7324 3.4135e+01    12.6733      0.633      0.918    10.0106 0.0000e+00
      0.602     -0.069     6.1201     54.203     37.233  26.072765     1.9872      7.903   289.6655 3.5909e+01    12.6704      0.583      0.845    10.0107 0.0000e+00
      0.580     -0.054     6.1205     54.206     37.216  26.061126     1.9855      7.903   289.7140 3.6159e+01    12.6659      0.559      0.811    10.0106 0.0000e+00
      0.581     -0.037     6.1194     54.224     37.231  26.071393     1.9778      7.902   289.8881 3.5568e+01    12.7211      0.567      0.823    10.0105 0.0000e+00
      0.589     -0.027     6.1146     54.247     37.230  26.070136     1.9770      7.900   289.8782 3.5191e+01    12.7912      0.580      0.840    10.0103 0.0000e+00
      0.594     -0.033     6.1174     54.262     37.196  26.045927     1.9831      7.900   289.6798 3.5206e+01    12.8647      0.584      0.847    10.0102 0.0000e+00
      0.593     -0.052     6.1151     54.282     37.176  26.032212     1.9524      7.900   289.5545 3.5517e+01    12.8583      0.584      0.847    10.0103 0.0000e+00
      0.581     -0.070     6.1185     54.292     37.174  26.031079     1.8885      7.901   289.5679 3.7019e+01    12.7139      0.578      0.839    10.0103 0.0000e+00
      0.547     -0.080     6.1222     54.287     37.176  26.032221     1.8597      7.902   289.5834 4.0337e+01    12.6223      0.544      0.790    10.0102 0.0000e+00
      0.500     -0.077     6.1219     54.287     37.196  26.046029     1.8631      7.902   289.5700 4.3339e+01    12.6385      0.482      0.700    10.0100 0.0000e+00
      0.467     -0.063     6.1262     54.293     37.232  26.071267     1.8625      7.903   289.6637 4.4136e+01    12.6366      0.446      0.647    10.0099 0.0000e+00
      0.459     -0.045     6.1273     54.304     37.250  26.083839     1.8440      7.903   289.8561 4.3766e+01    12.6674      0.447      0.649    10.0098 0.0000e+00
      0.466     -0.030     6.1253     54.326     37.232  26.071278     1.8051      7.903   290.0031 4.3142e+01    12.7718      0.456      0.661    10.0098 0.0000e+00
      0.475     -0.025     6.1254     54.342     37.197  26.046155     1.7846      7.904   289.9786 4.2505e+01    12.8746      0.467      0.677    10.0098 0.0000e+00
      0.480     -0.031     6.1268     54.340     37.179  26.033603     1.7959      7.904   289.9048 4.2800e+01    12.9197      0.476      0.690    10.0098 0.0000e+00
      0.471     -0.042     6.1265     54.334     37.197  26.046280     1.8168      7.904   289.8845 4.4783e+01    12.9077      0.470      0.681    10.0096 0.0000e+00
      0.445     -0.051     6.1308     54.329     37.235  26.072660     1.8371      7.905   289.8197 4.7579e+01    12.9001      0.437      0.636    10.0092 0.0000e+00
      0.415     -0.053     6.1335     54.320     37.273  26.099041     1.8498      7.905   289.7232 4.9300e+01    12.8951      0.401      0.581    10.0089 0.0000e+00
      0.395     -0.047     6.1317     54.306     37.291  26.111717     1.8619      7.905   289.6645 4.9775e+01    12.8816      0.384      0.557    10.0086 0.0000e+00
      0.389     -0.032     6.1312     54.284     37.273  26.099164     1.9096      7.905   289.6258 4.9889e+01    12.8732      0.380      0.552    10.0084 0.0000e+00
      0.390     -0.013     6.1311     54.258     37.237  26.074031     1.9848      7.905   289.5997 4.9586e+01    12.8279      0.382      0.553    10.0084 0.0000e+00
      0.392      0.003     6.1297     54.245     37.219  26.061365     2.0224      7.905   289.6927 4.9233e+01    12.8127      0.385      0.559    10.0084 0.0000e+00
      0.394      0.010     6.1285     54.249     37.235  26.072775     2.0232      7.905   289.8905 4.9121e+01    12.8937      0.386      0.560    10.0084 0.0000e+00
      0.398      0.007     6.1261     54.257     37.253  26.085234     1.9775      7.904   289.9255 4.8466e+01    12.8849      0.388      0.562    10.0084 0.0000e+00
      0.406     -0.005     6.1220     54.255     37.253  26.085233     1.8775      7.903   289.7730 4.7581e+01    12.7408      0.399      0.579    10.0084 0.0000e+00
      0.413     -0.024     6.1204     54.240     37.235  26.072764     1.8122      7.903   289.6801 4.7737e+01    12.6548      0.409      0.594    10.0082 0.0000e+00
      0.408     -0.040     6.1216     54.224     37.219  26.061240     1.7957      7.904   289.6632 4.9191e+01    12.6303      0.404      0.587    10.0083 0.0000e+00
      0.389     -0.049     6.1232     54.208     37.235  26.072661     1.7948      7.904   289.6552 5.1867e+01    12.6159      0.386      0.560    10.0083 0.0000e+00
      0.359     -0.052     6.1231     54.171     37.251  26.084090     1.8012      7.905   289.6683 5.5075e+01    12.6171      0.353      0.511    10.0082 0.0000e+00
      0.332     -0.047     6.1209     54.142     37.235  26.072661     1.7984      7.906   289.7364 5.6598e+01    12.6116      0.318      0.460    10.0082 0.0000e+00
      0.322     -0.035     6.1179     54.143     37.219  26.061251     1.7942      7.906   289.7905 5.6023e+01    12.6164      0.308      0.448    10.0083 0.0000e+00
      0.327     -0.018     6.1191     54.154     37.235  26.072888     1.8009      7.905   289.7197 5.5339e+01    12.6412      0.322      0.467    10.0083 0.0000e+00
