Data/DataNotYetUploadedToEDI/Raw_CTD/RawDownloads/111622_fcr50_S8188006.cnv
* Sea-Bird SBE19plus  Data File:
* FileName = C:\R\Reservoirs\Data\DataNotYetUploadedToEDI\Raw_CTD\RawDownloads\110122_fcr50_S8188_0006.hex
* Software version 2.8.0.119
* Temperature SN = 8188
* Conductivity SN = 8188
* System UpLoad Time = Nov 18 2022 12:46:04
* <ApplicationData>
* <Seaterm232>
# nquan = 16
# nvalues = 1732                        
# units = specified
# name 0 = depFM: Depth [fresh water, m]
# name 1 = dz/dtM: Descent Rate [m/s]
# name 2 = sbeox0Mg/L: Oxygen, SBE 43 [mg/l]
# name 3 = sbeox0PS: Oxygen, SBE 43 [% saturation]
# name 4 = specc: Specific Conductance [uS/cm]
# name 5 = c0uS/cm: Conductivity [uS/cm]
# name 6 = wetCDOM: Fluorescence, WET Labs CDOM [mg/m^3]
# name 7 = flECO-AFL: Fluorescence, WET Labs ECO-AFL/FL [mg/m^3]
# name 8 = flECO-AFL1: Fluorescence, WET Labs ECO-AFL/FL, 2 [mg/m^3]
# name 9 = flECO-AFL2: Fluorescence, WET Labs ECO-AFL/FL, 3 [mg/m^3]
# name 10 = par/sat/log: PAR/Logarithmic, Satlantic
# name 11 = turbWETntu0: Turbidity, WET Labs ECO [NTU]
# name 12 = prdM: Pressure, Strain Gauge [db]
# name 13 = prdE: Pressure, Strain Gauge [psi]
# name 14 = tv290C: Temperature [ITS-90, deg C]
# name 15 = flag:  0.000e+00
# span 0 =     -0.663,      9.652       
# span 1 =     -0.209,      0.144       
# span 2 =     2.4490,    11.0745       
# span 3 =     21.988,     98.024       
# span 4 =      0.425,    568.963       
# span 5 =   0.284239, 413.150678       
# span 6 =    -4.5000,    25.4700       
# span 7 =    -2.1716,     9.1238       
# span 8 =    -3.4080,     2.9820       
# span 9 =    -5.5836,     7.8255       
# span 10 = 1.1592e-01, 2.0882e+03      
# span 11 =   -11.6509,   966.1797      
# span 12 =     -0.650,      9.466      
# span 13 =     -0.943,     13.729      
# span 14 =     8.2371,    11.3420      
# span 15 = 0.0000e+00, 0.0000e+00      
# interval = seconds: 0.25
# start_time = Nov 16 2022 10:55:30 [Instrument's time stamp, header]
# bad_flag = -9.990e-29
*END*
     -0.663 7.7873e-13    11.0255     93.967      0.497   0.331464    -4.5000    -0.0926    -2.1300    -2.0304 3.4763e+02     0.9293     -0.650     -0.943     8.3656 0.0000e+00
     -0.663 1.0013e-12    11.0266     93.969      0.497   0.331659    -4.5000    -0.0697    -2.1300    -2.0304 3.3451e+02     0.9744     -0.650     -0.942     8.3664 0.0000e+00
     -0.663 1.2873e-12    11.0277     93.974      0.504   0.336290    -4.5000    -0.0430    -2.1300    -2.0304 3.5373e+02     0.9744     -0.650     -0.942     8.3671 0.0000e+00
     -0.662 1.6552e-12    11.0288     93.983      0.508   0.338683     0.0000    -0.0697     1.1076     0.6345 3.6252e+02     0.9143     -0.650     -0.942     8.3670 0.0000e+00
     -0.662 2.1281e-12    11.0298     93.993      0.503   0.335523     0.0000    -0.0354     1.1076     0.6345 3.5596e+02     0.8091     -0.649     -0.942     8.3655 0.0000e+00
     -0.662 2.7361e-12    11.0307     94.000      0.489   0.325966     0.0000    -0.0430     1.1076     0.6345 3.5736e+02     0.9293     -0.649     -0.942     8.3628 0.0000e+00
     -0.662 3.5179e-12    11.0323     94.005      0.473   0.315374     0.0000    -0.0697     1.1076     0.6345 3.6410e+02     0.7941     -0.649     -0.942     8.3591 0.0000e+00
     -0.662 4.5230e-12    11.0347     94.007      0.475   0.316737     0.0000    -0.1155     1.1076     0.6345 3.6864e+02     0.9744     -0.649     -0.942     8.3546 0.0000e+00
     -0.662 5.8153e-12    11.0372     94.007      0.501   0.334375     0.0000    -0.1041     0.1704     3.6378 3.7887e+02     0.9143     -0.649     -0.942     8.3493 0.0000e+00
     -0.662 7.4768e-12    11.0395     94.006      0.530   0.353218     0.0000    -0.0926     0.1704     3.6378 3.8812e+02     0.9143     -0.649     -0.942     8.3437 0.0000e+00
     -0.662 9.6130e-12    11.0416     94.002      0.538   0.358521     0.0000    -0.1079     0.1704     3.6378 3.9253e+02     0.8391     -0.650     -0.942     8.3380 0.0000e+00
     -0.662 1.2360e-11    11.0433     93.998      0.534   0.355652     0.0000    -0.1651     0.1704     3.6378 3.9458e+02     1.5606     -0.650     -0.942     8.3325 0.0000e+00
     -0.662 1.5891e-11    11.0446     93.997      0.528   0.351755     0.0000    -0.1765    -0.4260    -2.5803 3.9690e+02     1.6357     -0.649     -0.942     8.3278 0.0000e+00
     -0.662 2.0431e-11    11.0454     93.997      0.519   0.345789     0.0000    -0.1689    -0.4260    -2.5803 3.9673e+02     1.5907     -0.649     -0.942     8.3240 0.0000e+00
     -0.662 2.6269e-11    11.0459     93.996      0.511   0.340120     0.0000    -0.1536    -0.4260    -2.5803 3.9424e+02     1.6508     -0.649     -0.942     8.3209 0.0000e+00
     -0.662 3.3774e-11    11.0462     93.998      0.506   0.337189     0.0000     0.0295    -0.4260    -2.5803 3.8753e+02     1.1247     -0.649     -0.942     8.3179 0.0000e+00
     -0.662 4.3424e-11    11.0469     94.002      0.499   0.332260     0.0000     0.0218     0.9798     1.1421 3.8686e+02     1.1097     -0.649     -0.942     8.3150 0.0000e+00
     -0.662 5.5830e-11    11.0476     94.005      0.487   0.324018     0.0000    -0.0011     0.9798     1.1421 3.8576e+02     0.9744     -0.649     -0.942     8.3122 0.0000e+00
     -0.662 7.1782e-11    11.0483     94.009      0.478   0.318176     0.0000     0.0257     0.9798     1.1421 3.8728e+02     1.0496     -0.649     -0.942     8.3094 0.0000e+00
     -0.662 9.2291e-11    11.0494     94.013      0.476   0.317128     0.0000    -0.1155     0.9798     1.1421 3.8509e+02    -0.3633     -0.649     -0.942     8.3062 0.0000e+00
     -0.662 1.1866e-10    11.0509     94.015      0.476   0.316642     0.0000    -0.1002    -0.3408     1.4805 3.8543e+02    -0.3482     -0.649     -0.942     8.3019 0.0000e+00
     -0.662 1.5256e-10    11.0527     94.018      0.470   0.312632     0.0000    -0.1002    -0.3408     1.4805 3.8585e+02    -0.3182     -0.649     -0.942     8.2966 0.0000e+00
     -0.662 1.9615e-10    11.0550     94.022      0.463   0.307985     0.0000    -0.1155    -0.3408     1.4805 3.8560e+02    -0.4685     -0.649     -0.942     8.2900 0.0000e+00
     -0.662 2.5219e-10    11.0576     94.025      0.459   0.305416     0.0000    -0.0583    -0.3408     1.4805 3.8560e+02     0.6588     -0.649     -0.942     8.2820 0.0000e+00
     -0.662 3.2425e-10    11.0602     94.024      0.457   0.304238     0.0000    -0.0125    -0.3408     1.4805 3.8610e+02     0.5836     -0.649     -0.942     8.2733 0.0000e+00
     -0.662 4.1689e-10    11.0627     94.019      0.457   0.304139     0.0000    -0.0468     1.6614     1.1844 3.8846e+02     0.7189     -0.649     -0.942     8.2654 0.0000e+00
     -0.663 5.3601e-10    11.0649     94.010      0.459   0.305092     0.0000     0.0066     1.6614     1.1844 3.9006e+02     0.5686     -0.650     -0.942     8.2589 0.0000e+00
     -0.663 6.8915e-10    11.0667     94.001      0.462   0.307351     0.0000    -0.3368     1.6614     1.1844 3.9441e+02     0.1027     -0.650     -0.942     8.2536 0.0000e+00
     -0.663 8.8605e-10    11.0677     93.992      0.468   0.311519     0.0000    -0.3482     1.6614     1.1844 3.9647e+02     0.1177     -0.650     -0.942     8.2493 0.0000e+00
     -0.663 1.1392e-09    11.0679     93.986      0.473   0.314752     0.0000    -0.3482     0.4260    -0.6768 3.9690e+02     0.1027     -0.650     -0.942     8.2462 0.0000e+00
     -0.663 1.4647e-09    11.0674     93.987      0.472   0.313958     0.0000    -0.3711     0.4260    -0.6768 3.9699e+02     0.1478     -0.650     -0.942     8.2444 0.0000e+00
     -0.663 1.8832e-09    11.0665     93.998      0.465   0.308925     0.0000    -0.2376     0.4260    -0.6768 3.9846e+02     0.4033     -0.650     -0.942     8.2434 0.0000e+00
     -0.663 2.4212e-09    11.0657     94.018      0.455   0.302267     0.0000    -0.2490     0.4260    -0.6768 3.9621e+02     0.5235     -0.650     -0.942     8.2427 0.0000e+00
     -0.663 3.1130e-09    11.0652     94.034      0.452   0.300115     0.0000    -0.2299    -3.4080    -0.5076 3.9049e+02     0.3131     -0.650     -0.942     8.2420 0.0000e+00
     -0.663 4.0024e-09    11.0655     94.040      0.454   0.301896     0.0000    -0.2147    -3.4080    -0.5076 3.8459e+02     0.3582     -0.650     -0.942     8.2413 0.0000e+00
     -0.663 5.1460e-09    11.0670     94.036      0.457   0.304130     0.0000    -0.3215    -3.4080    -0.5076 3.7706e+02     0.5235     -0.650     -0.942     8.2406 0.0000e+00
     -0.663 6.6163e-09    11.0695     94.027      0.462   0.307414     0.0000    -0.3558    -3.4080    -0.5076 3.6355e+02     0.3582     -0.650     -0.942     8.2400 0.0000e+00
     -0.663 8.5067e-09    11.0715     94.016      0.464   0.308669     0.0000    -0.3482     0.5538    -2.5803 3.6189e+02     0.4634     -0.650     -0.942     8.2398 0.0000e+00
     -0.662 1.0937e-08    11.0720     94.010      0.457   0.304276     0.0000    -0.3482     0.5538    -2.5803 3.5985e+02     0.4484     -0.649     -0.942     8.2403 0.0000e+00
     -0.662 1.4062e-08    11.0712     94.012      0.446   0.297016     0.0000     0.0295     0.5538    -2.5803 3.5985e+02     1.0195     -0.649     -0.942     8.2413 0.0000e+00
     -0.662 1.8080e-08    11.0699     94.023      0.440   0.292862     0.0000     0.0180     0.5538    -2.5803 3.2918e+02     0.9594     -0.649     -0.942     8.2421 0.0000e+00
     -0.662 2.3245e-08    11.0687     94.039      0.443   0.294662     0.0000    -0.0011     0.5538    -2.5803 3.2527e+02     0.8391     -0.649     -0.942     8.2423 0.0000e+00
     -0.662 2.9887e-08    11.0680     94.053      0.456   0.302894     0.0000     0.0218    -2.5134    -2.5380 3.2238e+02     0.9444     -0.649     -0.942     8.2419 0.0000e+00
     -0.662 3.8426e-08    11.0686     94.056      0.475   0.315800     0.0000     0.1592    -2.5134    -2.5380 3.8135e+02    -0.7991     -0.649     -0.942     8.2409 0.0000e+00
     -0.662 4.9405e-08    11.0702     94.045      0.489   0.324960     0.0000     0.1363    -2.5134    -2.5380 3.2961e+02    -0.8442     -0.649     -0.942     8.2394 0.0000e+00
     -0.662 6.3521e-08    11.0725     94.027      0.489   0.324906     0.0000     0.1134    -2.5134    -2.5380 3.2527e+02    -0.7841     -0.649     -0.942     8.2379 0.0000e+00
     -0.662 8.1669e-08    11.0744     94.006      0.480   0.319580     0.0000     0.1363    -0.0426    -0.2538 3.2739e+02    -0.9043     -0.649     -0.942     8.2371 0.0000e+00
     -0.662 1.0500e-07    11.0745     93.986      0.474   0.315468     0.0000    -0.1041    -0.0426    -0.2538 3.2449e+02    -0.3182     -0.649     -0.941     8.2380 0.0000e+00
     -0.662 1.3500e-07    11.0723     93.975      0.474   0.315430     0.0000    -0.1002    -0.0426    -0.2538 3.2470e+02    -0.3933     -0.649     -0.941     8.2411 0.0000e+00
     -0.662 1.7358e-07    11.0689     93.971      0.480   0.319453     0.0000    -0.1117    -0.0426    -0.2538 3.1703e+02    -0.4084     -0.649     -0.941     8.2458 0.0000e+00
     -0.662 2.2317e-07    11.0649     93.970      0.487   0.324658     0.0000    -0.0964     0.1704    -0.1269 3.0995e+02    -0.4234     -0.649     -0.941     8.2517 0.0000e+00
     -0.662 2.8693e-07    11.0609     93.973      0.499   0.332433     0.0000    -0.1155     0.1704    -0.1269 2.9229e+02    -0.3482     -0.649     -0.941     8.2582 0.0000e+00
     -0.662 3.6891e-07    11.0575     93.979      0.518   0.344850     0.0000    -0.1155     0.1704    -0.1269 2.7527e+02    -0.3933     -0.649     -0.941     8.2657 0.0000e+00
     -0.662 4.7432e-07    11.0547     93.981      0.530   0.353358     0.0000    -0.1422     0.1704    -0.1269 2.6443e+02    -0.3783     -0.649     -0.941     8.2744 0.0000e+00
     -0.662 6.0984e-07    11.0519     93.976      0.534   0.356271     0.0000    -0.1079     0.0852     0.5922 2.5981e+02    -0.2881     -0.649     -0.941     8.2843 0.0000e+00
     -0.662 7.8408e-07    11.0495     93.965      0.537   0.358321     0.0000    -0.0888     0.0852     0.5922 2.5181e+02    -0.2731     -0.649     -0.941     8.2946 0.0000e+00
     -0.662      0.000    11.0474     93.948      0.540   0.360054     0.0000    -0.1155     0.0852     0.5922 2.4389e+02    -0.3783     -0.649     -0.941     8.3047 0.0000e+00
     -0.662      0.000    11.0450     93.926      0.537   0.357978     0.0000    -0.1041     0.0852     0.5922 2.3311e+02    -0.3482     -0.649     -0.941     8.3148 0.0000e+00
     -0.662      0.000    11.0416     93.902      0.521   0.347585     0.0000    -0.0621     0.0852     0.5922 2.2383e+02    -0.3182     -0.649     -0.941     8.3253 0.0000e+00
     -0.662      0.000    11.0372     93.879      0.500   0.334013     0.0000    -0.0888    -0.1704    -1.2690 2.1227e+02    -0.2881     -0.649     -0.941     8.3368 0.0000e+00
     -0.662      0.000    11.0320     93.859      0.488   0.325505     0.0000    -0.1346    -0.1704    -1.2690 2.0087e+02    -0.3783     -0.649     -0.941     8.3491 0.0000e+00
     -0.662      0.000    11.0262     93.844      0.485   0.323745     0.0000    -0.0926    -0.1704    -1.2690 1.9677e+02    -0.4835     -0.649     -0.941     8.3608 0.0000e+00
     -0.662      0.000    11.0210     93.829      0.492   0.328266     0.0000    -0.1002    -0.1704    -1.2690 1.9062e+02    -0.3633     -0.649     -0.941     8.3698 0.0000e+00
     -0.662      0.000    11.0168     93.813      0.504   0.336318     0.0000    -0.1155    -0.2130     0.0000 1.8272e+02    -0.4084     -0.649     -0.941     8.3755 0.0000e+00
     -0.662      0.000    11.0135     93.797      0.512   0.342140     0.0000    -0.1231    -0.2130     0.0000 2.1246e+02    -0.3783     -0.649     -0.941     8.3792 0.0000e+00
     -0.662      0.000    11.0108     93.781      0.514   0.343330     0.0000    -0.1155    -0.2130     0.0000 2.5083e+02    -0.3332     -0.649     -0.941     8.3826 0.0000e+00
     -0.662      0.000    11.0078     93.764      0.509   0.340207     0.0000    -0.1308    -0.2130     0.0000 2.7822e+02    -0.3182     -0.649     -0.941     8.3873 0.0000e+00
     -0.661      0.000    11.0043     93.747      0.503   0.335890     0.0000    -0.1346    -0.2130     0.3807 4.0307e+02    -0.3332     -0.648     -0.941     8.3935 0.0000e+00
     -0.661      0.000    11.0005     93.735      0.498   0.333183     0.0000    -0.1079    -0.2130     0.3807 6.4816e+02    -0.3482     -0.648     -0.941     8.4004 0.0000e+00
     -0.661      0.000    10.9969     93.733      0.490   0.327411     0.0000    -0.0773    -0.2130     0.3807 7.3156e+02    -0.3783     -0.648     -0.941     8.4070 0.0000e+00
     -0.661      0.000    10.9935     93.743      0.474   0.317033     0.0000    -0.0850    -0.2130     0.3807 7.5810e+02    -0.2881     -0.648     -0.941     8.4122 0.0000e+00
     -0.661      0.000    10.9905     93.767      0.459   0.307192    -0.6300    -0.0964    -0.1278     0.0846 8.2568e+02    -0.3783     -0.648     -0.940     8.4159 0.0000e+00
     -0.661      0.000    10.9884     93.801      0.447   0.299216    -0.6300    -0.1079    -0.1278     0.0846 9.7310e+02    -0.4084     -0.648     -0.940     8.4185 0.0000e+00
     -0.661      0.000    10.9877     93.834      0.435   0.290979    -0.6300    -0.1079    -0.1278     0.0846 1.0219e+03    -0.3482     -0.648     -0.940     8.4202 0.0000e+00
     -0.661      0.000    10.9886     93.862      0.425   0.284239    -0.6300    -0.1041    -0.1278     0.0846 1.0407e+03    -0.3933     -0.648     -0.940     8.4212 0.0000e+00
     -0.661      0.000    10.9913     93.883      0.426   0.285106    -0.6300    -0.5351    -0.1278     0.0846 3.4387e+02    -2.6178     -0.648     -0.940     8.4215 0.0000e+00
     -0.661      0.000    10.9953     93.898      0.439   0.293813     1.8000    -0.5351     0.1278     1.0575 1.2172e+03    -2.4074     -0.648     -0.940     8.4215 0.0000e+00
     -0.661      0.000    10.9991     93.906      0.456   0.304772     1.8000    -0.5160     0.1278     1.0575 3.3824e+02    -2.5577     -0.648     -0.940     8.4217 0.0000e+00
     -0.661      0.000    11.0021     93.914      0.474   0.316952     1.8000    -0.5199     0.1278     1.0575 2.9709e+02    -2.5577     -0.648     -0.940     8.4228 0.0000e+00
     -0.661      0.000    11.0038     93.927      0.492   0.329646     1.8000     0.7161     0.1278     1.0575 2.4871e+02    -1.5807     -0.648     -0.940     8.4257 0.0000e+00
     -0.661      0.000    11.0041     93.948      0.505   0.338330     0.5400     0.7238     0.2982     0.3384 2.4887e+02    -1.5056     -0.648     -0.940     8.4312 0.0000e+00
     -0.661      0.001    11.0031     93.975      0.510   0.341367     0.5400     0.7505     0.2982     0.3384 2.3387e+02    -1.6408     -0.648     -0.939     8.4389 0.0000e+00
     -0.660      0.001    11.0015     93.999      0.513   0.343521     0.5400     0.7276     0.2982     0.3384 2.0404e+02    -1.6559     -0.648     -0.939     8.4480 0.0000e+00
     -0.660      0.001    11.0005     94.017      0.527   0.353274     0.5400    -0.4054     0.2982     0.3384 1.7268e+02    -2.5426     -0.647     -0.939     8.4574 0.0000e+00
     -0.660      0.001    11.0006     94.031      0.557   0.373226    -0.3600    -0.4207     0.2130    -0.8460 7.3045e+02    -2.4675     -0.647     -0.939     8.4665 0.0000e+00
     -0.660      0.001    11.0014     94.041      0.592   0.396837    -0.3600    -0.3787     0.2130    -0.8460 2.3075e+02    -2.6178     -0.647     -0.938     8.4752 0.0000e+00
     -0.659      0.002    11.0019     94.046      0.624   0.418539    -0.3600    -0.4283     0.2130    -0.8460 1.6087e+02    -2.4975     -0.647     -0.938     8.4838 0.0000e+00
     -0.659      0.002    11.0017     94.051      0.649   0.436211    -0.3600    -0.5695     0.2130    -0.8460 1.6570e+02    -1.7611     -0.646     -0.937     8.4924 0.0000e+00
     -0.658      0.003    11.0011     94.061      0.664   0.446657    -2.0700    -0.6000    -0.0852     0.4653 1.6602e+02    -1.8362     -0.645     -0.936     8.5008 0.0000e+00
     -0.657      0.004    11.0000     94.077      0.677   0.456616    -2.0700    -0.6038    -0.0852     0.4653 1.6351e+02    -1.7911     -0.644     -0.935     8.5093 0.0000e+00
