Data/DataNotYetUploadedToEDI/Raw_CTD/RawDownloads/111622_fcr50_S7809006.cnv
* Sea-Bird SBE19plus  Data File:
* FileName = C:\R\Reservoirs\Data\DataNotYetUploadedToEDI\Raw_CTD\RawDownloads\110122_fcr50_S7809_0006.hex
* Software version 2.8.0.119
* Temperature SN = 7809
* Conductivity SN = 7809
* System UpLoad Time = Nov 18 2022 12:30:49
* <ApplicationData>
* <Seaterm232>
# nquan = 15
# nvalues = 1304                        
# units = specified
# name 0 = depFM: Depth [fresh water, m]
# name 1 = dz/dtM: Descent Rate [m/s]
# name 2 = sbeox0Mg/L: Oxygen, SBE 43 [mg/l]
# name 3 = sbeox0PS: Oxygen, SBE 43 [% saturation]
# name 4 = specc: Specific Conductance [uS/cm]
# name 5 = c0uS/cm: Conductivity [uS/cm]
# name 6 = flECO-AFL: Fluorescence, WET Labs ECO-AFL/FL [mg/m^3]
# name 7 = ph: pH
# name 8 = orp: Oxidation Reduction Potential [mV]
# name 9 = par/sat/log: PAR/Logarithmic, Satlantic
# name 10 = turbWETntu0: Turbidity, WET Labs ECO [NTU]
# name 11 = prdM: Pressure, Strain Gauge [db]
# name 12 = prdE: Pressure, Strain Gauge [psi]
# name 13 = tv290C: Temperature [ITS-90, deg C]
# name 14 = flag:  0.000e+00
# span 0 =     -0.661,      9.705       
# span 1 =     -0.481,      0.235       
# span 2 =    -0.0546,     8.8766       
# span 3 =     -0.411,     78.287       
# span 4 =      1.872,    601.511       
# span 5 =   1.341717, 436.824825       
# span 6 =    -0.1935,    10.1189       
# span 7 =      6.783,      7.856       
# span 8 =   144.1126,  1240.2295       
# span 9 = 1.2365e-01, 4.7489e+02       
# span 10 =    -0.4037,   165.1009      
# span 11 =     -0.650,      9.520      
# span 12 =     -0.942,     13.807      
# span 13 =     7.1460,    11.3286      
# span 14 = 0.0000e+00, 0.0000e+00      
# interval = seconds: 0.25
# start_time = Nov 16 2022 10:44:34 [Instrument's time stamp, header]
# bad_flag = -9.990e-29
*END*
[from data line 1157]
      3.557     -0.203     6.1034     54.790     41.377  29.418260     6.2801      7.825   250.8854 6.4421e+00     4.1121      3.490      5.062    10.5366 0.0000e+00
      3.510     -0.193     6.1065     54.790     41.345  29.398863     6.3368      7.825   251.0130 6.9433e+00     4.0629      3.446      4.998    10.5368 0.0000e+00
      3.455     -0.184     6.1048     54.793     41.317  29.381978     6.4505      7.825   251.5122 7.4792e+00     3.9527      3.387      4.912    10.5376 0.0000e+00
      3.404     -0.179     6.1058     54.810     41.345  29.404291     6.5067      7.825   252.0166 7.8892e+00     3.8731      3.332      4.833    10.5407 0.0000e+00
      3.365     -0.178     6.1055     54.855     41.359  29.415079     6.5081      7.826   252.3796 8.2405e+00     3.8520      3.298      4.784    10.5467 0.0000e+00
      3.330     -0.174     6.1042     54.909     41.318  29.385619     6.4926      7.828   252.8038 8.7237e+00     3.9025      3.270      4.742    10.5507 0.0000e+00
      3.286     -0.166     6.1042     54.959     41.289  29.365069     6.4436      7.829   253.2735 9.3703e+00     3.9724      3.226      4.679    10.5540 0.0000e+00
      3.234     -0.159     6.1039     55.007     41.274  29.356791     6.4079      7.829   253.4986 1.0042e+01     3.9789      3.169      4.595    10.5582 0.0000e+00
      3.187     -0.155     6.1104     55.045     41.258  29.348926     6.4021      7.830   253.6323 1.0576e+01     3.9124      3.119      4.524    10.5592 0.0000e+00
      3.152     -0.150     6.1173     55.089     41.231  29.333375     6.4483      7.830   253.8585 1.0976e+01     3.8864      3.090      4.481    10.5572 0.0000e+00
      3.124     -0.146     6.1220     55.155     41.174  29.295545     6.5337      7.830   254.0823 1.1415e+01     3.9036      3.067      4.448    10.5571 0.0000e+00
      3.092     -0.146     6.1283     55.209     41.135  29.271898     6.5689      7.830   254.2732 1.1941e+01     3.8810      3.034      4.400    10.5606 0.0000e+00
      3.055     -0.152     6.1313     55.254     41.169  29.301037     6.5828      7.831   254.9624 1.2482e+01     3.8525      2.996      4.345    10.5654 0.0000e+00
      3.016     -0.163     6.1328     55.329     41.208  29.330899     6.7843      7.831   255.9618 1.3077e+01     3.8670      2.960      4.293    10.5694 0.0000e+00
      2.972     -0.173     6.1433     55.395     41.188  29.315990     7.1498      7.832   256.2903 1.3743e+01     3.9193      2.917      4.230    10.5726 0.0000e+00
      2.924     -0.182     6.1491     55.423     41.183  29.310954     7.3480      7.833   256.2675 1.4443e+01     3.9373      2.868      4.160    10.5770 0.0000e+00
      2.873     -0.188     6.1480     55.449     41.215  29.333402     7.3668      7.834   256.2876 1.5069e+01     3.8806      2.817      4.085    10.5844 0.0000e+00
      2.824     -0.190     6.1602     55.474     41.215  29.333838     7.4187      7.834   256.2757 1.5565e+01     3.8483      2.768      4.014    10.5880 0.0000e+00
      2.777     -0.189     6.1698     55.494     41.185  29.316229     7.5090      7.834   256.8122 1.6118e+01     3.8875      2.726      3.954    10.5848 0.0000e+00
      2.726     -0.186     6.1693     55.529     41.165  29.310683     7.5513      7.834   257.7843 1.6768e+01     3.9446      2.676      3.880    10.5820 0.0000e+00
      2.675     -0.183     6.1733     55.585     41.180  29.330180     7.5558      7.834   258.3059 1.7300e+01     3.9590      2.619      3.798    10.5830 0.0000e+00
      2.631     -0.183     6.1772     55.652     41.216  29.361800     7.5640      7.834   258.5591 1.7659e+01     3.8909      2.577      3.739    10.5828 0.0000e+00
      2.591     -0.184     6.1766     55.742     41.234  29.376035     7.5921      7.834   258.6941 1.8034e+01     3.8038      2.545      3.690    10.5856 0.0000e+00
      2.547     -0.185     6.1790     55.857     41.236  29.375516     7.6455      7.834   258.5624 1.8484e+01     3.7260      2.501      3.625    10.5991 0.0000e+00
      2.497     -0.185     6.1841     55.958     41.211  29.355516     7.6774      7.834   258.8603 1.8962e+01     3.6670      2.450      3.553    10.6118 0.0000e+00
      2.445     -0.185     6.1902     56.020     41.168  29.324397     7.6697      7.836   259.6287 1.9516e+01     3.6373      2.399      3.479    10.6179 0.0000e+00
      2.393     -0.184     6.1989     56.063     41.156  29.316236     7.6183      7.838   260.1956 2.0096e+01     3.6062      2.344      3.399    10.6200 0.0000e+00
      2.346     -0.181     6.2146     56.110     41.160  29.320228     7.5395      7.839   260.5516 2.0731e+01     3.5987      2.299      3.333    10.6162 0.0000e+00
      2.305     -0.176     6.2280     56.154     41.142  29.309270     7.5073      7.838   260.8359 2.1518e+01     3.6489      2.262      3.281    10.6127 0.0000e+00
      2.264     -0.170     6.2333     56.173     41.138  29.310534     7.5201      7.838   260.9658 2.2393e+01     3.7004      2.222      3.222    10.6130 0.0000e+00
      2.219     -0.164     6.2365     56.169     41.168  29.335522     7.6527      7.838   261.0028 2.3214e+01     3.7091      2.176      3.156    10.6135 0.0000e+00
      2.174     -0.162     6.2424     56.160     41.193  29.357823     7.9197      7.838   260.9396 2.3763e+01     3.6865      2.129      3.090    10.6142 0.0000e+00
      2.133     -0.164     6.2483     56.170     41.230  29.390002     8.0857      7.837   260.8899 2.3918e+01     3.6313      2.090      3.032    10.6168 0.0000e+00
      2.097     -0.168     6.2490     56.196     41.247  29.407632     8.1203      7.837   261.0909 2.3862e+01     3.6225      2.057      2.982    10.6218 0.0000e+00
      2.060     -0.172     6.2479     56.227     41.202  29.380823     8.2215      7.837   261.4768 2.3890e+01     3.6140      2.023      2.934    10.6262 0.0000e+00
      2.015     -0.177     6.2441     56.254     41.197  29.382833     8.4010      7.837   261.8555 2.4211e+01     3.5287      1.980      2.872    10.6316 0.0000e+00
      1.962     -0.184     6.2450     56.285     41.260  29.431937     8.5018      7.837   262.0565 2.4712e+01     3.4793      1.921      2.788    10.6390 0.0000e+00
      1.912     -0.192     6.2471     56.340     41.300  29.467387     8.5163      7.837   261.8420 2.5188e+01     3.4954      1.872      2.715    10.6452 0.0000e+00
      1.865     -0.197     6.2500     56.384     41.322  29.494505     8.4771      7.837   261.4127 2.5779e+01     3.5185      1.831      2.655    10.6526 0.0000e+00
      1.816     -0.198     6.2525     56.387     41.319  29.506257     8.3940      7.838   261.4260 2.6591e+01     3.5532      1.782      2.585    10.6594 0.0000e+00
      1.763     -0.197     6.2523     56.371     41.269  29.482717     8.3512      7.838   261.8314 2.7542e+01     3.6074      1.729      2.506    10.6636 0.0000e+00
      1.710     -0.195     6.2606     56.359     41.232  29.463465     8.3424      7.838   262.1840 2.8458e+01     3.6274      1.676      2.430    10.6697 0.0000e+00
      1.659     -0.194     6.2647     56.340     41.227  29.463674     8.3377      7.839   262.4198 2.9278e+01     3.5897      1.625      2.359    10.6847 0.0000e+00
      1.611     -0.191     6.2611     56.340     41.253  29.485248     8.3195      7.839   262.3591 3.0041e+01     3.4940      1.579      2.290    10.7044 0.0000e+00
      1.566     -0.187     6.2548     56.379     41.317  29.534137     8.2635      7.838   262.0530 3.0939e+01     3.3929      1.537      2.229    10.7195 0.0000e+00
      1.518     -0.183     6.2548     56.443     41.332  29.547652     8.2190      7.837   261.9873 3.2142e+01     3.3911      1.490      2.161    10.7284 0.0000e+00
      1.471     -0.181     6.2501     56.528     41.292  29.521868     8.2217      7.837   262.2532 3.3442e+01     3.4377      1.441      2.088    10.7307 0.0000e+00
      1.426     -0.180     6.2481     56.613     41.309  29.539348     8.2888      7.838   262.6011 3.4874e+01     3.4437      1.399      2.028    10.7339 0.0000e+00
      1.381     -0.180     6.2540     56.680     41.335  29.568834     8.3895      7.839   263.0111 3.6501e+01     3.3960      1.355      1.965    10.7400 0.0000e+00
      1.336     -0.181     6.2587     56.763     41.309  29.561423     8.4404      7.839   263.3378 3.8326e+01     3.3737      1.309      1.898    10.7430 0.0000e+00
      1.291     -0.183     6.2702     56.869     41.319  29.576543     8.4461      7.839   263.2824 4.0487e+01     3.4481      1.267      1.838    10.7437 0.0000e+00
      1.244     -0.187     6.2798     56.958     41.378  29.624871     8.4091      7.839   263.1152 4.2849e+01     3.5088      1.221      1.772    10.7496 0.0000e+00
      1.196     -0.189     6.2829     57.033     41.385  29.638610     8.3345      7.839   263.2090 4.5413e+01     3.4924      1.172      1.701    10.7644 0.0000e+00
      1.146     -0.190     6.2882     57.092     41.342  29.615881     8.2846      7.839   263.3838 4.8294e+01     3.4555      1.125      1.632    10.7809 0.0000e+00
      1.095     -0.189     6.3033     57.119     41.320  29.603638     8.2717      7.839   263.5083 5.1088e+01     3.4386      1.073      1.556    10.7895 0.0000e+00
      1.045     -0.185     6.3102     57.146     41.340  29.617376     8.2537      7.839   263.7675 5.3944e+01     3.4251      1.024      1.484    10.7935 0.0000e+00
      0.998     -0.181     6.3170     57.192     41.393  29.655205     8.2072      7.838   264.1089 5.6689e+01     3.3944      0.978      1.418    10.8058 0.0000e+00
      0.953     -0.178     6.3238     57.239     41.426  29.680656     8.1680      7.837   264.2808 5.8709e+01     3.3746      0.933      1.353    10.8185 0.0000e+00
      0.910     -0.178     6.3236     57.270     41.405  29.671530     8.1543      7.836   264.2969 6.0794e+01     3.3567      0.892      1.294    10.8215 0.0000e+00
      0.870     -0.181     6.3260     57.296     41.395  29.671663     8.2074      7.835   264.3895 6.3477e+01     3.3489      0.854      1.239    10.8193 0.0000e+00
      0.827     -0.188     6.3324     57.329     41.400  29.682273     8.3281      7.835   264.6260 6.7116e+01     3.3827      0.814      1.180    10.8179 0.0000e+00
      0.778     -0.197     6.3389     57.362     41.378  29.673034     8.3978      7.835   264.8331 7.1393e+01     3.3887      0.764      1.107    10.8198 0.0000e+00
      0.723     -0.208     6.3399     57.383     41.390  29.686751     8.3923      7.835   265.0012 7.5985e+01     3.3540      0.710      1.030    10.8267 0.0000e+00
      0.666     -0.219     6.3408     57.381     41.433  29.721349     8.3624      7.835   265.0241 8.1192e+01     3.3727      0.653      0.947    10.8368 0.0000e+00
      0.610     -0.228     6.3439     57.361     41.411  29.710985     8.1947      7.834   264.7661 8.5725e+01     3.4437      0.597      0.865    10.8454 0.0000e+00
      0.553     -0.232     6.3466     57.342     41.370  29.688236     7.9038      7.834   264.5481 9.0244e+01     3.4609      0.545      0.789    10.8544 0.0000e+00
      0.490     -0.230     6.3484     57.323     41.379  29.699885     7.7499      7.833   264.3674 9.6775e+01     3.4102      0.483      0.700    10.8603 0.0000e+00
      0.424     -0.228     6.3482     57.320     41.406  29.725042     7.7237      7.831   264.0439 1.0519e+02     3.4122      0.414      0.600    10.8629 0.0000e+00
      0.363     -0.228     6.3428     57.348     41.415  29.738847     7.6288      7.830   263.7340 1.1261e+02     3.4500      0.351      0.509    10.8697 0.0000e+00
      0.312     -0.231     6.3409     57.417     41.407  29.740017     7.4764      7.830   263.5454 1.1992e+02     3.4575      0.305      0.442    10.8794 0.0000e+00
      0.262     -0.233     6.3365     57.517     41.400  29.739207     7.4043      7.830   263.4839 1.3074e+02     3.4680      0.260      0.378    10.8852 0.0000e+00
      0.205     -0.237     6.3345     57.604     41.380  29.729052     7.3738      7.829   263.3353 1.3959e+02     3.4413      0.205      0.298    10.8908 0.0000e+00
      0.138     -0.243     6.3367     57.687     41.394  29.744037     7.0898      7.828   262.9531 1.4796e+02     3.4083      0.137      0.199    10.9013 0.0000e+00
      0.068     -0.247     6.3412     57.774     41.451  29.793599     6.5933      7.828   262.7345 1.7000e+02     3.4440      0.063      0.092    10.9103 0.0000e+00
      0.004     -0.244     6.3567     57.858     41.467  29.821158     6.3221      7.828   262.7571 2.1150e+02     3.4975      0.003      0.005    10.9151 0.0000e+00
     -0.059     -0.238     6.3627     57.942     41.441  29.823683     6.2744      7.826   262.3670 2.5000e+02     4.1577     -0.054     -0.078    10.9201 0.0000e+00
     -0.123     -0.238     6.3711     58.010     41.416  29.824160     6.0325      7.822   261.5452 2.6005e+02    11.8700     -0.125     -0.181    10.9247 0.0000e+00
     -0.177     -0.243     6.3813     58.091     41.405  29.826954     5.5786      7.821   260.5646 2.5367e+02    26.0022     -0.181     -0.262    10.9314 0.0000e+00
     -0.222     -0.253     6.3851     58.210     41.440  29.857478     5.3316      7.823   261.0072 2.4355e+02    33.7117     -0.209     -0.304    10.9515 0.0000e+00
     -0.283     -0.260     6.3935     58.326     41.554  29.939657     5.3339      7.828   263.9703 2.2534e+02    34.6475     -0.267     -0.386    10.9829 0.0000e+00
     -0.364     -0.256     6.3942     58.397     41.639  29.996433     5.4488      7.833   266.0193 2.0414e+02    37.7266     -0.360     -0.522    11.0073 0.0000e+00
     -0.448     -0.242     6.4000     58.412     41.619  29.973388     6.6038      7.835   265.8216 1.8899e+02    71.0780     -0.441     -0.641    11.0189 0.0000e+00
     -0.524     -0.218     6.4149     58.352     41.556  29.914602     8.7284      7.836   265.8818 1.8034e+02   132.1360     -0.518     -0.752    11.0233 0.0000e+00
     -0.580     -0.182     6.4298     58.204     41.054  29.539218     9.8887      7.837   266.4891 1.7411e+02   165.1009     -0.585     -0.849    11.0237 0.0000e+00
     -0.606     -0.137     6.4378     58.011     35.186  25.307851     9.8713      7.839   267.0556 1.6870e+02   164.5071     -0.597     -0.865    11.0198 0.0000e+00
     -0.624     -0.095     6.4417     57.832     21.919  15.760963     8.3764      7.843   267.7404 1.6239e+02   125.1611     -0.604     -0.876    11.0088 0.0000e+00
     -0.646     -0.060     6.4396     57.749     10.790   7.756270     5.6140      7.844   268.4889 1.5505e+02    52.6237     -0.642     -0.931    10.9914 0.0000e+00
     -0.657     -0.037     6.4231     57.862      7.025   5.049282     4.1125      7.844   269.4795 1.4919e+02    13.0777     -0.648     -0.940    10.9725 0.0000e+00
     -0.658     -0.022     6.4023     58.230      6.437   4.625975     3.8963      7.844   270.4263 1.4421e+02     9.2746     -0.644     -0.934    10.9560 0.0000e+00
     -0.659     -0.012     6.3819     58.880      6.579   4.727500     2.9086      7.844   270.3855 1.3988e+02     6.6066     -0.646     -0.938    10.9446 0.0000e+00
     -0.659     -0.004     6.3685     59.777      7.061   5.073812     1.1256      7.845   269.4166 1.3858e+02     2.3055     -0.645     -0.937    10.9391 0.0000e+00
     -0.659     -0.000     6.3801     60.826      7.243   5.204211     0.1579      7.845   268.0898 1.3656e+02    -0.0303     -0.646     -0.938    10.9365 0.0000e+00
     -0.659 -2.204e-08     6.4200     61.992      6.835   4.911189     0.0808      7.845   266.3031 1.2794e+02    -0.1838     -0.646     -0.937    10.9333 0.0000e+00
     -0.659 -2.424e-07     6.4919     63.212      6.273   4.506751     0.1521      7.847   264.7635 1.1494e+02     0.7567     -0.646     -0.937    10.9282 0.0000e+00
     -0.659 -2.424e-07     6.5996     64.338      6.167   4.429680     0.2867      7.849   264.5310 1.0329e+02     2.5629     -0.646     -0.937    10.9243 0.0000e+00
     -0.659 -2.203e-08     6.7144     65.313      6.510   4.675804     0.3602      7.850   264.6110 9.8500e+01     3.5502     -0.646     -0.938    10.9219 0.0000e+00
