Data/DataNotYetUploadedToEDI/Raw_CTD/RawDownloads/111622_fcr50_S7809006.cnv
* Sea-Bird SBE19plus  Data File:
* FileName = C:\R\Reservoirs\Data\DataNotYetUploadedToEDI\Raw_CTD\RawDownloads\110122_fcr50_S7809_0006.hex
* Software version 2.8.0.119
* Temperature SN = 7809
* Conductivity SN = 7809
* System UpLoad Time = Nov 18 2022 12:30:49
* <ApplicationData>
* <Seaterm232>
# nquan = 15
# nvalues = 1304                        
# units = specified
# name 0 = depFM: Depth [fresh water, m]
# name 1 = dz/dtM: Descent Rate [m/s]
# name 2 = sbeox0Mg/L: Oxygen, SBE 43 [mg/l]
# name 3 = sbeox0PS: Oxygen, SBE 43 [% saturation]
# name 4 = specc: Specific Conductance [uS/cm]
# name 5 = c0uS/cm: Conductivity [uS/cm]
# name 6 = flECO-AFL: Fluorescence, WET Labs ECO-AFL/FL [mg/m^3]
# name 7 = ph: pH
# name 8 = orp: Oxidation Reduction Potential [mV]
# name 9 = par/sat/log: PAR/Logarithmic, Satlantic
# name 10 = turbWETntu0: Turbidity, WET Labs ECO [NTU]
# name 11 = prdM: Pressure, Strain Gauge [db]
# name 12 = prdE: Pressure, Strain Gauge [psi]
# name 13 = tv290C: Temperature [ITS-90, deg C]
# name 14 = flag:  0.000e+00
# span 0 =     -0.661,      9.705       
# span 1 =     -0.481,      0.235       
# span 2 =    -0.0546,     8.8766       
# span 3 =     -0.411,     78.287       
# span 4 =      1.872,    601.511       
# span 5 =   1.341717, 436.824825       
# span 6 =    -0.1935,    10.1189       
# span 7 =      6.783,      7.856       
# span 8 =   144.1126,  1240.2295       
# span 9 = 1.2365e-01, 4.7489e+02       
# span 10 =    -0.4037,   165.1009      
# span 11 =     -0.650,      9.520      
# span 12 =     -0.942,     13.807      
# span 13 =     7.1460,    11.3286      
# span 14 = 0.0000e+00, 0.0000e+00      
# interval = seconds: 0.25
# start_time = Nov 16 2022 10:44:34 [Instrument's time stamp, header]
# bad_flag = -9.990e-29
*END*
[from data line 579]
      4.052      0.030     6.3917     57.526     41.037  29.243732     8.5024      7.795   282.9183 3.6753e+00     3.6302      3.973      5.763    10.6277 0.0000e+00
      4.062      0.030     6.3961     57.514     41.043  29.250750     8.6166      7.796   283.5586 3.6467e+00     3.6627      3.983      5.776    10.6272 0.0000e+00
      4.070      0.037     6.3978     57.486     41.033  29.245100     8.6312      7.798   283.8625 3.6357e+00     3.6175      3.993      5.791    10.6272 0.0000e+00
      4.074      0.053     6.3997     57.446     41.025  29.238820     8.6535      7.799   283.9259 3.6268e+00     3.5953      3.996      5.796    10.6270 0.0000e+00
      4.078      0.074     6.3975     57.435     41.029  29.238197     8.6868      7.798   283.9801 3.5778e+00     3.6338      3.995      5.794    10.6275 0.0000e+00
      4.093      0.094     6.3968     57.449     41.034  29.237563     8.6921      7.798   283.9155 3.4447e+00     3.6397      4.007      5.811    10.6311 0.0000e+00
      4.127      0.108     6.3939     57.457     41.033  29.231159     8.6679      7.797   283.9200 3.2556e+00     3.5982      4.042      5.863    10.6356 0.0000e+00
      4.174      0.113     6.3859     57.460     41.030  29.224149     8.6526      7.796   284.1198 3.0604e+00     3.5754      4.095      5.939    10.6334 0.0000e+00
      4.218      0.110     6.3866     57.481     41.023  29.216185     8.5400      7.794   284.4382 2.9164e+00     3.5351      4.144      6.009    10.6277 0.0000e+00
      4.248      0.097     6.3905     57.519     41.000  29.198259     8.3141      7.794   284.6719 2.8651e+00     3.4521      4.173      6.053    10.6238 0.0000e+00
      4.261      0.077     6.3925     57.546     41.000  29.197588     8.1763      7.795   284.7087 2.8438e+00     3.3931      4.181      6.064    10.6165 0.0000e+00
      4.270      0.055     6.3922     57.554     41.014  29.208065     8.1468      7.796   284.6261 2.8020e+00     3.4014      4.184      6.070    10.6094 0.0000e+00
      4.282      0.039     6.3948     57.576     40.999  29.198155     8.0414      7.795   284.5326 2.7700e+00     3.4846      4.199      6.091    10.6072 0.0000e+00
      4.292      0.031     6.4010     57.619     41.006  29.204546     7.8420      7.795   284.3528 2.7556e+00     3.6130      4.212      6.108    10.6055 0.0000e+00
      4.296      0.028     6.4053     57.655     41.029  29.221947     7.7338      7.795   284.2590 2.7425e+00     3.6898      4.214      6.111    10.6041 0.0000e+00
      4.299      0.026     6.4036     57.676     41.023  29.218375     7.7327      7.795   284.5173 2.7264e+00     3.6965      4.214      6.112    10.6039 0.0000e+00
      4.305      0.023     6.4051     57.675     41.032  29.224754     7.8201      7.795   284.7228 2.6983e+00     3.7625      4.221      6.122    10.6046 0.0000e+00
      4.315      0.019     6.4127     57.676     41.046  29.235674     7.9914      7.795   284.7640 2.6703e+00     3.9061      4.232      6.138    10.6074 0.0000e+00
      4.322      0.018     6.4145     57.702     41.026  29.223630     8.0893      7.795   284.8431 2.6627e+00     3.9638      4.241      6.151    10.6095 0.0000e+00
      4.325      0.019     6.4191     57.729     40.998  29.205918     8.0963      7.795   284.5615 2.6611e+00     3.9133      4.242      6.153    10.6093 0.0000e+00
      4.325      0.022     6.4172     57.732     41.004  29.211699     8.0757      7.794   284.0263 2.6451e+00     3.8089      4.241      6.152    10.6096 0.0000e+00
      4.326      0.026     6.4150     57.712     41.032  29.230141     8.0492      7.793   283.9638 2.6228e+00     3.7264      4.242      6.153    10.6113 0.0000e+00
      4.331      0.028     6.4203     57.693     41.049  29.238719     8.0422      7.792   284.2360 2.5966e+00     3.7354      4.243      6.155    10.6128 0.0000e+00
      4.345      0.029     6.4230     57.677     41.071  29.252022     8.0321      7.792   284.4782 2.5488e+00     3.7124      4.258      6.175    10.6155 0.0000e+00
      4.361      0.029     6.4235     57.643     41.089  29.264191     8.0181      7.792   284.7421 2.5089e+00     3.6537      4.281      6.209    10.6193 0.0000e+00
      4.371      0.025     6.4194     57.603     41.079  29.259072     7.9980      7.792   284.5880 2.5014e+00     3.6406      4.289      6.221    10.6174 0.0000e+00
      4.373      0.018     6.4188     57.597     41.065  29.253518     7.9639      7.792   283.9907 2.4983e+00     3.6567      4.287      6.218    10.6113 0.0000e+00
      4.373      0.010     6.4187     57.637     41.067  29.260443     7.9561      7.793   283.7156 2.4944e+00     3.7109      4.288      6.219    10.6086 0.0000e+00
      4.373      0.004     6.4145     57.688     41.086  29.279410     7.9613      7.794   283.6714 2.4965e+00     3.7150      4.289      6.220    10.6077 0.0000e+00
      4.374      0.002     6.4077     57.720     41.098  29.292665     7.9766      7.794   283.6269 2.4957e+00     3.6040      4.289      6.221    10.6092 0.0000e+00
      4.374      0.002     6.4049     57.750     41.093  29.293930     8.0331      7.794   283.8658 2.4923e+00     3.4961      4.290      6.222    10.6155 0.0000e+00
      4.374      0.003     6.4107     57.794     41.090  29.294714     8.0873      7.794   284.2373 2.4921e+00     3.4700      4.289      6.221    10.6227 0.0000e+00
      4.375      0.006     6.4171     57.824     41.096  29.302154     8.1156      7.793   284.3329 2.4949e+00     3.4935      4.290      6.222    10.6292 0.0000e+00
      4.375      0.010     6.4186     57.818     41.117  29.320491     8.2260      7.793   284.0764 2.4977e+00     3.5407      4.290      6.222    10.6356 0.0000e+00
      4.377      0.014     6.4192     57.788     41.120  29.326256     8.4229      7.793   283.8026 2.4882e+00     3.5971      4.290      6.222    10.6411 0.0000e+00
      4.382      0.015     6.4258     57.763     41.090  29.308458     8.5408      7.794   283.7754 2.4580e+00     3.6621      4.297      6.232    10.6449 0.0000e+00
      4.390      0.015     6.4299     57.773     41.069  29.295478     8.5611      7.794   283.8339 2.4322e+00     3.7121      4.306      6.246    10.6484 0.0000e+00
      4.396      0.014     6.4275     57.786     41.070  29.296112     8.5019      7.794   283.9072 2.4237e+00     3.6551      4.313      6.255    10.6516 0.0000e+00
      4.399      0.011     6.4231     57.776     41.101  29.316122     8.3908      7.795   284.2317 2.4307e+00     3.5198      4.314      6.257    10.6568 0.0000e+00
      4.399      0.007     6.4166     57.774     41.147  29.347232     8.3338      7.796   284.5740 2.4392e+00     3.4423      4.314      6.257    10.6627 0.0000e+00
      4.399      0.004     6.4198     57.775     41.156  29.355299     8.3274      7.796   284.5181 2.4213e+00     3.4355      4.315      6.258    10.6646 0.0000e+00
      4.399      0.004     6.4238     57.753     41.136  29.350269     8.3391      7.796   284.3302 2.4041e+00     3.4712      4.314      6.257    10.6644 0.0000e+00
      4.400      0.007     6.4191     57.718     41.120  29.349812     8.3586      7.796   284.3676 2.4106e+00     3.5324      4.315      6.258    10.6613 0.0000e+00
      4.400      0.012     6.4205     57.675     41.112  29.349791     8.3725      7.795   284.3671 2.4156e+00     3.5956      4.315      6.259    10.6574 0.0000e+00
      4.401      0.016     6.4231     57.636     41.112  29.350017     8.3897      7.794   284.1524 2.4059e+00     3.6549      4.315      6.258    10.6577 0.0000e+00
      4.406      0.020     6.4165     57.627     41.118  29.352542     8.4170      7.796   284.4389 2.3837e+00     3.7027      4.318      6.262    10.6708 0.0000e+00
      4.416      0.029     6.4105     57.633     41.072  29.316926     8.4447      7.797   285.2506 2.3602e+00     3.6957      4.331      6.282    10.6902 0.0000e+00
      4.425      0.041     6.4048     57.642     40.969  29.236350     8.4499      7.795   285.6206 2.3553e+00     3.6373      4.344      6.300    10.6951 0.0000e+00
      4.429      0.051     6.3981     57.658     40.941  29.202408     8.4457      7.794   285.5566 2.3478e+00     3.6454      4.342      6.297    10.6935 0.0000e+00
      4.439      0.055     6.3996     57.675     40.996  29.223474     8.4528      7.794   285.3368 2.2902e+00     3.6916      4.346      6.303    10.6911 0.0000e+00
      4.463      0.055     6.4010     57.695     41.034  29.237472     8.4531      7.794   284.9424 2.1951e+00     3.6158      4.375      6.345    10.6874 0.0000e+00
      4.491      0.054     6.4020     57.725     41.051  29.244867     8.4411      7.794   285.0039 2.1289e+00     3.4456      4.411      6.397    10.6830 0.0000e+00
      4.506      0.054     6.4075     57.754     41.059  29.249484     8.4321      7.794   285.7358 2.1128e+00     3.3766      4.424      6.416    10.6631 0.0000e+00
      4.509      0.054     6.4130     57.769     41.033  29.229901     8.4195      7.793   286.2205 2.1158e+00     3.4303      4.422      6.414    10.6358 0.0000e+00
      4.512      0.055     6.4174     57.772     40.992  29.198263     8.2302      7.792   286.2180 2.1046e+00     3.5484      4.423      6.415    10.6205 0.0000e+00
      4.522      0.058     6.4217     57.770     40.978  29.183913     7.8738      7.792   286.1364 2.0576e+00     3.6766      4.429      6.425    10.6159 0.0000e+00
      4.542      0.063     6.4261     57.760     40.983  29.183175     7.6810      7.791   285.9222 1.9899e+00     3.6822      4.451      6.457    10.6154 0.0000e+00
      4.570      0.066     6.4270     57.742     40.996  29.189333     7.6473      7.791   285.8644 1.9311e+00     3.6164      4.484      6.503    10.6161 0.0000e+00
      4.594      0.062     6.4275     57.725     41.006  29.194982     7.4992      7.792   286.2129 1.8871e+00     3.5989      4.508      6.538    10.6133 0.0000e+00
      4.610      0.052     6.4284     57.703     40.998  29.188075     7.2479      7.792   286.4362 1.8512e+00     3.6406      4.524      6.561    10.6068 0.0000e+00
      4.620      0.039     6.4286     57.664     40.972  29.169214     7.1056      7.791   286.3272 1.8276e+00     3.6761      4.534      6.576    10.6007 0.0000e+00
      4.624      0.028     6.4263     57.628     40.955  29.157112     7.0844      7.791   286.1852 1.8275e+00     3.6524      4.535      6.578    10.5972 0.0000e+00
      4.624      0.024     6.4245     57.607     40.970  29.168534     7.1659      7.792   286.0959 1.8359e+00     3.6282      4.534      6.576    10.5954 0.0000e+00
      4.625      0.026     6.4243     57.599     40.986  29.180532     7.3342      7.794   286.0217 1.8250e+00     3.6571      4.536      6.580    10.5947 0.0000e+00
      4.630      0.035     6.4175     57.584     40.978  29.175398     7.4301      7.794   285.9768 1.8029e+00     3.6937      4.538      6.582    10.5946 0.0000e+00
      4.640      0.047     6.4138     57.559     40.971  29.169843     7.4430      7.792   286.0694 1.7775e+00     3.6962      4.548      6.596    10.5945 0.0000e+00
      4.656      0.058     6.4111     57.560     40.981  29.176758     7.5240      7.791   286.2802 1.7432e+00     3.6867      4.566      6.622    10.5946 0.0000e+00
      4.675      0.062     6.4112     57.596     41.009  29.195624     7.7270      7.791   286.4611 1.6995e+00     3.6816      4.582      6.646    10.5950 0.0000e+00
      4.697      0.060     6.4106     57.635     41.027  29.207774     7.9000      7.792   286.5357 1.6491e+00     3.6681      4.606      6.680    10.5958 0.0000e+00
      4.719      0.052     6.4045     57.660     41.012  29.196871     7.9424      7.793   286.4942 1.6222e+00     3.6257      4.631      6.718    10.5962 0.0000e+00
      4.733      0.041     6.4047     57.692     41.003  29.190579     7.9147      7.793   286.3022 1.6278e+00     3.5787      4.645      6.737    10.5957 0.0000e+00
      4.737      0.029     6.4108     57.736     41.008  29.195096     7.6562      7.793   286.0220 1.6290e+00     3.5780      4.647      6.739    10.5940 0.0000e+00
      4.737      0.018     6.4169     57.777     40.996  29.188096     7.1897      7.793   285.8590 1.6155e+00     3.6170      4.646      6.738    10.5929 0.0000e+00
      4.738      0.011     6.4170     57.803     40.968  29.169329     6.9436      7.793   285.7953 1.6058e+00     3.6414      4.647      6.739    10.5928 0.0000e+00
      4.741      0.010     6.4207     57.806     40.952  29.158370     6.9276      7.794   285.8538 1.6015e+00     3.6332      4.649      6.743    10.5935 0.0000e+00
      4.743      0.018     6.4266     57.797     40.986  29.182376     7.0377      7.795   286.0494 1.5969e+00     3.6208      4.652      6.748    10.5949 0.0000e+00
      4.743      0.030     6.4307     57.772     41.020  29.206012     7.2602      7.795   286.2677 1.5940e+00     3.6281      4.652      6.747    10.5960 0.0000e+00
      4.747      0.041     6.4352     57.723     40.999  29.190581     7.3789      7.795   286.2562 1.5765e+00     3.6530      4.652      6.748    10.5969 0.0000e+00
      4.761      0.050     6.4334     57.658     40.994  29.185971     7.3904      7.795   285.9102 1.5307e+00     3.6483      4.664      6.764    10.5978 0.0000e+00
      4.784      0.055     6.4331     57.609     41.034  29.213661     7.4583      7.795   285.6986 1.4778e+00     3.6061      4.691      6.803    10.5980 0.0000e+00
      4.808      0.058     6.4310     57.608     41.027  29.208418     7.5832      7.797   285.7626 1.4319e+00     3.6208      4.719      6.844    10.5972 0.0000e+00
      4.824      0.062     6.4253     57.648     40.997  29.185969     7.6518      7.797   285.9946 1.3988e+00     3.6889      4.735      6.867    10.5961 0.0000e+00
      4.831      0.067     6.4172     57.694     41.012  29.195814     7.6559      7.796   286.3536 1.3839e+00     3.6787      4.739      6.873    10.5952 0.0000e+00
      4.838      0.071     6.4092     57.719     41.022  29.200660     7.6404      7.796   286.3174 1.3707e+00     3.6679      4.740      6.875    10.5947 0.0000e+00
      4.854      0.076     6.4107     57.730     40.997  29.181161     7.6140      7.796   285.8149 1.3333e+00     3.7627      4.755      6.897    10.5938 0.0000e+00
      4.883      0.081     6.4161     57.753     40.955  29.150239     7.6114      7.797   285.5258 1.2718e+00     3.8347      4.788      6.944    10.5932 0.0000e+00
      4.914      0.087     6.4233     57.770     40.947  29.143738     7.6261      7.797   285.5752 1.2277e+00     3.8554      4.824      6.996    10.5919 0.0000e+00
      4.939      0.093     6.4262     57.760     40.980  29.165948     7.6168      7.797   285.8964 1.2157e+00     3.8762      4.847      7.029    10.5885 0.0000e+00
      4.956      0.097     6.4256     57.740     40.983  29.165211     7.5826      7.797   286.3979 1.1965e+00     3.8817      4.860      7.049    10.5860 0.0000e+00
      4.973      0.096     6.4297     57.729     40.945  29.134819     7.5536      7.796   286.4764 1.1478e+00     3.8534      4.874      7.070    10.5852 0.0000e+00
      4.998      0.091     6.4331     57.735     40.922  29.115442     7.5498      7.794   286.2439 1.0864e+00     3.8416      4.898      7.104    10.5847 0.0000e+00
      5.032      0.082     6.4309     57.754     40.933  29.121102     7.5611      7.792   286.2537 1.0418e+00     3.8760      4.935      7.157    10.5840 0.0000e+00
      5.063      0.071     6.4283     57.783     40.960  29.139861     7.5987      7.792   286.3362 1.0274e+00     3.8247      4.971      7.210    10.5800 0.0000e+00
      5.081      0.056     6.4276     57.814     40.977  29.152067     7.6641      7.793   286.3815 1.0274e+00     3.6993      4.987      7.235    10.5747 0.0000e+00
      5.086      0.039     6.4291     57.826     40.961  29.141900     7.7097      7.794   286.4578 1.0165e+00     3.6927      4.988      7.234    10.5711 0.0000e+00
