Data/DataNotYetUploadedToEDI/Raw_CTD/RawDownloads/111622_bvr50_S7809004.cnv
* Sea-Bird SBE19plus  Data File:
* FileName = C:\R\Reservoirs\Data\DataNotYetUploadedToEDI\Raw_CTD\RawDownloads\110122_fcr50_S7809_0004.hex
* Software version 2.8.0.119
* Temperature SN = 7809
* Conductivity SN = 7809
* System UpLoad Time = Nov 18 2022 12:30:09
* <ApplicationData>
* <Seaterm232>
# nquan = 15
# nvalues = 2620                        
# units = specified
# name 0 = depFM: Depth [fresh water, m]
# name 1 = dz/dtM: Descent Rate [m/s]
# name 2 = sbeox0Mg/L: Oxygen, SBE 43 [mg/l]
# name 3 = sbeox0PS: Oxygen, SBE 43 [% saturation]
# name 4 = specc: Specific Conductance [uS/cm]
# name 5 = c0uS/cm: Conductivity [uS/cm]
# name 6 = flECO-AFL: Fluorescence, WET Labs ECO-AFL/FL [mg/m^3]
# name 7 = ph: pH
# name 8 = orp: Oxidation Reduction Potential [mV]
# name 9 = par/sat/log: PAR/Logarithmic, Satlantic
# name 10 = turbWETntu0: Turbidity, WET Labs ECO [NTU]
# name 11 = prdM: Pressure, Strain Gauge [db]
# name 12 = prdE: Pressure, Strain Gauge [psi]
# name 13 = tv290C: Temperature [ITS-90, deg C]
# name 14 = flag:  0.000e+00
# span 0 =     -0.742,      7.033       
# span 1 =     -0.212,      0.219       
# span 2 =     5.1127,     8.6918       
# span 3 =     45.180,     75.037       
# span 4 =      0.216,     37.387       
# span 5 =   0.139476,  26.153441       
# span 6 =    -0.1902,     2.6178       
# span 7 =     -2.937,      7.969       
# span 8 = -1240.7455,   916.6621       
# span 9 = 1.2362e-01, 4.0383e+02       
# span 10 =    -0.4265,    18.3933      
# span 11 =     -0.728,      6.898      
# span 12 =     -1.055,     10.004      
# span 13 =     7.1906,    10.0218      
# span 14 = 0.0000e+00, 0.0000e+00      
# interval = seconds: 0.25
# start_time = Nov 16 2022 08:41:54 [Instrument's time stamp, header]
# bad_flag = -9.990e-29
*END*
[from data line 675]
      1.725      0.025     6.0628     53.791     37.310  26.125779     1.9877      7.683   279.2080 5.8849e+00    12.8441      1.691      2.453    10.0109 0.0000e+00
      1.733      0.021     6.0659     53.810     37.277  26.101694     1.9649      7.683   279.1160 5.8531e+00    12.7856      1.701      2.466    10.0109 0.0000e+00
      1.738      0.018     6.0683     53.849     37.259  26.087990     1.9652      7.684   278.9968 5.8399e+00    12.8158      1.705      2.473    10.0106 0.0000e+00
      1.741      0.015     6.0696     53.864     37.258  26.086847     1.9740      7.685   278.7990 5.8379e+00    12.8684      1.707      2.478    10.0097 0.0000e+00
      1.742      0.014     6.0699     53.858     37.260  26.087877     1.9712      7.688   278.7028 5.8252e+00    12.8747      1.708      2.477    10.0088 0.0000e+00
      1.743      0.017     6.0697     53.857     37.279  26.100438     1.9655      7.692   278.8666 5.7841e+00    12.8587      1.708      2.478    10.0078 0.0000e+00
      1.747      0.023     6.0793     53.841     37.295  26.111961     1.9627      7.697   279.0586 5.7347e+00    12.8790      1.712      2.484    10.0068 0.0000e+00
      1.752      0.030     6.0798     53.808     37.280  26.100437     1.9700      7.701   279.1314 5.6772e+00    12.9160      1.717      2.490    10.0057 0.0000e+00
      1.761      0.036     6.0764     53.775     37.262  26.087865     1.9800      7.702   279.1446 5.5924e+00    12.9295      1.725      2.502    10.0050 0.0000e+00
      1.776      0.039     6.0796     53.743     37.260  26.086723     1.9915      7.703   279.2177 5.4983e+00    12.9403      1.741      2.525    10.0044 0.0000e+00
      1.791      0.039     6.0769     53.717     37.260  26.086619     2.0093      7.703   279.2414 5.4283e+00    12.9433      1.759      2.551    10.0040 0.0000e+00
      1.802      0.037     6.0721     53.700     37.261  26.086609     2.0293      7.703   279.1734 5.3761e+00    12.9323      1.769      2.564    10.0040 0.0000e+00
      1.808      0.033     6.0692     53.684     37.261  26.086608     2.0417      7.702   279.2560 5.3198e+00    12.9435      1.772      2.570    10.0038 0.0000e+00
      1.814      0.027     6.0651     53.668     37.261  26.086608     2.0259      7.700   279.2927 5.2714e+00    12.9080      1.778      2.579    10.0038 0.0000e+00
      1.821      0.021     6.0617     53.661     37.261  26.086608     1.9634      7.699   279.1010 5.2484e+00    12.8447      1.787      2.591    10.0035 0.0000e+00
      1.826      0.019     6.0606     53.663     37.261  26.086609     1.8847      7.700   279.0037 5.2369e+00    12.8612      1.791      2.598    10.0032 0.0000e+00
      1.830      0.021     6.0592     53.662     37.261  26.086618     1.8563      7.700   279.1491 5.2333e+00    12.9024      1.795      2.604    10.0032 0.0000e+00
      1.832      0.026     6.0561     53.642     37.261  26.086722     1.8613      7.700   279.2236 5.2282e+00    12.8988      1.798      2.608    10.0028 0.0000e+00
      1.834      0.030     6.0561     53.618     37.263  26.087866     1.8713      7.700   279.0443 5.1843e+00    12.8523      1.796      2.606    10.0024 0.0000e+00
      1.844      0.034     6.0564     53.598     37.282  26.100438     1.8936      7.700   278.9602 5.0862e+00    12.8184      1.804      2.617    10.0025 0.0000e+00
      1.859      0.038     6.0576     53.567     37.298  26.111961     1.9139      7.700   279.1527 4.9609e+00    12.8308      1.824      2.646    10.0025 0.0000e+00
      1.873      0.039     6.0543     53.540     37.282  26.100427     1.9261      7.699   279.3075 4.8646e+00    12.8655      1.840      2.669    10.0026 0.0000e+00
      1.882      0.038     6.0504     53.549     37.264  26.087752     1.9326      7.699   279.2835 4.8063e+00    12.8623      1.846      2.677    10.0020 0.0000e+00
      1.890      0.033     6.0504     53.572     37.260  26.085466     1.9426      7.698   279.2067 4.7572e+00    12.8256      1.854      2.687    10.0016 0.0000e+00
      1.898      0.027     6.0459     53.582     37.242  26.072791     1.9551      7.698   279.1532 4.7172e+00    12.8661      1.863      2.700    10.0016 0.0000e+00
      1.904      0.021     6.0403     53.604     37.226  26.061256     1.9678      7.697   279.0657 4.6782e+00    12.9419      1.868      2.709    10.0015 0.0000e+00
      1.909      0.016     6.0428     53.639     37.243  26.072770     1.9790      7.696   279.0094 4.6438e+00    12.8886      1.873      2.716    10.0015 0.0000e+00
      1.912      0.012     6.0482     53.647     37.262  26.085237     1.9742      7.696   278.9892 4.6369e+00    12.7342      1.876      2.721    10.0016 0.0000e+00
      1.914      0.009     6.0462     53.634     37.262  26.085236     1.9597      7.696   278.9930 4.6453e+00    12.6471      1.877      2.722    10.0015 0.0000e+00
      1.914      0.009     6.0485     53.610     37.244  26.072760     1.9619      7.698   279.1420 4.6427e+00    12.6551      1.877      2.723    10.0014 0.0000e+00
      1.915      0.010     6.0561     53.569     37.228  26.061151     1.9683      7.699   279.2416 4.6304e+00    12.7275      1.878      2.724    10.0010 0.0000e+00
      1.916      0.012     6.0558     53.534     37.243  26.071638     1.9618      7.699   279.1644 4.6092e+00    12.8393      1.878      2.724    10.0004 0.0000e+00
      1.920      0.014     6.0529     53.512     37.245  26.072790     1.9660      7.700   279.0697 4.5606e+00    12.9141      1.881      2.729    10.0000 0.0000e+00
      1.927      0.016     6.0529     53.505     37.249  26.075084     1.9778      7.700   279.0426 4.5139e+00    12.9140      1.890      2.743     9.9997 0.0000e+00
      1.933      0.019     6.0451     53.535     37.284  26.099370     1.9796      7.700   279.0089 4.4936e+00    12.8720      1.897      2.751     9.9995 0.0000e+00
      1.936      0.023     6.0417     53.578     37.303  26.112895     1.9952      7.702   279.0922 4.4792e+00    12.8514      1.899      2.754     9.9990 0.0000e+00
      1.940      0.027     6.0405     53.602     37.301  26.111848     2.0251      7.704   279.2760 4.4615e+00    12.8352      1.901      2.758     9.9986 0.0000e+00
      1.946      0.032     6.0362     53.608     37.264  26.086712     2.0337      7.705   279.3390 4.4253e+00    12.8123      1.908      2.767     9.9984 0.0000e+00
      1.956      0.037     6.0421     53.606     37.229  26.062512     2.0324      7.706   279.3370 4.3696e+00    12.8478      1.917      2.781     9.9982 0.0000e+00
      1.968      0.040     6.0489     53.600     37.244  26.072781     2.0677      7.708   279.3377 4.3019e+00    12.9225      1.928      2.797     9.9984 0.0000e+00
      1.981      0.041     6.0504     53.580     37.260  26.084105     2.1280      7.709   279.3474 4.2288e+00    12.9304      1.943      2.818     9.9990 0.0000e+00
      1.993      0.039     6.0512     53.564     37.244  26.072666     2.1536      7.708   279.3684 4.1690e+00    12.8759      1.956      2.837     9.9997 0.0000e+00
      2.004      0.035     6.0501     53.573     37.228  26.061246     2.1440      7.707   279.3337 4.1267e+00    12.8775      1.966      2.851     9.9999 0.0000e+00
      2.012      0.029     6.0504     53.584     37.244  26.072789     2.1121      7.706   279.1861 4.0946e+00    12.9165      1.973      2.861    10.0001 0.0000e+00
      2.017      0.023     6.0478     53.584     37.262  26.085466     2.0595      7.707   279.0463 4.0643e+00    12.9029      1.979      2.870    10.0002 0.0000e+00
      2.022      0.019     6.0433     53.595     37.266  26.087752     2.0237      7.707   279.1054 4.0493e+00    12.8494      1.984      2.878    10.0002 0.0000e+00
      2.025      0.019     6.0469     53.616     37.284  26.100427     2.0210      7.708   279.2988 4.0481e+00    12.8164      1.986      2.880    10.0004 0.0000e+00
      2.027      0.022     6.0492     53.625     37.300  26.111961     2.1017      7.710   279.2337 4.0340e+00    12.8457      1.987      2.881    10.0000 0.0000e+00
      2.031      0.026     6.0470     53.624     37.283  26.100437     2.2497      7.712   279.0927 3.9991e+00    12.8955      1.991      2.887     9.9997 0.0000e+00
      2.039      0.031     6.0482     53.609     37.265  26.087856     2.3209      7.713   279.3147 3.9385e+00    12.9062      1.997      2.896     9.9998 0.0000e+00
      2.050      0.035     6.0528     53.590     37.263  26.086609     2.3222      7.713   279.5083 3.8767e+00    12.8717      2.010      2.915    10.0001 0.0000e+00
      2.062      0.037     6.0525     53.580     37.261  26.085362     2.3819      7.713   279.5411 3.8374e+00    12.8553      2.023      2.936    10.0004 0.0000e+00
      2.073      0.036     6.0528     53.563     37.243  26.072772     2.4928      7.713   279.6249 3.7957e+00    12.8791      2.032      2.947    10.0006 0.0000e+00
      2.083      0.032     6.0515     53.549     37.225  26.061152     2.5558      7.712   279.6610 3.7468e+00    12.8852      2.042      2.962    10.0008 0.0000e+00
      2.090      0.027     6.0467     53.547     37.240  26.071637     2.5620      7.712   279.7201 3.7067e+00    12.8611      2.052      2.976    10.0009 0.0000e+00
      2.095      0.023     6.0487     53.547     37.242  26.072780     2.5501      7.712   279.7366 3.6715e+00    12.8262      2.055      2.980    10.0013 0.0000e+00
      2.099      0.020     6.0448     53.563     37.247  26.074970     2.5038      7.712   279.6889 3.6518e+00    12.8394      2.059      2.986    10.0015 0.0000e+00
      2.103      0.019     6.0428     53.596     37.281  26.098124     2.4350      7.713   279.6593 3.6490e+00    12.8837      2.063      2.991    10.0018 0.0000e+00
      2.107      0.020     6.0445     53.632     37.283  26.099191     2.4006      7.713   279.5516 3.6341e+00    12.8840      2.066      2.995    10.0020 0.0000e+00
      2.112      0.023     6.0419     53.652     37.266  26.087867     2.3873      7.715   279.4192 3.6072e+00    12.8775      2.071      3.004    10.0017 0.0000e+00
      2.118      0.027     6.0451     53.658     37.266  26.087981     2.3908      7.717   279.3485 3.5767e+00    12.9071      2.077      3.012    10.0006 0.0000e+00
      2.125      0.033     6.0489     53.669     37.283  26.100562     2.4269      7.718   279.4710 3.5296e+00    12.9347      2.084      3.022     9.9996 0.0000e+00
      2.134      0.040     6.0541     53.681     37.300  26.113220     2.4493      7.718   279.6960 3.4821e+00    12.9042      2.093      3.035     9.9993 0.0000e+00
      2.143      0.045     6.0567     53.676     37.300  26.114268     2.4443      7.719   279.7457 3.4378e+00    12.8454      2.101      3.048     9.9991 0.0000e+00
      2.156      0.047     6.0556     53.656     37.297  26.113231     2.4421      7.719   279.7274 3.3678e+00    12.9076      2.112      3.064     9.9996 0.0000e+00
      2.173      0.045     6.0571     53.650     37.278  26.100676     2.4481      7.718   279.8193 3.2877e+00    13.0751      2.130      3.090    10.0006 0.0000e+00
      2.189      0.040     6.0595     53.656     37.261  26.089237     2.4420      7.718   279.9110 3.2360e+00    13.1279      2.150      3.119    10.0017 0.0000e+00
      2.199      0.034     6.0589     53.641     37.279  26.101696     2.4349      7.717   279.9755 3.2056e+00    13.0687      2.160      3.132    10.0035 0.0000e+00
      2.204      0.026     6.0541     53.606     37.312  26.124544     2.4535      7.716   280.0828 3.1830e+00    13.0083      2.161      3.135    10.0055 0.0000e+00
      2.208      0.018     6.0533     53.583     37.296  26.111963     2.4830      7.717   280.0898 3.1751e+00    12.9442      2.165      3.140    10.0066 0.0000e+00
      2.210      0.013     6.0565     53.601     37.246  26.076343     2.5009      7.718   279.9733 3.1696e+00    12.9084      2.167      3.143    10.0069 0.0000e+00
      2.211      0.012     6.0545     53.644     37.243  26.074162     2.4953      7.720   279.8795 3.1564e+00    12.8832      2.168      3.144    10.0063 0.0000e+00
      2.214      0.015     6.0492     53.678     37.260  26.085590     2.4739      7.720   279.9015 3.1371e+00    12.8446      2.171      3.149    10.0050 0.0000e+00
      2.217      0.020     6.0450     53.687     37.264  26.087754     2.3665      7.721   279.9822 3.1173e+00    12.8516      2.174      3.154    10.0041 0.0000e+00
      2.221      0.025     6.0480     53.672     37.282  26.100315     2.1621      7.722   279.9943 3.0947e+00    12.8984      2.177      3.157    10.0032 0.0000e+00
      2.228      0.030     6.0554     53.661     37.297  26.110704     2.0421      7.722   280.0468 3.0447e+00    12.9328      2.183      3.166    10.0026 0.0000e+00
      2.239      0.033     6.0587     53.666     37.262  26.086609     2.0302      7.722   280.1014 2.9759e+00    12.9253      2.195      3.184    10.0017 0.0000e+00
      2.252      0.033     6.0614     53.676     37.227  26.062514     2.0430      7.722   279.9655 2.9273e+00    12.9113      2.209      3.204    10.0007 0.0000e+00
      2.262      0.031     6.0572     53.689     37.242  26.072894     2.0728      7.722   279.8669 2.9005e+00    12.9335      2.219      3.218    10.0012 0.0000e+00
      2.269      0.026     6.0550     53.704     37.260  26.085352     2.0906      7.722   279.9416 2.8827e+00    12.9213      2.225      3.227    10.0019 0.0000e+00
      2.274      0.021     6.0574     53.724     37.262  26.086382     2.0921      7.722   279.9228 2.8716e+00    12.8659      2.231      3.236    10.0020 0.0000e+00
      2.277      0.016     6.0575     53.737     37.260  26.085342     2.0988      7.723   279.8975 2.8624e+00    12.8440      2.234      3.240    10.0019 0.0000e+00
      2.279      0.014     6.0595     53.726     37.243  26.072780     2.1134      7.723   279.9798 2.8474e+00    12.8610      2.235      3.241    10.0018 0.0000e+00
      2.281      0.014     6.0609     53.693     37.227  26.061258     2.1355      7.723   279.9722 2.8242e+00    12.9015      2.237      3.245    10.0020 0.0000e+00
      2.284      0.016     6.0633     53.653     37.243  26.072791     2.1579      7.723   279.8916 2.8136e+00    12.9238      2.240      3.249    10.0022 0.0000e+00
      2.288      0.021     6.0662     53.624     37.261  26.085466     2.1597      7.724   279.8649 2.8126e+00    12.8922      2.242      3.251    10.0019 0.0000e+00
      2.293      0.025     6.0647     53.606     37.264  26.087742     2.1490      7.726   279.9074 2.7882e+00    12.8944      2.248      3.260    10.0014 0.0000e+00
      2.301      0.028     6.0601     53.588     37.282  26.100313     2.1454      7.726   279.9755 2.7375e+00    12.9514      2.258      3.274    10.0012 0.0000e+00
      2.311      0.029     6.0549     53.569     37.297  26.110695     2.1489      7.726   280.0001 2.6867e+00    12.9658      2.265      3.285    10.0013 0.0000e+00
      2.321      0.029     6.0514     53.564     37.262  26.086495     2.1249      7.725   279.9470 2.6566e+00    12.9309      2.276      3.301    10.0016 0.0000e+00
      2.329      0.025     6.0505     53.585     37.226  26.061247     2.0631      7.725   279.8491 2.6407e+00    12.8722      2.285      3.315    10.0018 0.0000e+00
      2.335      0.019     6.0478     53.600     37.223  26.058952     2.0344      7.724   279.8491 2.6289e+00    12.8710      2.289      3.321    10.0019 0.0000e+00
      2.340      0.014     6.0458     53.600     37.223  26.058754     2.0447      7.724   279.9475 2.6167e+00    12.9503      2.295      3.328    10.0020 0.0000e+00
      2.342      0.009     6.0431     53.608     37.224  26.058849     2.0458      7.724   279.9202 2.6172e+00    12.9764      2.298      3.333    10.0019 0.0000e+00
      2.341      0.006     6.0482     53.620     37.226  26.060104     2.0477      7.723   279.8637 2.6328e+00    12.9138      2.296      3.329    10.0019 0.0000e+00
      2.341      0.005     6.0513     53.635     37.246  26.073923     2.0677      7.723   279.9527 2.6312e+00    12.8419      2.295      3.330    10.0016 0.0000e+00
