Data/DataNotYetUploadedToEDI/Raw_CTD/RawDownloads/111622_fcr50_S7809006.cnv
* Sea-Bird SBE19plus  Data File:
* FileName = C:\R\Reservoirs\Data\DataNotYetUploadedToEDI\Raw_CTD\RawDownloads\110122_fcr50_S7809_0006.hex
* Software version 2.8.0.119
* Temperature SN = 7809
* Conductivity SN = 7809
* System UpLoad Time = Nov 18 2022 12:30:49
* <ApplicationData>
* <Seaterm232>
# nquan = 15
# nvalues = 1304                        
# units = specified
# name 0 = depFM: Depth [fresh water, m]
# name 1 = dz/dtM: Descent Rate [m/s]
# name 2 = sbeox0Mg/L: Oxygen, SBE 43 [mg/l]
# name 3 = sbeox0PS: Oxygen, SBE 43 [% saturation]
# name 4 = specc: Specific Conductance [uS/cm]
# name 5 = c0uS/cm: Conductivity [uS/cm]
# name 6 = flECO-AFL: Fluorescence, WET Labs ECO-AFL/FL [mg/m^3]
# name 7 = ph: pH
# name 8 = orp: Oxidation Reduction Potential [mV]
# name 9 = par/sat/log: PAR/Logarithmic, Satlantic
# name 10 = turbWETntu0: Turbidity, WET Labs ECO [NTU]
# name 11 = prdM: Pressure, Strain Gauge [db]
# name 12 = prdE: Pressure, Strain Gauge [psi]
# name 13 = tv290C: Temperature [ITS-90, deg C]
# name 14 = flag:  0.000e+00
# span 0 =     -0.661,      9.705       
# span 1 =     -0.481,      0.235       
# span 2 =    -0.0546,     8.8766       
# span 3 =     -0.411,     78.287       
# span 4 =      1.872,    601.511       
# span 5 =   1.341717, 436.824825       
# span 6 =    -0.1935,    10.1189       
# span 7 =      6.783,      7.856       
# span 8 =   144.1126,  1240.2295       
# span 9 = 1.2365e-01, 4.7489e+02       
# span 10 =    -0.4037,   165.1009      
# span 11 =     -0.650,      9.520      
# span 12 =     -0.942,     13.807      
# span 13 =     7.1460,    11.3286      
# span 14 = 0.0000e+00, 0.0000e+00      
# interval = seconds: 0.25
# start_time = Nov 16 2022 10:44:34 [Instrument's time stamp, header]
# bad_flag = -9.990e-29
*END*
[from data line 868]
      7.529      0.087     6.3772     57.112     40.987  29.084698     6.1105      7.787   284.4612 1.2386e-01     5.6641      7.386     10.712    10.4789 0.0000e+00
      7.538      0.107     6.3749     57.112     41.002  29.096223     6.0402      7.785   284.9486 1.2390e-01     5.8958      7.388     10.716    10.4789 0.0000e+00
      7.558      0.122     6.3700     57.130     40.982  29.084702     6.0104      7.783   284.8289 1.2384e-01     6.0593      7.400     10.733    10.4784 0.0000e+00
      7.604      0.130     6.3764     57.151     40.962  29.072181     5.9999      7.783   284.3908 1.2385e-01     6.0701      7.450     10.805    10.4783 0.0000e+00
      7.665      0.128     6.3735     57.164     40.959  29.071619     5.9061      7.782   283.9542 1.2393e-01     6.0954      7.524     10.912    10.4779 0.0000e+00
      7.713      0.116     6.3730     57.168     40.969  29.077907     5.7164      7.782   283.9380 1.2392e-01     6.1940      7.574     10.986    10.4784 0.0000e+00
      7.736      0.092     6.3761     57.178     40.981  29.084813     5.5790      7.783   284.2815 1.2382e-01     6.2375      7.591     11.010    10.4820 0.0000e+00
      7.744      0.063     6.3771     57.191     40.994  29.091727     5.5516      7.785   284.4069 1.2378e-01     6.2452      7.596     11.015    10.4855 0.0000e+00
      7.747      0.041     6.3800     57.191     41.007  29.098109     5.5596      7.785   284.4219 1.2383e-01     6.2530      7.598     11.020    10.4867 0.0000e+00
      7.748      0.035     6.3780     57.181     41.009  29.098585     5.6591      7.784   284.5491 1.2388e-01     6.2629      7.598     11.021    10.4865 0.0000e+00
      7.750      0.040     6.3805     57.168     41.006  29.097486     5.8472      7.784   284.3961 1.2385e-01     6.3308      7.598     11.020    10.4841 0.0000e+00
      7.759      0.050     6.3831     57.153     40.987  29.084813     5.9447      7.784   284.0350 1.2381e-01     6.3568      7.606     11.030    10.4798 0.0000e+00
      7.779      0.059     6.3837     57.148     40.968  29.072144     5.9553      7.786   283.9679 1.2383e-01     6.3049      7.626     11.060    10.4766 0.0000e+00
      7.804      0.069     6.3821     57.171     40.966  29.071094     6.0513      7.786   284.1874 1.2389e-01     6.2149      7.654     11.102    10.4762 0.0000e+00
      7.825      0.078     6.3804     57.211     40.966  29.072118     6.2393      7.786   284.3657 1.2389e-01     6.0889      7.677     11.135    10.4770 0.0000e+00
      7.841      0.083     6.3791     57.248     40.983  29.084527     6.3476      7.786   284.4030 1.2384e-01     6.0448      7.689     11.152    10.4780 0.0000e+00
      7.857      0.082     6.3759     57.282     40.996  29.094337     6.3451      7.785   284.3806 1.2383e-01     6.0576      7.701     11.170    10.4791 0.0000e+00
      7.881      0.077     6.3800     57.311     40.952  29.063949     6.2679      7.785   284.2661 1.2382e-01     6.0734      7.726     11.206    10.4798 0.0000e+00
      7.910      0.072     6.3851     57.331     40.910  29.034071     6.1381      7.786   283.9658 1.2381e-01     6.1669      7.760     11.255    10.4804 0.0000e+00
      7.932      0.068     6.3888     57.342     40.933  29.050047     6.0740      7.786   283.6751 1.2381e-01     6.2657      7.783     11.287    10.4816 0.0000e+00
      7.944      0.068     6.3922     57.329     40.958  29.066933     6.0834      7.787   283.5900 1.2381e-01     6.3120      7.791     11.300    10.4824 0.0000e+00
      7.951      0.073     6.3966     57.294     40.933  29.048064     6.1774      7.788   283.6250 1.2382e-01     6.3168      7.797     11.309    10.4824 0.0000e+00
      7.961      0.083     6.3975     57.269     40.886  29.012075     6.3445      7.788   283.7550 1.2387e-01     6.2896      7.804     11.319    10.4824 0.0000e+00
      7.981      0.095     6.4000     57.253     40.891  29.012141     6.4392      7.786   283.9574 1.2390e-01     6.2911      7.820     11.343    10.4818 0.0000e+00
      8.014      0.103     6.3998     57.254     40.949  29.048865     6.4489      7.784   284.0067 1.2388e-01     6.3005      7.854     11.391    10.4810 0.0000e+00
      8.055      0.102     6.3921     57.277     40.990  29.075737     6.2945      7.784   283.7491 1.2383e-01     6.1981      7.901     11.459    10.4805 0.0000e+00
      8.094      0.092     6.3920     57.297     41.001  29.083474     5.9792      7.785   283.3386 1.2383e-01     5.9751      7.943     11.520    10.4782 0.0000e+00
      8.118      0.077     6.3903     57.318     40.994  29.079024     5.7912      7.786   283.1730 1.2384e-01     5.7903      7.967     11.555    10.4721 0.0000e+00
      8.127      0.061     6.3897     57.350     41.002  29.085331     5.7697      7.787   283.3814 1.2381e-01     5.7402      7.973     11.563    10.4662 0.0000e+00
      8.127      0.051     6.3960     57.380     41.017  29.096337     5.7777      7.786   283.7068 1.2380e-01     5.7792      7.968     11.557    10.4633 0.0000e+00
      8.131      0.048     6.3967     57.405     41.002  29.085317     5.8292      7.786   283.9237 1.2385e-01     5.9207      7.970     11.560    10.4631 0.0000e+00
      8.143      0.051     6.3982     57.434     40.994  29.078869     5.9268      7.785   283.8534 1.2389e-01     6.1183      7.983     11.578    10.4645 0.0000e+00
      8.163      0.056     6.4028     57.474     41.000  29.081759     5.9837      7.785   283.6311 1.2388e-01     6.2221      8.004     11.608    10.4656 0.0000e+00
      8.186      0.060     6.4063     57.514     40.965  29.056877     5.9923      7.786   283.5591 1.2388e-01     6.2534      8.030     11.647    10.4661 0.0000e+00
      8.205      0.063     6.4084     57.540     40.930  29.031577     5.9644      7.786   283.5851 1.2390e-01     6.1886      8.050     11.676    10.4659 0.0000e+00
      8.215      0.067     6.4114     57.543     40.927  29.029433     5.8877      7.786   283.6874 1.2386e-01     6.0192      8.058     11.687    10.4645 0.0000e+00
      8.224      0.072     6.4170     57.533     40.930  29.030953     5.8387      7.786   283.9352 1.2375e-01     5.9477      8.062     11.694    10.4632 0.0000e+00
      8.238      0.077     6.4215     57.513     40.956  29.049952     5.8464      7.786   284.1720 1.2372e-01     6.0076      8.075     11.712    10.4630 0.0000e+00
      8.262      0.080     6.4254     57.477     40.982  29.068967     5.9470      7.786   284.2280 1.2379e-01     6.1285      8.099     11.746    10.4630 0.0000e+00
      8.294      0.080     6.4250     57.453     40.984  29.070697     6.1323      7.786   284.2681 1.2386e-01     6.2472      8.134     11.797    10.4626 0.0000e+00
      8.325      0.073     6.4230     57.451     40.984  29.070864     6.2303      7.786   284.3994 1.2387e-01     6.2824      8.169     11.848    10.4622 0.0000e+00
      8.345      0.059     6.4229     57.423     40.984  29.070987     6.2169      7.786   284.4382 1.2380e-01     6.2808      8.188     11.876    10.4624 0.0000e+00
      8.353      0.041     6.4164     57.352     40.986  29.072185     6.0878      7.785   284.3933 1.2375e-01     6.2622      8.193     11.883    10.4630 0.0000e+00
      8.355      0.025     6.4122     57.268     41.004  29.085340     5.8592      7.785   284.3718 1.2384e-01     6.1933      8.193     11.883    10.4635 0.0000e+00
      8.355      0.017     6.4158     57.202     41.029  29.103266     5.7322      7.786   284.1790 1.2393e-01     6.0971      8.194     11.884    10.4637 0.0000e+00
      8.355      0.023     6.4131     57.158     41.022  29.098751     5.7259      7.787   283.9551 1.2393e-01     6.0215      8.194     11.884    10.4639 0.0000e+00
      8.356      0.043     6.4034     57.140     41.016  29.094141     5.7495      7.787   284.1591 1.2388e-01     6.0986      8.196     11.887    10.4637 0.0000e+00
      8.359      0.067     6.3924     57.151     41.040  29.110920     5.7768      7.785   284.4095 1.2385e-01     6.3460      8.195     11.886    10.4635 0.0000e+00
      8.374      0.085     6.3855     57.186     41.040  29.111449     5.7804      7.783   284.4013 1.2387e-01     6.4852      8.201     11.896    10.4637 0.0000e+00
      8.413      0.093     6.3804     57.237     41.024  29.100537     5.7693      7.784   284.4901 1.2389e-01     6.4500      8.244     11.958    10.4643 0.0000e+00
      8.462      0.091     6.3777     57.279     41.032  29.105772     5.7508      7.784   284.3649 1.2389e-01     6.3985      8.307     12.047    10.4646 0.0000e+00
      8.497      0.081     6.3798     57.294     41.040  29.111344     5.6573      7.783   283.8335 1.2389e-01     6.3741      8.343     12.100    10.4647 0.0000e+00
      8.507      0.061     6.3832     57.298     41.030  29.104523     5.4955      7.783   283.4846 1.2385e-01     6.3941      8.346     12.104    10.4650 0.0000e+00
      8.507      0.037     6.3902     57.299     41.005  29.086686     5.3995      7.784   283.4167 1.2386e-01     6.3672      8.341     12.097    10.4653 0.0000e+00
      8.509      0.016     6.3962     57.294     41.003  29.085859     5.3785      7.784   283.5282 1.2387e-01     6.2543      8.344     12.102    10.4653 0.0000e+00
      8.510      0.006     6.3963     57.279     41.015  29.094518     5.3915      7.784   283.8002 1.2385e-01     6.2243      8.347     12.106    10.4651 0.0000e+00
      8.510      0.004     6.3969     57.259     40.973  29.064593     5.4242      7.784   283.9523 1.2389e-01     6.2776      8.345     12.103    10.4650 0.0000e+00
      8.511      0.006     6.3969     57.244     40.938  29.041008     5.4403      7.785   283.9912 1.2393e-01     6.2848      8.346     12.104    10.4648 0.0000e+00
      8.512      0.008     6.3968     57.244     40.968  29.062927     5.4448      7.787   284.0117 1.2393e-01     6.2768      8.348     12.108    10.4649 0.0000e+00
      8.514      0.011     6.3949     57.241     40.985  29.076034     5.5048      7.787   283.9427 1.2393e-01     6.1799      8.349     12.110    10.4651 0.0000e+00
      8.517      0.013     6.3922     57.218     40.979  29.072704     5.6327      7.787   283.7595 1.2395e-01     5.9674      8.350     12.111    10.4655 0.0000e+00
      8.522      0.013     6.3895     57.186     40.998  29.086056     5.7093      7.786   283.6030 1.2393e-01     5.8250      8.356     12.120    10.4660 0.0000e+00
      8.527      0.012     6.3906     57.166     41.032  29.110689     5.7066      7.786   283.5990 1.2388e-01     5.7907      8.364     12.131    10.4673 0.0000e+00
      8.532      0.011     6.3911     57.173     41.041  29.116972     5.6752      7.787   283.9700 1.2379e-01     5.8603      8.368     12.137    10.4692 0.0000e+00
      8.534      0.008     6.3871     57.200     41.015  29.098636     5.6292      7.787   284.6466 1.2369e-01     5.9840      8.369     12.138    10.4700 0.0000e+00
      8.534      0.005     6.3837     57.236     40.987  29.079156     5.6084      7.787   284.8968 1.2369e-01     6.0564      8.369     12.139    10.4701 0.0000e+00
      8.534      0.004     6.3793     57.281     40.976  29.071623     5.6155      7.788   284.5853 1.2378e-01     6.0873      8.369     12.139    10.4703 0.0000e+00
      8.535      0.006     6.3818     57.332     40.974  29.070943     5.6150      7.790   284.1500 1.2387e-01     6.0838      8.370     12.139    10.4703 0.0000e+00
      8.535      0.011     6.3844     57.382     40.973  29.070942     5.6445      7.790   283.9359 1.2383e-01     6.0136      8.370     12.139    10.4708 0.0000e+00
      8.536      0.020     6.3888     57.420     40.974  29.071613     5.7216      7.789   283.9755 1.2374e-01     5.8876      8.371     12.141    10.4714 0.0000e+00
      8.540      0.034     6.3935     57.450     40.985  29.079053     5.7740      7.789   284.4561 1.2375e-01     5.8238      8.373     12.145    10.4718 0.0000e+00
      8.549      0.052     6.3990     57.463     41.013  29.097504     5.7947      7.789   285.2741 1.2381e-01     5.8237      8.382     12.156    10.4724 0.0000e+00
      8.562      0.071     6.4061     57.463     41.024  29.104524     5.8803      7.787   285.6920 1.2386e-01     5.9552      8.396     12.177    10.4737 0.0000e+00
      8.582      0.086     6.4086     57.462     41.020  29.100537     6.0355      7.786   285.7240 1.2389e-01     6.2860      8.412     12.201    10.4735 0.0000e+00
      8.612      0.095     6.4139     57.458     41.038  29.112687     6.1235      7.786   285.4875 1.2388e-01     6.5437      8.443     12.245    10.4723 0.0000e+00
      8.648      0.097     6.4146     57.445     41.055  29.124638     6.1192      7.786   285.0695 1.2383e-01     6.6121      8.484     12.304    10.4717 0.0000e+00
      8.679      0.096     6.4144     57.418     41.046  29.118251     6.1169      7.786   285.1450 1.2384e-01     6.8401      8.515     12.350    10.4704 0.0000e+00
      8.699      0.092     6.4145     57.389     41.019  29.098866     6.1455      7.786   285.7115 1.2383e-01     7.3525      8.533     12.377    10.4690 0.0000e+00
      8.714      0.084     6.4142     57.372     40.993  29.080427     6.1738      7.786   285.9813 1.2374e-01     7.6833      8.543     12.392    10.4682 0.0000e+00
      8.731      0.073     6.4139     57.337     41.000  29.085472     6.1847      7.787   285.8261 1.2376e-01     7.6977      8.559     12.414    10.4678 0.0000e+00
      8.755      0.063     6.4098     57.242     41.015  29.096477     6.1936      7.787   285.8140 1.2384e-01     7.2527      8.586     12.451    10.4677 0.0000e+00
      8.777      0.053     6.4056     57.110     41.002  29.086708     6.2071      7.787   285.9219 1.2382e-01     6.4369      8.613     12.491    10.4676 0.0000e+00
      8.790      0.043     6.4049     56.992     41.012  29.094142     6.2148      7.788   285.4961 1.2379e-01     6.0329      8.624     12.509    10.4675 0.0000e+00
      8.794      0.032     6.4043     56.929     41.052  29.122966     6.2121      7.789   284.7955 1.2377e-01     6.0224      8.624     12.508    10.4678 0.0000e+00
      8.797      0.020     6.3915     56.906     41.044  29.118251     6.1324      7.789   284.5913 1.2375e-01     5.8999      8.627     12.512    10.4680 0.0000e+00
      8.801      0.011     6.3749     56.892     41.019  29.100534     5.9747      7.789   284.6624 1.2378e-01     5.6444      8.632     12.520    10.4680 0.0000e+00
      8.802      0.008     6.3593     56.913     41.017  29.098914     5.8873      7.789   284.8814 1.2381e-01     5.4958      8.631     12.519    10.4681 0.0000e+00
      8.803      0.010     6.3531     56.989     41.017  29.098672     5.8911      7.788   285.3449 1.2381e-01     5.5376      8.632     12.520    10.4685 0.0000e+00
      8.805      0.020     6.3534     57.099     41.015  29.097611     5.9040      7.787   285.4494 1.2382e-01     5.6031      8.635     12.524    10.4690 0.0000e+00
      8.805      0.036     6.3492     57.189     41.000  29.086085     5.9852      7.787   284.6823 1.2384e-01     5.8094      8.635     12.525    10.4691 0.0000e+00
      8.809      0.056     6.3507     57.223     41.000  29.086085     6.1405      7.787   283.6408 1.2387e-01     6.2209      8.635     12.524    10.4690 0.0000e+00
      8.823      0.073     6.3600     57.217     41.018  29.097621     6.2161      7.787   283.2676 1.2389e-01     6.4458      8.647     12.542    10.4691 0.0000e+00
      8.853      0.084     6.3751     57.196     41.021  29.098776     6.2253      7.786   283.4395 1.2385e-01     6.4793      8.678     12.586    10.4691 0.0000e+00
      8.889      0.087     6.3870     57.154     41.023  29.100058     6.2856      7.786   283.5681 1.2379e-01     6.4552      8.720     12.646    10.4689 0.0000e+00
      8.922      0.083     6.3899     57.114     41.041  29.113117     6.3705      7.786   283.4462 1.2373e-01     6.3256      8.754     12.695    10.4685 0.0000e+00
