Data/DataNotYetUploadedToEDI/Raw_CTD/RawDownloads/111622_bvr50_S8188005.cnv
* Sea-Bird SBE19plus  Data File:
* FileName = C:\R\Reservoirs\Data\DataNotYetUploadedToEDI\Raw_CTD\RawDownloads\110122_fcr50_S8188_0005.hex
* Software version 2.8.0.119
* Temperature SN = 8188
* Conductivity SN = 8188
* System UpLoad Time = Nov 18 2022 12:45:38
* <ApplicationData>
* <Seaterm232>
# nquan = 16
# nvalues = 2097                        
# units = specified
# name 0 = depFM: Depth [fresh water, m]
# name 1 = dz/dtM: Descent Rate [m/s]
# name 2 = sbeox0Mg/L: Oxygen, SBE 43 [mg/l]
# name 3 = sbeox0PS: Oxygen, SBE 43 [% saturation]
# name 4 = specc: Specific Conductance [uS/cm]
# name 5 = c0uS/cm: Conductivity [uS/cm]
# name 6 = wetCDOM: Fluorescence, WET Labs CDOM [mg/m^3]
# name 7 = flECO-AFL: Fluorescence, WET Labs ECO-AFL/FL [mg/m^3]
# name 8 = flECO-AFL1: Fluorescence, WET Labs ECO-AFL/FL, 2 [mg/m^3]
# name 9 = flECO-AFL2: Fluorescence, WET Labs ECO-AFL/FL, 3 [mg/m^3]
# name 10 = par/sat/log: PAR/Logarithmic, Satlantic
# name 11 = turbWETntu0: Turbidity, WET Labs ECO [NTU]
# name 12 = prdM: Pressure, Strain Gauge [db]
# name 13 = prdE: Pressure, Strain Gauge [psi]
# name 14 = tv290C: Temperature [ITS-90, deg C]
# name 15 = flag:  0.000e+00
# span 0 =     -0.745,      6.907       
# span 1 =     -0.133,      0.151       
# span 2 =     6.0260,    10.9582       
# span 3 =     53.222,     95.418       
# span 4 =      0.338,     37.544       
# span 5 =   0.220880,  26.281992       
# span 6 =    -0.0900,     7.4700       
# span 7 =    -0.2414,     8.0290       
# span 8 =    -0.0426,     0.4686       
# span 9 =    -0.2961,     0.6768       
# span 10 = 1.1590e-01, 4.3069e+02      
# span 11 =    -0.4835,    94.1613      
# span 12 =     -0.731,      6.773      
# span 13 =     -1.060,      9.824      
# span 14 =     7.6828,    10.0029      
# span 15 = 0.0000e+00, 0.0000e+00      
# interval = seconds: 0.25
# start_time = Nov 16 2022 08:20:55 [Instrument's time stamp, header]
# bad_flag = -9.990e-29
*END*
[from data line 633]
      2.883      0.024     7.8669     69.677     37.417  26.184746     7.3800     1.6126     0.4260     0.2538 1.8909e+00    12.3222      2.827      4.100     9.9883 0.0000e+00
      2.889      0.025     7.8651     69.693     37.421  26.187457     7.3800     1.6164     0.4260     0.2538 1.9383e+00    12.2019      2.833      4.109     9.9881 0.0000e+00
      2.896      0.027     7.8646     69.713     37.423  26.188820     7.3800     1.5973     0.4260     0.2538 1.8627e+00    12.1869      2.840      4.119     9.9880 0.0000e+00
      2.903      0.028     7.8652     69.732     37.418  26.185242     7.3800     1.5783     0.4260     0.2538 1.8518e+00    12.2621      2.847      4.129     9.9879 0.0000e+00
      2.911      0.029     7.8665     69.743     37.399  26.171808     7.2900     1.4142     0.3834     0.2538 1.8026e+00    12.5627      2.854      4.140     9.9879 0.0000e+00
      2.918      0.030     7.8683     69.744     37.383  26.160773     7.2900     1.3951     0.3834     0.2538 1.8510e+00    12.5176      2.862      4.150     9.9879 0.0000e+00
      2.926      0.032     7.8706     69.739     37.383  26.161073     7.2900     1.4142     0.3834     0.2538 1.8350e+00    12.3823      2.869      4.161     9.9878 0.0000e+00
      2.934      0.033     7.8728     69.732     37.388  26.164869     7.2900     1.4333     0.3834     0.2538 1.8140e+00    12.5627      2.877      4.172     9.9878 0.0000e+00
      2.942      0.033     7.8740     69.725     37.389  26.165255     7.3800     1.4791     0.3834     0.2961 1.7091e+00    12.2470      2.885      4.185     9.9879 0.0000e+00
      2.951      0.034     7.8740     69.719     37.390  26.166292     7.3800     1.4638     0.3834     0.2961 1.7402e+00    12.2921      2.894      4.198     9.9881 0.0000e+00
      2.960      0.034     7.8734     69.712     37.392  26.168258     7.3800     1.4486     0.3834     0.2961 1.6793e+00    12.2771      2.903      4.211     9.9883 0.0000e+00
      2.969      0.034     7.8725     69.707     37.391  26.167717     7.3800     1.4791     0.3834     0.2961 1.6753e+00    12.2621      2.912      4.223     9.9885 0.0000e+00
      2.978      0.034     7.8717     69.705     37.392  26.168485     7.2900     1.3951     0.3834     0.3384 1.6764e+00    12.1568      2.920      4.236     9.9887 0.0000e+00
      2.987      0.033     7.8710     69.703     37.396  26.170766     7.2900     1.4066     0.3834     0.3384 1.6464e+00    12.2621      2.929      4.248     9.9889 0.0000e+00
      2.995      0.032     7.8702     69.705     37.391  26.167250     7.2900     1.3913     0.3834     0.3384 1.6450e+00    12.2771      2.937      4.260     9.9891 0.0000e+00
      3.003      0.031     7.8697     69.717     37.382  26.160959     7.2900     1.4066     0.3834     0.3384 1.6515e+00    12.2921      2.945      4.272     9.9893 0.0000e+00
      3.011      0.030     7.8694     69.735     37.378  26.158133     7.2900     1.4219     0.3834     0.2961 1.5909e+00    12.4875      2.953      4.283     9.9894 0.0000e+00
      3.019      0.029     7.8692     69.755     37.378  26.158019     7.2900     1.4104     0.3834     0.2961 1.5530e+00    12.4574      2.961      4.294     9.9894 0.0000e+00
      3.026      0.028     7.8694     69.774     37.382  26.160587     7.2900     1.4180     0.3834     0.2961 1.5774e+00    12.5777      2.968      4.305     9.9893 0.0000e+00
      3.033      0.026     7.8708     69.786     37.385  26.162561     7.2900     1.3990     0.3834     0.2961 1.5587e+00    12.5476      2.975      4.314     9.9892 0.0000e+00
      3.039      0.025     7.8728     69.789     37.388  26.164470     7.2900     1.4219     0.3834     0.2961 1.5638e+00    12.2170      2.981      4.323     9.9890 0.0000e+00
      3.045      0.025     7.8751     69.787     37.397  26.170780     7.2900     1.3837     0.3834     0.2538 1.5665e+00    12.3222      2.987      4.332     9.9889 0.0000e+00
      3.052      0.024     7.8773     69.783     37.403  26.175255     7.2900     1.4142     0.3834     0.2538 1.5805e+00    12.2320      2.993      4.340     9.9887 0.0000e+00
      3.058      0.024     7.8786     69.777     37.403  26.175131     7.2900     1.4180     0.3834     0.2538 1.5332e+00    12.1568      2.999      4.349     9.9886 0.0000e+00
      3.064      0.024     7.8790     69.770     37.407  26.178292     7.2900     1.3951     0.3834     0.2538 1.5372e+00    12.4875      3.005      4.358     9.9885 0.0000e+00
      3.071      0.023     7.8788     69.762     37.418  26.185581     7.3800     1.4219     0.3834     0.2538 1.5077e+00    12.4725      3.011      4.367     9.9884 0.0000e+00
      3.077      0.022     7.8783     69.753     37.425  26.191024     7.3800     1.4028     0.3834     0.2538 1.4866e+00    12.4875      3.017      4.376     9.9884 0.0000e+00
      3.083      0.021     7.8776     69.744     37.427  26.192113     7.3800     1.4180     0.3834     0.2538 1.4750e+00    12.4424      3.023      4.385     9.9884 0.0000e+00
      3.088      0.020     7.8768     69.739     37.423  26.189138     7.3800     1.5973     0.3834     0.2538 1.4474e+00    12.5025      3.028      4.392     9.9885 0.0000e+00
      3.093      0.018     7.8760     69.738     37.418  26.185264     7.2900     1.5783     0.4260     0.2538 1.4607e+00    12.4725      3.033      4.399     9.9885 0.0000e+00
      3.097      0.016     7.8749     69.738     37.421  26.187379     7.2900     1.5859     0.4260     0.2538 1.4603e+00    12.3973      3.037      4.405     9.9884 0.0000e+00
      3.101      0.014     7.8739     69.742     37.433  26.196045     7.2900     1.6164     0.4260     0.2538 1.4869e+00    12.3823      3.040      4.410     9.9884 0.0000e+00
      3.104      0.013     7.8734     69.756     37.446  26.205656     7.2900     2.0398     0.4260     0.2538 1.4515e+00    12.2771      3.044      4.415     9.9883 0.0000e+00
      3.107      0.012     7.8732     69.777     37.454  26.210854     7.2900     2.0131     0.4260     0.2538 1.4712e+00    12.1418      3.047      4.419     9.9883 0.0000e+00
      3.110      0.012     7.8732     69.801     37.451  26.209067     7.2900     2.0093     0.3834     0.2115 1.4141e+00    12.2621      3.050      4.423     9.9883 0.0000e+00
      3.113      0.012     7.8737     69.824     37.444  26.203777     7.2900     2.0360     0.3834     0.2115 1.4737e+00    12.2921      3.052      4.427     9.9883 0.0000e+00
      3.116      0.012     7.8753     69.842     37.435  26.197535     7.2900     1.8224     0.3834     0.2115 1.4374e+00    12.5476      3.055      4.431     9.9883 0.0000e+00
      3.118      0.012     7.8777     69.847     37.423  26.188674     7.2900     1.8033     0.3834     0.2115 1.4622e+00    12.4725      3.058      4.435     9.9882 0.0000e+00
      3.121      0.014     7.8804     69.838     37.409  26.178791     7.2900     1.8377     0.4260     0.2961 1.4383e+00    12.4274      3.061      4.439     9.9882 0.0000e+00
      3.125      0.015     7.8830     69.819     37.395  26.169210     7.2900     1.8453     0.4260     0.2961 1.4629e+00    12.5476      3.064      4.444     9.9881 0.0000e+00
      3.128      0.017     7.8851     69.790     37.378  26.157376     7.2900     1.6469     0.4260     0.2961 1.4737e+00    12.2921      3.068      4.449     9.9880 0.0000e+00
      3.133      0.020     7.8857     69.755     37.358  26.144093     7.2900     1.5783     0.4260     0.2961 1.4686e+00    12.1869      3.072      4.456     9.9879 0.0000e+00
      3.138      0.023     7.8847     69.721     37.343  26.133737     7.2900     1.5783     0.4260     0.2538 1.4262e+00    12.3071      3.077      4.463     9.9879 0.0000e+00
      3.144      0.025     7.8825     69.691     37.334  26.127506     7.2900     1.5859     0.4260     0.2538 1.4321e+00    12.1568      3.084      4.472     9.9879 0.0000e+00
      3.152      0.026     7.8792     69.672     37.329  26.123738     7.2900     1.5744     0.4260     0.2538 1.3496e+00    12.1568      3.091      4.482     9.9880 0.0000e+00
      3.159      0.027     7.8753     69.668     37.331  26.125388     7.2900     1.8453     0.4260     0.2538 1.3304e+00    12.4875      3.098      4.493     9.9881 0.0000e+00
      3.167      0.027     7.8714     69.681     37.342  26.132895     7.2900     1.8415     0.4260     0.2961 1.3214e+00    12.4875      3.105      4.504     9.9882 0.0000e+00
      3.174      0.026     7.8679     69.710     37.353  26.140343     7.2900     1.8605     0.4260     0.2961 1.3097e+00    12.5476      3.112      4.514     9.9884 0.0000e+00
      3.180      0.025     7.8657     69.748     37.366  26.149719     7.2900     1.8377     0.4260     0.2961 1.3519e+00    12.3823      3.118      4.523     9.9886 0.0000e+00
      3.186      0.023     7.8653     69.781     37.386  26.163521     7.2900     1.7843     0.4260     0.2961 1.3134e+00    12.2771      3.124      4.531     9.9887 0.0000e+00
      3.192      0.022     7.8668     69.800     37.406  26.177513     7.2900     1.7690     0.4260     0.2961 1.2958e+00    12.2921      3.130      4.539     9.9887 0.0000e+00
      3.197      0.021     7.8701     69.800     37.420  26.187507     7.3800     1.7652     0.4260     0.2961 1.2732e+00    12.2470      3.135      4.547     9.9887 0.0000e+00
      3.202      0.020     7.8744     69.781     37.422  26.188249     7.3800     1.7995     0.4260     0.2961 1.2802e+00    12.2771      3.140      4.555     9.9887 0.0000e+00
      3.207      0.019     7.8781     69.750     37.416  26.183897     7.3800     1.7843     0.4260     0.2961 1.2927e+00    12.2921      3.145      4.561     9.9886 0.0000e+00
      3.211      0.018     7.8802     69.712     37.417  26.185167     7.3800     1.7881     0.4260     0.2961 1.2310e+00    12.3071      3.149      4.568     9.9886 0.0000e+00
      3.216      0.018     7.8802     69.673     37.428  26.192398     7.3800     1.7728     0.4260     0.2538 1.2551e+00    12.2621      3.153      4.574     9.9885 0.0000e+00
      3.220      0.018     7.8782     69.645     37.438  26.199601     7.3800     1.7575     0.4260     0.2538 1.2545e+00    12.2621      3.158      4.580     9.9884 0.0000e+00
      3.224      0.019     7.8747     69.635     37.439  26.200777     7.3800     1.5363     0.4260     0.2538 1.2743e+00    12.1869      3.162      4.586     9.9883 0.0000e+00
      3.229      0.020     7.8704     69.644     37.432  26.196240     7.3800     1.4905     0.4260     0.2538 1.2710e+00    12.2771      3.167      4.593     9.9883 0.0000e+00
      3.234      0.021     7.8660     69.666     37.421  26.188739     7.2900     1.5172     0.3834     0.2961 1.2606e+00    12.2170      3.172      4.600     9.9882 0.0000e+00
      3.240      0.023     7.8627     69.691     37.409  26.180233     7.2900     1.5287     0.3834     0.2961 1.2421e+00    12.2170      3.177      4.609     9.9884 0.0000e+00
      3.246      0.024     7.8616     69.716     37.403  26.176373     7.2900     1.5592     0.3834     0.2961 1.2035e+00    12.2621      3.183      4.617     9.9887 0.0000e+00
      3.253      0.024     7.8626     69.742     37.397  26.172170     7.2900     1.5096     0.3834     0.2961 1.2223e+00    12.1869      3.190      4.626     9.9890 0.0000e+00
      3.259      0.025     7.8650     69.763     37.383  26.162544     7.3800     1.5058     0.3834     0.2961 1.1828e+00    12.2771      3.196      4.636     9.9893 0.0000e+00
      3.266      0.025     7.8678     69.779     37.369  26.152847     7.3800     1.5363     0.3834     0.2961 1.1677e+00    12.2621      3.202      4.645     9.9897 0.0000e+00
      3.272      0.024     7.8706     69.793     37.357  26.144451     7.3800     1.5363     0.3834     0.2961 1.1524e+00    12.5627      3.209      4.654     9.9900 0.0000e+00
      3.278      0.024     7.8734     69.807     37.350  26.139078     7.3800     1.5325     0.3834     0.2961 1.1529e+00    12.4875      3.215      4.663     9.9902 0.0000e+00
      3.284      0.023     7.8758     69.815     37.344  26.135295     7.3800     1.5172     0.3834     0.2961 1.1481e+00    12.5777      3.221      4.671     9.9904 0.0000e+00
      3.290      0.023     7.8775     69.811     37.340  26.132093     7.2900     1.5210     0.3834     0.3807 1.1559e+00    12.4574      3.226      4.679     9.9904 0.0000e+00
      3.295      0.023     7.8791     69.795     37.347  26.136536     7.2900     1.6088     0.3834     0.3807 1.1612e+00    12.2621      3.232      4.687     9.9903 0.0000e+00
      3.301      0.023     7.8807     69.767     37.354  26.141892     7.2900     1.6011     0.3834     0.3807 1.1399e+00    12.3222      3.237      4.695     9.9901 0.0000e+00
      3.307      0.023     7.8816     69.731     37.348  26.137710     7.2900     1.6088     0.3834     0.3807 1.1379e+00    12.2621      3.243      4.704     9.9898 0.0000e+00
      3.313      0.023     7.8812     69.695     37.344  26.134752     7.3800     1.5821     0.3834     0.3384 1.1451e+00    12.2470      3.249      4.712     9.9896 0.0000e+00
      3.319      0.023     7.8795     69.666     37.357  26.144109     7.3800     1.4753     0.3834     0.3384 1.1043e+00    12.5176      3.255      4.721     9.9895 0.0000e+00
      3.325      0.023     7.8764     69.654     37.381  26.160357     7.3800     1.4867     0.3834     0.3384 1.0891e+00    12.4875      3.261      4.730     9.9894 0.0000e+00
      3.331      0.023     7.8724     69.664     37.398  26.171991     7.3800     1.4486     0.3834     0.3384 1.1142e+00    12.3973      3.267      4.738     9.9894 0.0000e+00
      3.337      0.023     7.8682     69.689     37.401  26.174195     7.2900     1.4638     0.3834     0.2115 1.0810e+00    12.3673      3.273      4.747     9.9894 0.0000e+00
      3.343      0.023     7.8650     69.721     37.397  26.171516     7.2900     1.4753     0.3834     0.2115 1.0656e+00    12.2320      3.278      4.755     9.9894 0.0000e+00
      3.349      0.023     7.8636     69.756     37.397  26.171157     7.2900     1.4524     0.3834     0.2115 1.0521e+00    12.2320      3.284      4.763     9.9893 0.0000e+00
      3.355      0.022     7.8648     69.787     37.405  26.176984     7.2900     1.4447     0.3834     0.2115 1.0573e+00    12.3222      3.290      4.772     9.9891 0.0000e+00
      3.360      0.022     7.8676     69.808     37.414  26.182631     7.2900     1.4638     0.3834     0.2961 1.0754e+00    12.2921      3.296      4.780     9.9890 0.0000e+00
      3.366      0.021     7.8713     69.815     37.412  26.181685     7.2900     1.4066     0.3834     0.2961 1.0272e+00    12.5025      3.301      4.787     9.9889 0.0000e+00
      3.371      0.020     7.8752     69.807     37.407  26.177853     7.2900     1.4142     0.3834     0.2961 1.0371e+00    12.4424      3.306      4.795     9.9888 0.0000e+00
      3.376      0.018     7.8787     69.789     37.407  26.178032     7.2900     1.3951     0.3834     0.2961 9.8353e-01    12.5777      3.311      4.802     9.9886 0.0000e+00
      3.381      0.017     7.8811     69.765     37.414  26.182270     7.2900     1.4180     0.3834     0.2961 1.0339e+00    12.4574      3.316      4.809     9.9885 0.0000e+00
      3.385      0.015     7.8819     69.734     37.416  26.183778     7.2900     1.5783     0.3834     0.3384 1.0259e+00    12.2170      3.319      4.815     9.9883 0.0000e+00
      3.388      0.013     7.8810     69.692     37.415  26.182958     7.2900     1.5706     0.3834     0.3384 9.9644e-01    12.3071      3.323      4.820     9.9882 0.0000e+00
      3.391      0.012     7.8791     69.644     37.416  26.183551     7.2900     1.5783     0.3834     0.3384 9.8846e-01    12.0967      3.326      4.824     9.9882 0.0000e+00
      3.394      0.011     7.8764     69.602     37.419  26.185716     7.2900     1.5744     0.3834     0.3384 1.0080e+00    12.1568      3.328      4.828     9.9881 0.0000e+00
      3.396      0.010     7.8728     69.574     37.425  26.190029     7.2900     1.3074     0.4260     0.2538 1.0113e+00    12.2320      3.331      4.831     9.9881 0.0000e+00
