Data/DataNotYetUploadedToEDI/Raw_CTD/RawDownloads/111622_bvr50_S7809004.cnv
* Sea-Bird SBE19plus  Data File:
* FileName = C:\R\Reservoirs\Data\DataNotYetUploadedToEDI\Raw_CTD\RawDownloads\110122_fcr50_S7809_0004.hex
* Software version 2.8.0.119
* Temperature SN = 7809
* Conductivity SN = 7809
* System UpLoad Time = Nov 18 2022 12:30:09
* <ApplicationData>
* <Seaterm232>
# nquan = 15
# nvalues = 2620                        
# units = specified
# name 0 = depFM: Depth [fresh water, m]
# name 1 = dz/dtM: Descent Rate [m/s]
# name 2 = sbeox0Mg/L: Oxygen, SBE 43 [mg/l]
# name 3 = sbeox0PS: Oxygen, SBE 43 [% saturation]
# name 4 = specc: Specific Conductance [uS/cm]
# name 5 = c0uS/cm: Conductivity [uS/cm]
# name 6 = flECO-AFL: Fluorescence, WET Labs ECO-AFL/FL [mg/m^3]
# name 7 = ph: pH
# name 8 = orp: Oxidation Reduction Potential [mV]
# name 9 = par/sat/log: PAR/Logarithmic, Satlantic
# name 10 = turbWETntu0: Turbidity, WET Labs ECO [NTU]
# name 11 = prdM: Pressure, Strain Gauge [db]
# name 12 = prdE: Pressure, Strain Gauge [psi]
# name 13 = tv290C: Temperature [ITS-90, deg C]
# name 14 = flag:  0.000e+00
# span 0 =     -0.742,      7.033       
# span 1 =     -0.212,      0.219       
# span 2 =     5.1127,     8.6918       
# span 3 =     45.180,     75.037       
# span 4 =      0.216,     37.387       
# span 5 =   0.139476,  26.153441       
# span 6 =    -0.1902,     2.6178       
# span 7 =     -2.937,      7.969       
# span 8 = -1240.7455,   916.6621       
# span 9 = 1.2362e-01, 4.0383e+02       
# span 10 =    -0.4265,    18.3933      
# span 11 =     -0.728,      6.898      
# span 12 =     -1.055,     10.004      
# span 13 =     7.1906,    10.0218      
# span 14 = 0.0000e+00, 0.0000e+00      
# interval = seconds: 0.25
# start_time = Nov 16 2022 08:41:54 [Instrument's time stamp, header]
# bad_flag = -9.990e-29
*END*
[from data line 482]
      0.949      0.001     6.0568     53.652     37.241  26.072880     1.8758      7.571   278.0283 1.6966e+01    12.7510      0.930      1.349    10.0055 0.0000e+00
      0.949      0.001     6.0559     53.669     37.261  26.086595     1.9060      7.571   277.9208 1.6951e+01    12.8400      0.931      1.350    10.0053 0.0000e+00
      0.949      0.001     6.0537     53.669     37.281  26.100205     1.9220      7.571   277.9335 1.6907e+01    12.7950      0.931      1.351    10.0050 0.0000e+00
      0.949      0.001     6.0521     53.654     37.297  26.110682     1.9205      7.572   278.0099 1.6923e+01    12.7541      0.931      1.350    10.0043 0.0000e+00
      0.949      0.001     6.0546     53.638     37.262  26.086502     1.9208      7.574   278.1559 1.6935e+01    12.7894      0.930      1.349    10.0036 0.0000e+00
      0.949      0.001     6.0583     53.626     37.226  26.061378     1.8928      7.576   278.3210 1.6885e+01    12.7440      0.931      1.350    10.0028 0.0000e+00
      0.949      0.002     6.0573     53.605     37.225  26.060434     1.8219      7.576   278.3726 1.6824e+01    12.6488      0.931      1.350    10.0017 0.0000e+00
      0.950      0.002     6.0563     53.590     37.245  26.075093     1.7797      7.576   278.3505 1.6808e+01    12.6293      0.931      1.351    10.0012 0.0000e+00
      0.951      0.002     6.0528     53.600     37.297  26.111856     1.7908      7.577   278.3111 1.6812e+01    12.6441      0.932      1.352    10.0015 0.0000e+00
      0.952      0.002     6.0536     53.628     37.315  26.124635     1.8311      7.577   278.3264 1.6768e+01    12.6916      0.933      1.354    10.0019 0.0000e+00
      0.952      0.001     6.0499     53.665     37.285  26.102834     1.8763      7.578   278.4489 1.6720e+01    12.7591      0.934      1.354    10.0022 0.0000e+00
      0.952      0.001     6.0463     53.680     37.285  26.101796     1.8958      7.579   278.5021 1.6721e+01    12.8119      0.933      1.353    10.0027 0.0000e+00
      0.952      0.001     6.0492     53.655     37.300  26.112083     1.9093      7.580   278.4533 1.6721e+01    12.8513      0.934      1.355    10.0029 0.0000e+00
      0.952      0.001     6.0514     53.630     37.283  26.100446     1.9058      7.580   278.3755 1.6683e+01    12.7922      0.933      1.354    10.0025 0.0000e+00
      0.952      0.001     6.0576     53.635     37.264  26.087864     1.8698      7.581   278.3355 1.6657e+01    12.6776      0.934      1.353    10.0018 0.0000e+00
      0.953      0.001     6.0614     53.643     37.262  26.086721     1.8495      7.582   278.3133 1.6680e+01    12.6616      0.935      1.356    10.0010 0.0000e+00
      0.953      0.001     6.0555     53.643     37.262  26.086617     1.8512      7.583   278.2792 1.6684e+01    12.7003      0.935      1.357    10.0006 0.0000e+00
      0.953      0.001     6.0509     53.653     37.263  26.086608     1.8823      7.586   278.3540 1.6652e+01    12.7707      0.934      1.355    10.0007 0.0000e+00
      0.953      0.001     6.0536     53.683     37.264  26.086616     1.9336      7.587   278.5286 1.6613e+01    12.8629      0.934      1.354    10.0015 0.0000e+00
      0.954      0.001     6.0554     53.721     37.266  26.086720     1.9481      7.586   278.6692 1.6606e+01    12.8594      0.936      1.357    10.0022 0.0000e+00
      0.954      0.002     6.0533     53.736     37.268  26.087854     1.9489      7.586   278.6774 1.6618e+01    12.8309      0.936      1.358    10.0020 0.0000e+00
      0.954      0.002     6.0547     53.713     37.286  26.100322     1.9763      7.585   278.5429 1.6570e+01    12.8253      0.935      1.356    10.0014 0.0000e+00
      0.955      0.002     6.0585     53.688     37.301  26.110703     2.0051      7.585   278.4195 1.6507e+01    12.7579      0.936      1.357    10.0002 0.0000e+00
      0.956      0.002     6.0642     53.659     37.266  26.086608     2.0140      7.587   278.4755 1.6496e+01    12.6646      0.937      1.359     9.9985 0.0000e+00
      0.956      0.002     6.0685     53.633     37.231  26.062521     2.0172      7.589   278.5312 1.6490e+01    12.6193      0.937      1.359     9.9977 0.0000e+00
      0.956      0.002     6.0615     53.630     37.245  26.073006     2.0361      7.589   278.4912 1.6454e+01    12.6198      0.936      1.358     9.9976 0.0000e+00
      0.957      0.002     6.0605     53.634     37.264  26.086616     2.0425      7.588   278.5087 1.6444e+01    12.6374      0.938      1.359     9.9979 0.0000e+00
      0.958      0.001     6.0572     53.639     37.284  26.100311     2.0112      7.587   278.4840 1.6444e+01    12.6618      0.938      1.360     9.9982 0.0000e+00
      0.959      0.000     6.0515     53.648     37.301  26.111835     1.9827      7.588   278.3646 1.6373e+01    12.6746      0.939      1.362     9.9985 0.0000e+00
      0.959     -0.003     6.0538     53.668     37.284  26.099178     1.9637      7.589   278.3566 1.6301e+01    12.6551      0.941      1.364     9.9987 0.0000e+00
      0.959     -0.005     6.0532     53.690     37.249  26.074036     1.9398      7.591   278.4725 1.6342e+01    12.6316      0.941      1.365     9.9994 0.0000e+00
      0.957     -0.005     6.0546     53.709     37.231  26.061378     1.9273      7.591   278.4754 1.6439e+01    12.6293      0.940      1.363    10.0000 0.0000e+00
      0.953     -0.006     6.0541     53.730     37.249  26.072902     1.9203      7.592   278.3052 1.6488e+01    12.6282      0.934      1.355     9.9997 0.0000e+00
      0.949     -0.006     6.0575     53.741     37.270  26.086598     1.9044      7.594   278.1361 1.6493e+01    12.6178      0.928      1.346     9.9985 0.0000e+00
      0.949     -0.005     6.0611     53.751     37.291  26.100207     1.9095      7.595   278.0657 1.6489e+01    12.6400      0.930      1.349     9.9969 0.0000e+00
      0.951     -0.003     6.0613     53.767     37.308  26.110692     1.9490      7.595   278.1422 1.6499e+01    12.7605      0.934      1.355     9.9963 0.0000e+00
      0.950      0.000     6.0661     53.762     37.274  26.086606     1.9828      7.596   278.3720 1.6533e+01    12.8791      0.932      1.352     9.9963 0.0000e+00
      0.948      0.002     6.0664     53.730     37.238  26.062511     1.9849      7.596   278.6076 1.6545e+01    12.8786      0.927      1.345     9.9954 0.0000e+00
      0.948      0.002     6.0665     53.692     37.251  26.072892     2.0002      7.596   278.6680 1.6508e+01    12.8222      0.928      1.345     9.9928 0.0000e+00
      0.951      0.002     6.0714     53.664     37.268  26.085360     2.0592      7.596   278.5863 1.6437e+01    12.7440      0.934      1.354     9.9900 0.0000e+00
      0.953      0.002     6.0706     53.646     37.269  26.086493     2.0910      7.597   278.5659 1.6377e+01    12.6508      0.935      1.357     9.9899 0.0000e+00
      0.953      0.002     6.0658     53.641     37.270  26.086596     2.0930      7.598   278.5933 1.6390e+01    12.5830      0.934      1.355     9.9922 0.0000e+00
      0.952      0.001     6.0600     53.651     37.271  26.086606     2.0995      7.600   278.6593 1.6432e+01    12.5727      0.934      1.354     9.9940 0.0000e+00
      0.951      0.001     6.0576     53.652     37.272  26.086607     2.1039      7.600   278.7623 1.6413e+01    12.6290      0.932      1.352     9.9950 0.0000e+00
      0.951      0.002     6.0551     53.643     37.272  26.086608     2.1284      7.601   278.8916 1.6357e+01    12.6834      0.932      1.352     9.9950 0.0000e+00
      0.952      0.003     6.0540     53.643     37.272  26.086616     2.1472      7.601   279.1041 1.6313e+01    12.6829      0.933      1.353     9.9942 0.0000e+00
      0.954      0.004     6.0574     53.657     37.272  26.086710     2.1321      7.601   279.1810 1.6262e+01    12.6576      0.936      1.357     9.9931 0.0000e+00
      0.955      0.004     6.0569     53.668     37.274  26.087738     2.0701      7.602   279.1324 1.6220e+01    12.6519      0.938      1.360     9.9923 0.0000e+00
      0.956      0.003     6.0551     53.663     37.289  26.099053     1.9796      7.602   279.1184 1.6187e+01    12.6817      0.937      1.359     9.9927 0.0000e+00
      0.957      0.002     6.0545     53.640     37.285  26.096749     1.9371      7.603   279.0129 1.6160e+01    12.7106      0.938      1.360     9.9930 0.0000e+00
      0.957      0.001     6.0576     53.621     37.232  26.059881     1.9386      7.603   278.9753 1.6141e+01    12.6932      0.939      1.362     9.9926 0.0000e+00
      0.957      0.001     6.0588     53.627     37.195  26.033585     2.0228      7.604   279.0937 1.6135e+01    12.6424      0.939      1.361     9.9925 0.0000e+00
      0.957      0.001     6.0588     53.637     37.195  26.032339     2.1983      7.605   279.1537 1.6160e+01    12.6427      0.938      1.361     9.9931 0.0000e+00
      0.957      0.001     6.0553     53.635     37.214  26.044807     2.3042      7.606   279.1851 1.6168e+01    12.6974      0.939      1.361     9.9939 0.0000e+00
      0.957      0.002     6.0506     53.639     37.233  26.057568     2.3124      7.606   279.2154 1.6152e+01    12.7228      0.939      1.361     9.9943 0.0000e+00
      0.958      0.003     6.0542     53.660     37.237  26.059872     2.2648      7.607   279.2611 1.6149e+01    12.7445      0.940      1.363     9.9938 0.0000e+00
      0.959      0.005     6.0558     53.686     37.256  26.072653     2.1860      7.608   279.3073 1.6152e+01    12.7892      0.939      1.362     9.9919 0.0000e+00
      0.960      0.006     6.0545     53.699     37.273  26.085338     2.1508      7.610   279.3440 1.6093e+01    12.8194      0.941      1.365     9.9902 0.0000e+00
      0.962      0.009     6.0548     53.699     37.273  26.086492     2.1554      7.610   279.3613 1.5996e+01    12.8363      0.944      1.369     9.9894 0.0000e+00
      0.964      0.011     6.0574     53.694     37.272  26.086607     2.2087      7.610   279.1714 1.5929e+01    12.8571      0.945      1.371     9.9890 0.0000e+00
      0.967      0.013     6.0622     53.686     37.269  26.086719     2.3122      7.612   278.9419 1.5848e+01    12.8994      0.948      1.375     9.9889 0.0000e+00
      0.971      0.016     6.0626     53.672     37.267  26.087854     2.3828      7.615   278.9087 1.5735e+01    12.9380      0.952      1.381     9.9894 0.0000e+00
      0.975      0.021     6.0623     53.660     37.282  26.100321     2.4050      7.617   279.0287 1.5609e+01    12.9477      0.956      1.386     9.9910 0.0000e+00
      0.980      0.025     6.0611     53.659     37.294  26.110702     2.3973      7.618   279.1882 1.5466e+01    12.9484      0.960      1.392     9.9928 0.0000e+00
      0.986      0.027     6.0606     53.668     37.257  26.086606     2.3058      7.619   279.2885 1.5287e+01    12.9121      0.966      1.401     9.9947 0.0000e+00
      0.996      0.029     6.0581     53.688     37.222  26.062511     2.1658      7.619   279.2941 1.5042e+01    12.8851      0.977      1.415     9.9981 0.0000e+00
      1.006      0.029     6.0550     53.692     37.237  26.072902     2.0940      7.619   279.1705 1.4828e+01    12.9295      0.988      1.433    10.0018 0.0000e+00
      1.014      0.027     6.0563     53.681     37.255  26.085473     2.0775      7.619   279.0845 1.4715e+01    12.9368      0.995      1.444    10.0047 0.0000e+00
      1.019      0.024     6.0548     53.671     37.259  26.087749     2.0834      7.619   279.1147 1.4596e+01    12.9392      1.000      1.450    10.0061 0.0000e+00
      1.024      0.020     6.0600     53.657     37.278  26.100424     2.1078      7.620   279.1055 1.4475e+01    13.0266      1.005      1.458    10.0068 0.0000e+00
      1.029      0.017     6.0600     53.647     37.295  26.111958     2.1308      7.620   279.0596 1.4395e+01    13.1058      1.010      1.465    10.0071 0.0000e+00
      1.033      0.015     6.0569     53.633     37.280  26.100435     2.1534      7.620   279.0753 1.4315e+01    13.1448      1.013      1.469    10.0062 0.0000e+00
      1.036      0.013     6.0580     53.614     37.262  26.087862     2.1139      7.620   279.2088 1.4255e+01    13.0886      1.017      1.474    10.0056 0.0000e+00
      1.040      0.011     6.0542     53.594     37.259  26.086710     2.0115      7.618   279.2975 1.4214e+01    12.9386      1.020      1.479    10.0052 0.0000e+00
      1.042      0.010     6.0552     53.577     37.259  26.086503     1.9636      7.617   279.2024 1.4149e+01    12.8683      1.022      1.483    10.0044 0.0000e+00
      1.045      0.008     6.0529     53.582     37.257  26.085360     1.9771      7.617   279.0912 1.4094e+01    12.8877      1.024      1.486    10.0041 0.0000e+00
      1.047      0.007     6.0503     53.608     37.240  26.072891     1.9823      7.616   279.0710 1.4090e+01    12.9002      1.027      1.489    10.0040 0.0000e+00
      1.048      0.005     6.0491     53.629     37.227  26.062511     1.9683      7.616   279.0443 1.4098e+01    12.8826      1.028      1.491    10.0045 0.0000e+00
      1.048      0.004     6.0450     53.643     37.263  26.086607     1.9575      7.617   278.9406 1.4070e+01    12.8795      1.028      1.490    10.0048 0.0000e+00
      1.049      0.003     6.0457     53.659     37.299  26.110703     1.9595      7.618   278.9361 1.4029e+01    12.9313      1.028      1.492    10.0045 0.0000e+00
      1.050      0.003     6.0505     53.659     37.285  26.100322     1.9431      7.617   278.9891 1.4001e+01    12.8945      1.030      1.495    10.0039 0.0000e+00
      1.050      0.002     6.0533     53.634     37.269  26.087855     1.9095      7.617   278.8931 1.3959e+01    12.7420      1.031      1.494    10.0030 0.0000e+00
      1.051      0.002     6.0532     53.608     37.268  26.086731     1.9021      7.618   278.8086 1.3947e+01    12.6575      1.030      1.494    10.0017 0.0000e+00
      1.052      0.002     6.0575     53.596     37.268  26.086732     1.9126      7.620   278.7414 1.3960e+01    12.6251      1.033      1.499     9.9997 0.0000e+00
      1.052      0.002     6.0582     53.594     37.269  26.087865     1.9109      7.621   278.5107 1.3930e+01    12.5900      1.033      1.498     9.9980 0.0000e+00
      1.052      0.003     6.0536     53.606     37.287  26.100437     1.9566      7.622   278.3432 1.3865e+01    12.6429      1.030      1.494     9.9970 0.0000e+00
      1.053      0.005     6.0505     53.635     37.303  26.111970     2.0656      7.625   278.3504 1.3836e+01    12.7863      1.032      1.497     9.9965 0.0000e+00
      1.054      0.010     6.0493     53.673     37.287  26.100540     2.1302      7.628   278.3387 1.3852e+01    12.8885      1.035      1.501     9.9971 0.0000e+00
      1.054      0.016     6.0489     53.715     37.270  26.089007     2.1380      7.631   278.2881 1.3793e+01    12.9224      1.034      1.499     9.9977 0.0000e+00
      1.057      0.023     6.0496     53.753     37.283  26.099292     2.0860      7.634   278.2551 1.3654e+01    12.9915      1.036      1.501     9.9975 0.0000e+00
      1.065      0.028     6.0539     53.776     37.280  26.098131     1.9759      7.635   278.2833 1.3491e+01    13.0748      1.044      1.515     9.9970 0.0000e+00
      1.076      0.033     6.0583     53.776     37.246  26.074969     1.9134      7.637   278.2856 1.3287e+01    13.0753      1.055      1.531     9.9967 0.0000e+00
      1.087      0.037     6.0629     53.759     37.241  26.072768     1.9052      7.639   278.2826 1.3075e+01    13.0661      1.067      1.547     9.9974 0.0000e+00
      1.097      0.039     6.0677     53.748     37.239  26.071521     1.8934      7.641   278.3328 1.2922e+01    13.0660      1.077      1.562     9.9990 0.0000e+00
      1.106      0.040     6.0703     53.742     37.222  26.059893     1.8694      7.642   278.3769 1.2796e+01    12.9718      1.084      1.573    10.0010 0.0000e+00
      1.115      0.040     6.0702     53.730     37.221  26.058940     1.8481      7.642   278.4718 1.2609e+01    12.8834      1.092      1.585    10.0024 0.0000e+00
