Data/DataNotYetUploadedToEDI/Raw_CTD/RawDownloads/111622_bvr50_S8188005.cnv
* Sea-Bird SBE19plus  Data File:
* FileName = C:\R\Reservoirs\Data\DataNotYetUploadedToEDI\Raw_CTD\RawDownloads\110122_fcr50_S8188_0005.hex
* Software version 2.8.0.119
* Temperature SN = 8188
* Conductivity SN = 8188
* System UpLoad Time = Nov 18 2022 12:45:38
* <ApplicationData>
* <Seaterm232>
# nquan = 16
# nvalues = 2097                        
# units = specified
# name 0 = depFM: Depth [fresh water, m]
# name 1 = dz/dtM: Descent Rate [m/s]
# name 2 = sbeox0Mg/L: Oxygen, SBE 43 [mg/l]
# name 3 = sbeox0PS: Oxygen, SBE 43 [% saturation]
# name 4 = specc: Specific Conductance [uS/cm]
# name 5 = c0uS/cm: Conductivity [uS/cm]
# name 6 = wetCDOM: Fluorescence, WET Labs CDOM [mg/m^3]
# name 7 = flECO-AFL: Fluorescence, WET Labs ECO-AFL/FL [mg/m^3]
# name 8 = flECO-AFL1: Fluorescence, WET Labs ECO-AFL/FL, 2 [mg/m^3]
# name 9 = flECO-AFL2: Fluorescence, WET Labs ECO-AFL/FL, 3 [mg/m^3]
# name 10 = par/sat/log: PAR/Logarithmic, Satlantic
# name 11 = turbWETntu0: Turbidity, WET Labs ECO [NTU]
# name 12 = prdM: Pressure, Strain Gauge [db]
# name 13 = prdE: Pressure, Strain Gauge [psi]
# name 14 = tv290C: Temperature [ITS-90, deg C]
# name 15 = flag:  0.000e+00
# span 0 =     -0.745,      6.907       
# span 1 =     -0.133,      0.151       
# span 2 =     6.0260,    10.9582       
# span 3 =     53.222,     95.418       
# span 4 =      0.338,     37.544       
# span 5 =   0.220880,  26.281992       
# span 6 =    -0.0900,     7.4700       
# span 7 =    -0.2414,     8.0290       
# span 8 =    -0.0426,     0.4686       
# span 9 =    -0.2961,     0.6768       
# span 10 = 1.1590e-01, 4.3069e+02      
# span 11 =    -0.4835,    94.1613      
# span 12 =     -0.731,      6.773      
# span 13 =     -1.060,      9.824      
# span 14 =     7.6828,    10.0029      
# span 15 = 0.0000e+00, 0.0000e+00      
# interval = seconds: 0.25
# start_time = Nov 16 2022 08:20:55 [Instrument's time stamp, header]
# bad_flag = -9.990e-29
*END*
[from data line 1718]
      2.300     -0.028     7.8398     69.429     37.377  26.155496     7.2900     1.1357     0.3834     0.3384 3.2454e+00    12.0366      2.255      3.271     9.9864 0.0000e+00
      2.291     -0.029     7.8402     69.402     37.388  26.163079     7.2900     1.1586     0.3834     0.3384 3.3940e+00    11.9314      2.246      3.258     9.9864 0.0000e+00
      2.281     -0.028     7.8406     69.369     37.404  26.174693     7.2900     1.1663     0.3408     0.3384 3.6077e+00    12.0366      2.237      3.244     9.9864 0.0000e+00
      2.273     -0.026     7.8404     69.336     37.414  26.181558     7.2900     1.1434     0.3408     0.3384 3.6313e+00    12.1719      2.229      3.232     9.9864 0.0000e+00
      2.266     -0.022     7.8388     69.307     37.420  26.185504     7.2900     1.2807     0.3408     0.3384 3.5494e+00    12.2320      2.223      3.224     9.9863 0.0000e+00
      2.262     -0.018     7.8358     69.287     37.428  26.191543     7.2900     1.2769     0.3408     0.3384 3.4829e+00    12.2170      2.219      3.218     9.9863 0.0000e+00
      2.260     -0.014     7.8321     69.277     37.430  26.193366     7.2900     1.3150     0.3834     0.2961 3.4996e+00    12.2771      2.216      3.214     9.9863 0.0000e+00
      2.257     -0.013     7.8283     69.278     37.416  26.183542     7.2900     1.2845     0.3834     0.2961 3.4348e+00    12.2621      2.214      3.211     9.9864 0.0000e+00
      2.255     -0.013     7.8250     69.289     37.405  26.175286     7.2900     1.2654     0.3834     0.2961 3.4303e+00    12.2470      2.212      3.208     9.9865 0.0000e+00
      2.252     -0.015     7.8227     69.308     37.409  26.178277     7.2900     1.2998     0.3834     0.2961 3.4837e+00    12.2470      2.209      3.204     9.9866 0.0000e+00
      2.249     -0.018     7.8216     69.332     37.419  26.185393     7.2900     1.3074     0.3834     0.3384 3.4543e+00    12.2170      2.205      3.199     9.9867 0.0000e+00
      2.244     -0.022     7.8216     69.359     37.432  26.194571     7.2900     1.3036     0.3834     0.3384 3.3969e+00    12.2170      2.201      3.192     9.9868 0.0000e+00
      2.238     -0.026     7.8228     69.383     37.441  26.200342     7.2900     1.2349     0.3834     0.3384 3.4468e+00    12.0817      2.195      3.183     9.9869 0.0000e+00
      2.230     -0.029     7.8250     69.403     37.435  26.196325     7.2900     1.1930     0.3834     0.3384 3.5866e+00    12.0667      2.187      3.172     9.9869 0.0000e+00
      2.221     -0.030     7.8278     69.423     37.419  26.185408     7.2900     1.2273     0.3834     0.3384 3.7786e+00    11.9915      2.178      3.159     9.9868 0.0000e+00
      2.211     -0.029     7.8307     69.443     37.406  26.176559     7.3800     1.1777     0.4260     0.2538 3.9524e+00    12.1117      2.169      3.145     9.9868 0.0000e+00
      2.203     -0.027     7.8334     69.455     37.405  26.175335     7.3800     1.2960     0.4260     0.2538 3.8826e+00    12.3222      2.161      3.134     9.9867 0.0000e+00
      2.197     -0.024     7.8357     69.452     37.408  26.177452     7.3800     1.2769     0.4260     0.2538 3.7967e+00    12.2621      2.155      3.125     9.9867 0.0000e+00
      2.192     -0.022     7.8380     69.434     37.411  26.179515     7.3800     1.2883     0.4260     0.2538 3.8008e+00    12.2921      2.150      3.118     9.9868 0.0000e+00
      2.188     -0.020     7.8403     69.406     37.408  26.178114     7.2900     1.2883     0.3834     0.3384 3.7975e+00    12.2771      2.146      3.112     9.9869 0.0000e+00
      2.184     -0.020     7.8416     69.370     37.406  26.176835     7.2900     1.3608     0.3834     0.3384 3.7183e+00    12.2320      2.142      3.106     9.9870 0.0000e+00
      2.180     -0.022     7.8412     69.333     37.415  26.183256     7.2900     1.3303     0.3834     0.3384 3.7434e+00    12.1869      2.138      3.100     9.9871 0.0000e+00
      2.174     -0.025     7.8392     69.298     37.421  26.187211     7.2900     1.3379     0.3834     0.3384 3.7753e+00    12.1869      2.132      3.093     9.9873 0.0000e+00
      2.168     -0.028     7.8359     69.274     37.419  26.185796     7.2900     1.3570     0.4260     0.3807 3.7720e+00    12.2771      2.126      3.083     9.9874 0.0000e+00
      2.159     -0.030     7.8319     69.263     37.420  26.186551     7.2900     1.2998     0.4260     0.3807 3.9021e+00    12.2771      2.118      3.071     9.9874 0.0000e+00
      2.150     -0.031     7.8277     69.258     37.419  26.185719     7.2900     1.2654     0.4260     0.3807 4.1352e+00    12.2621      2.108      3.058     9.9875 0.0000e+00
      2.140     -0.030     7.8237     69.257     37.415  26.183078     7.2900     1.2807     0.4260     0.3807 4.1667e+00    12.2470      2.099      3.044     9.9877 0.0000e+00
      2.132     -0.029     7.8210     69.264     37.413  26.181883     7.2900     1.2845     0.3834     0.2538 4.1849e+00    12.2921      2.091      3.033     9.9878 0.0000e+00
      2.125     -0.027     7.8197     69.284     37.413  26.181814     7.2900     1.2807     0.3834     0.2538 4.1532e+00    12.3522      2.085      3.023     9.9879 0.0000e+00
      2.120     -0.026     7.8192     69.315     37.414  26.182855     7.2900     1.2731     0.3834     0.2538 4.1226e+00    12.2019      2.079      3.015     9.9879 0.0000e+00
      2.115     -0.027     7.8191     69.350     37.417  26.185281     7.2900     1.2921     0.3834     0.2538 4.0569e+00    12.2621      2.074      3.008     9.9880 0.0000e+00
      2.109     -0.029     7.8198     69.383     37.424  26.189742     7.2900     1.2693     0.3834     0.2538 4.0322e+00    12.2470      2.068      2.999     9.9881 0.0000e+00
      2.101     -0.032     7.8220     69.409     37.435  26.197425     7.2900     1.2044     0.3834     0.2961 4.0516e+00    12.1117      2.061      2.989     9.9882 0.0000e+00
      2.092     -0.035     7.8255     69.431     37.442  26.202461     7.2900     1.2235     0.3834     0.2961 4.1523e+00    12.1719      2.052      2.976     9.9884 0.0000e+00
      2.081     -0.036     7.8295     69.449     37.436  26.198275     7.2900     1.2235     0.3834     0.2961 4.4416e+00    12.3222      2.041      2.961     9.9885 0.0000e+00
      2.070     -0.036     7.8332     69.457     37.426  26.191669     7.2900     1.2349     0.3834     0.2961 4.6937e+00    12.2170      2.030      2.945     9.9886 0.0000e+00
      2.060     -0.034     7.8361     69.456     37.422  26.188799     7.2900     1.3990     0.4260     0.2115 4.5699e+00    12.2621      2.020      2.930     9.9886 0.0000e+00
      2.052     -0.032     7.8386     69.451     37.422  26.188900     7.2900     1.4257     0.4260     0.2115 4.5274e+00    12.2170      2.012      2.919     9.9885 0.0000e+00
      2.046     -0.031     7.8407     69.447     37.420  26.188041     7.2900     1.3837     0.4260     0.2115 4.4843e+00    12.2019      2.006      2.910     9.9885 0.0000e+00
      2.039     -0.031     7.8416     69.443     37.412  26.182033     7.2900     1.3875     0.4260     0.2115 4.4736e+00    12.1869      2.000      2.901     9.9886 0.0000e+00
      2.033     -0.033     7.8414     69.436     37.399  26.173232     7.2900     1.3379     0.3834     0.3384 4.4775e+00    12.0667      1.993      2.891     9.9888 0.0000e+00
      2.024     -0.035     7.8408     69.419     37.391  26.167211     7.2900     1.3265     0.3834     0.3384 4.5087e+00    12.1117      1.985      2.879     9.9890 0.0000e+00
      2.015     -0.038     7.8403     69.401     37.395  26.170282     7.2900     1.3570     0.3834     0.3384 4.5788e+00    11.9765      1.976      2.866     9.9891 0.0000e+00
      2.003     -0.039     7.8399     69.389     37.408  26.179306     7.2900     1.3570     0.3834     0.3384 4.7812e+00    11.9915      1.965      2.850     9.9891 0.0000e+00
      1.991     -0.038     7.8390     69.388     37.422  26.188770     7.2900     1.3379     0.3834     0.3384 5.1322e+00    12.0817      1.953      2.833     9.9891 0.0000e+00
      1.980     -0.035     7.8372     69.399     37.440  26.201199     7.2900     1.3379     0.3834     0.2961 5.1489e+00    12.1869      1.942      2.817     9.9891 0.0000e+00
      1.972     -0.031     7.8351     69.423     37.466  26.219905     7.2900     1.3303     0.3834     0.2961 5.0142e+00    12.1869      1.934      2.804     9.9890 0.0000e+00
      1.965     -0.025     7.8338     69.460     37.503  26.245919     7.2900     1.3303     0.3834     0.2961 5.0723e+00    12.2320      1.927      2.795     9.9888 0.0000e+00
      1.960     -0.020     7.8337     69.503     37.533  26.266380     7.2900     1.3723     0.3834     0.2961 5.1770e+00    12.2921      1.922      2.787     9.9887 0.0000e+00
      1.956     -0.016     7.8349     69.542     37.539  26.270908     7.2900     1.3303     0.4260     0.2115 5.1221e+00    12.2019      1.918      2.782     9.9887 0.0000e+00
      1.953     -0.012     7.8376     69.566     37.536  26.268628     7.2900     1.3646     0.4260     0.2115 5.1077e+00    12.2921      1.916      2.778     9.9888 0.0000e+00
      1.951     -0.010     7.8418     69.574     37.533  26.266851     7.2900     1.3494     0.4260     0.2115 4.9881e+00    12.3071      1.914      2.775     9.9889 0.0000e+00
      1.949     -0.010     7.8466     69.564     37.525  26.261145     7.2900     1.2426     0.4260     0.2115 5.0657e+00    12.2621      1.912      2.772     9.9890 0.0000e+00
      1.947     -0.010     7.8510     69.538     37.509  26.249987     7.3800     1.2273     0.3834     0.2538 4.9957e+00    12.3973      1.910      2.770     9.9891 0.0000e+00
      1.945     -0.012     7.8538     69.505     37.492  26.238320     7.3800     1.1930     0.3834     0.2538 4.9579e+00    12.2170      1.908      2.766     9.9891 0.0000e+00
      1.942     -0.016     7.8546     69.474     37.476  26.226994     7.3800     1.2502     0.3834     0.2538 4.9011e+00    12.2019      1.905      2.762     9.9892 0.0000e+00
      1.939     -0.021     7.8535     69.449     37.461  26.216946     7.3800     1.2921     0.3834     0.2538 4.8513e+00    12.2921      1.901      2.757     9.9892 0.0000e+00
      1.933     -0.026     7.8505     69.432     37.456  26.213417     7.2900     1.2540     0.4260     0.2538 4.8958e+00    12.1568      1.896      2.750     9.9893 0.0000e+00
      1.926     -0.032     7.8468     69.421     37.454  26.211505     7.2900     1.2998     0.4260     0.2538 4.9557e+00    12.2320      1.889      2.739     9.9893 0.0000e+00
      1.916     -0.036     7.8432     69.409     37.441  26.202783     7.2900     1.2731     0.4260     0.2538 5.0922e+00    12.1869      1.880      2.726     9.9893 0.0000e+00
      1.905     -0.038     7.8405     69.397     37.427  26.192843     7.2900     1.3036     0.4260     0.2538 5.3835e+00    12.2170      1.869      2.710     9.9894 0.0000e+00
      1.893     -0.038     7.8386     69.387     37.425  26.190912     7.2900     1.2845     0.4260     0.2538 5.6815e+00    12.1719      1.857      2.693     9.9894 0.0000e+00
      1.882     -0.036     7.8373     69.379     37.433  26.196476     7.3800     1.2731     0.4260     0.2961 5.7063e+00    12.1568      1.846      2.677     9.9893 0.0000e+00
      1.873     -0.033     7.8360     69.372     37.436  26.199140     7.3800     1.2654     0.4260     0.2961 5.7311e+00    12.2019      1.837      2.664     9.9893 0.0000e+00
      1.865     -0.028     7.8346     69.372     37.431  26.195656     7.3800     1.2807     0.4260     0.2961 5.6815e+00    12.2470      1.830      2.653     9.9892 0.0000e+00
      1.860     -0.024     7.8335     69.382     37.433  26.196971     7.3800     1.2807     0.4260     0.2961 5.5885e+00    12.2170      1.824      2.645     9.9892 0.0000e+00
      1.855     -0.022     7.8326     69.396     37.448  26.207397     7.2900     1.2807     0.3834     0.3384 5.6422e+00    12.2470      1.819      2.638     9.9892 0.0000e+00
      1.851     -0.021     7.8318     69.408     37.463  26.217835     7.2900     1.2769     0.3834     0.3384 5.6409e+00    12.2621      1.815      2.632     9.9893 0.0000e+00
      1.846     -0.023     7.8318     69.418     37.465  26.219191     7.2900     1.2235     0.3834     0.3384 5.5185e+00    12.0967      1.810      2.626     9.9894 0.0000e+00
      1.841     -0.026     7.8329     69.423     37.454  26.211827     7.2900     1.2502     0.3834     0.3384 5.4458e+00    12.2320      1.805      2.618     9.9894 0.0000e+00
      1.835     -0.029     7.8344     69.424     37.445  26.205656     7.3800     1.2235     0.4260     0.2115 5.5113e+00    12.1869      1.799      2.609     9.9895 0.0000e+00
      1.826     -0.032     7.8358     69.424     37.447  26.206952     7.3800     1.1853     0.4260     0.2115 5.6643e+00    12.2621      1.791      2.597     9.9895 0.0000e+00
      1.816     -0.034     7.8370     69.423     37.454  26.212102     7.3800     1.2616     0.4260     0.2115 5.9494e+00    12.1268      1.781      2.583     9.9895 0.0000e+00
      1.805     -0.034     7.8375     69.418     37.458  26.214560     7.3800     1.2807     0.4260     0.2115 6.2665e+00    12.3071      1.771      2.568     9.9894 0.0000e+00
      1.796     -0.033     7.8376     69.404     37.459  26.214982     7.3800     1.2921     0.4260     0.2538 6.2706e+00    12.2470      1.761      2.554     9.9894 0.0000e+00
      1.788     -0.031     7.8376     69.381     37.462  26.217438     7.3800     1.3074     0.4260     0.2538 6.1907e+00    12.3222      1.753      2.542     9.9894 0.0000e+00
      1.781     -0.030     7.8375     69.350     37.464  26.218626     7.3800     1.2654     0.4260     0.2538 6.1092e+00    12.2621      1.747      2.533     9.9895 0.0000e+00
      1.775     -0.029     7.8369     69.314     37.458  26.214901     7.3800     1.2845     0.4260     0.2538 6.0327e+00    12.3522      1.741      2.524     9.9895 0.0000e+00
      1.769     -0.030     7.8353     69.286     37.450  26.209231     7.3800     1.2578     0.4260     0.2538 6.0550e+00    12.2019      1.734      2.515     9.9895 0.0000e+00
      1.761     -0.032     7.8327     69.274     37.442  26.204063     7.3800     1.2845     0.3834     0.2538 6.0841e+00    12.2320      1.727      2.505     9.9896 0.0000e+00
      1.753     -0.035     7.8292     69.278     37.434  26.198019     7.3800     1.1663     0.3834     0.2538 6.1639e+00    12.3222      1.719      2.493     9.9897 0.0000e+00
      1.743     -0.036     7.8252     69.299     37.433  26.197404     7.3800     1.1663     0.3834     0.2538 6.3295e+00    12.2921      1.709      2.479     9.9898 0.0000e+00
      1.732     -0.036     7.8219     69.332     37.445  26.206016     7.3800     1.1472     0.3834     0.2538 6.8148e+00    12.2470      1.698      2.463     9.9899 0.0000e+00
      1.721     -0.034     7.8205     69.369     37.457  26.214272     7.2900     1.1396     0.3834     0.2538 6.9570e+00    12.2470      1.688      2.448     9.9900 0.0000e+00
      1.712     -0.031     7.8210     69.406     37.466  26.220415     7.2900     1.4066     0.3834     0.2538 6.8803e+00    12.2621      1.679      2.435     9.9900 0.0000e+00
      1.705     -0.027     7.8234     69.437     37.480  26.230041     7.2900     1.3951     0.3834     0.2538 6.7691e+00    12.2921      1.672      2.425     9.9900 0.0000e+00
      1.700     -0.024     7.8272     69.453     37.491  26.237800     7.2900     1.3951     0.3834     0.2538 6.7500e+00    12.1268      1.667      2.418     9.9900 0.0000e+00
      1.696     -0.023     7.8313     69.456     37.491  26.237841     7.2900     1.4219     0.3834     0.2961 6.5705e+00    12.2470      1.663      2.412     9.9900 0.0000e+00
      1.691     -0.023     7.8355     69.453     37.486  26.234136     7.2900     1.4104     0.3834     0.2961 6.5777e+00    12.0065      1.658      2.405     9.9900 0.0000e+00
