Data/DataNotYetUploadedToEDI/Raw_CTD/RawDownloads/111622_fcr50_S8188006.cnv
* Sea-Bird SBE19plus  Data File:
* FileName = C:\R\Reservoirs\Data\DataNotYetUploadedToEDI\Raw_CTD\RawDownloads\110122_fcr50_S8188_0006.hex
* Software version 2.8.0.119
* Temperature SN = 8188
* Conductivity SN = 8188
* System UpLoad Time = Nov 18 2022 12:46:04
* <ApplicationData>
* <Seaterm232>
# nquan = 16
# nvalues = 1732                        
# units = specified
# name 0 = depFM: Depth [fresh water, m]
# name 1 = dz/dtM: Descent Rate [m/s]
# name 2 = sbeox0Mg/L: Oxygen, SBE 43 [mg/l]
# name 3 = sbeox0PS: Oxygen, SBE 43 [% saturation]
# name 4 = specc: Specific Conductance [uS/cm]
# name 5 = c0uS/cm: Conductivity [uS/cm]
# name 6 = wetCDOM: Fluorescence, WET Labs CDOM [mg/m^3]
# name 7 = flECO-AFL: Fluorescence, WET Labs ECO-AFL/FL [mg/m^3]
# name 8 = flECO-AFL1: Fluorescence, WET Labs ECO-AFL/FL, 2 [mg/m^3]
# name 9 = flECO-AFL2: Fluorescence, WET Labs ECO-AFL/FL, 3 [mg/m^3]
# name 10 = par/sat/log: PAR/Logarithmic, Satlantic
# name 11 = turbWETntu0: Turbidity, WET Labs ECO [NTU]
# name 12 = prdM: Pressure, Strain Gauge [db]
# name 13 = prdE: Pressure, Strain Gauge [psi]
# name 14 = tv290C: Temperature [ITS-90, deg C]
# name 15 = flag:  0.000e+00
# span 0 =     -0.663,      9.652       
# span 1 =     -0.209,      0.144       
# span 2 =     2.4490,    11.0745       
# span 3 =     21.988,     98.024       
# span 4 =      0.425,    568.963       
# span 5 =   0.284239, 413.150678       
# span 6 =    -4.5000,    25.4700       
# span 7 =    -2.1716,     9.1238       
# span 8 =    -3.4080,     2.9820       
# span 9 =    -5.5836,     7.8255       
# span 10 = 1.1592e-01, 2.0882e+03      
# span 11 =   -11.6509,   966.1797      
# span 12 =     -0.650,      9.466      
# span 13 =     -0.943,     13.729      
# span 14 =     8.2371,    11.3420      
# span 15 = 0.0000e+00, 0.0000e+00      
# interval = seconds: 0.25
# start_time = Nov 16 2022 10:55:30 [Instrument's time stamp, header]
# bad_flag = -9.990e-29
*END*
[from data line 1356]
      5.662     -0.096     8.1420     73.039     41.257  29.296387     5.5800     4.1685     0.1704     0.7614 3.6936e-01     6.8963      5.552      8.053    10.4988 0.0000e+00
      5.639     -0.096     8.1450     73.009     41.250  29.292074     5.5800     4.4088     0.1704     0.7614 3.4306e-01     5.8292      5.530      8.021    10.4996 0.0000e+00
      5.615     -0.096     8.1473     72.957     41.246  29.290720     5.5800     4.4164     0.1704     0.7614 3.5166e-01     5.7540      5.506      7.987    10.5002 0.0000e+00
      5.589     -0.096     8.1483     72.892     41.250  29.293943     5.5800     4.4126     0.1704     0.7614 3.8711e-01     5.8893      5.481      7.950    10.5008 0.0000e+00
      5.563     -0.095     8.1472     72.824     41.256  29.298643     5.5800     4.4164     0.1704     0.8037 4.5673e-01     5.7841      5.456      7.913    10.5018 0.0000e+00
      5.538     -0.095     8.1435     72.766     41.255  29.298154     5.5800     4.4393     0.1704     0.8037 4.4633e-01     5.1227      5.431      7.877    10.5031 0.0000e+00
      5.515     -0.094     8.1375     72.732     41.251  29.296306     5.5800     4.4164     0.1704     0.8037 4.2007e-01     5.0776      5.408      7.844    10.5046 0.0000e+00
      5.493     -0.092     8.1301     72.726     41.253  29.298544     5.5800     4.4431     0.1704     0.8037 4.3702e-01     5.1678      5.386      7.812    10.5055 0.0000e+00
      5.469     -0.089     8.1224     72.744     41.259  29.303486     5.5800     4.4355     0.1704     0.8037 4.6141e-01     5.1378      5.364      7.780    10.5058 0.0000e+00
      5.446     -0.087     8.1159     72.786     41.262  29.306511     5.5800     4.3935     0.1278     0.7191 5.0233e-01     4.4314      5.340      7.746    10.5062 0.0000e+00
      5.423     -0.085     8.1119     72.852     41.258  29.304465     5.5800     4.4088     0.1278     0.7191 5.1909e-01     4.4614      5.318      7.713    10.5070 0.0000e+00
      5.402     -0.084     8.1110     72.937     41.255  29.302742     5.5800     4.4012     0.1278     0.7191 4.9518e-01     4.4314      5.297      7.683    10.5083 0.0000e+00
      5.382     -0.083     8.1128     73.035     41.255  29.302862     5.5800     4.4012     0.1278     0.7191 4.8107e-01     4.5065      5.278      7.655    10.5095 0.0000e+00
      5.363     -0.083     8.1173     73.144     41.251  29.300899     5.5800     4.5347     0.1278     0.7614 4.7764e-01     4.6418      5.259      7.628    10.5103 0.0000e+00
      5.342     -0.084     8.1245     73.259     41.249  29.300288     5.5800     4.5614     0.1278     0.7614 4.8107e-01     4.6418      5.239      7.598    10.5107 0.0000e+00
      5.320     -0.085     8.1340     73.373     41.252  29.302846     5.5800     4.5652     0.1278     0.7614 5.2670e-01     4.7620      5.217      7.566    10.5111 0.0000e+00
      5.296     -0.086     8.1448     73.471     41.258  29.307277     5.5800     4.5538     0.1278     0.7614 6.2101e-01     4.6568      5.193      7.532    10.5119 0.0000e+00
      5.273     -0.086     8.1567     73.541     41.262  29.310801     5.5800     4.4164     0.1278     0.7191 6.1457e-01     4.6418      5.171      7.500    10.5130 0.0000e+00
      5.252     -0.087     8.1694     73.575     41.261  29.310398     5.5800     4.4164     0.1278     0.7191 6.1966e-01     4.7019      5.151      7.470    10.5140 0.0000e+00
      5.232     -0.086     8.1819     73.571     41.261  29.311901     5.5800     4.4088     0.1278     0.7191 5.9615e-01     4.6718      5.130      7.441    10.5146 0.0000e+00
      5.210     -0.085     8.1928     73.536     41.268  29.317690     5.5800     4.4164     0.1278     0.7191 6.4061e-01     4.6267      5.109      7.410    10.5147 0.0000e+00
      5.187     -0.083     8.2005     73.483     41.271  29.319409     5.5800     4.1723     0.1278     0.7191 7.2887e-01     4.9123      5.086      7.377    10.5149 0.0000e+00
      5.164     -0.080     8.2042     73.429     41.260  29.311578     5.5800     4.1685     0.1278     0.7191 7.8818e-01     4.9574      5.064      7.345    10.5157 0.0000e+00
      5.143     -0.078     8.2035     73.386     41.239  29.296066     5.5800     4.1723     0.1278     0.7191 7.4278e-01     4.9574      5.044      7.316    10.5170 0.0000e+00
      5.125     -0.076     8.1994     73.358     41.220  29.282599     5.5800     4.1723     0.1278     0.7191 7.2650e-01     4.8221      5.026      7.290    10.5180 0.0000e+00
      5.108     -0.074     8.1935     73.337     41.212  29.277484     5.5800     4.3592     0.1278     0.7191 7.3571e-01     4.9724      5.010      7.265    10.5183 0.0000e+00
      5.091     -0.074     8.1876     73.324     41.207  29.275398     5.5800     4.3554     0.1278     0.6768 7.7695e-01     4.7770      4.993      7.241    10.5179 0.0000e+00
      5.072     -0.074     8.1829     73.328     41.204  29.273804     5.5800     4.3707     0.1278     0.6768 8.0672e-01     4.8522      4.974      7.214    10.5175 0.0000e+00
      5.052     -0.075     8.1797     73.345     41.202  29.272278     5.5800     4.3821     0.1278     0.6768 9.0421e-01     4.9424      4.954      7.185    10.5176 0.0000e+00
      5.031     -0.075     8.1772     73.367     41.202  29.272392     5.5800     4.6415     0.1278     0.6768 9.2830e-01     5.1227      4.934      7.156    10.5182 0.0000e+00
      5.012     -0.075     8.1756     73.388     41.211  29.278136     5.5800     4.6529     0.1278     0.7191 9.1428e-01     5.0927      4.915      7.128    10.5194 0.0000e+00
      4.993     -0.076     8.1758     73.404     41.215  29.281144     5.5800     4.6186     0.1278     0.7191 9.0775e-01     5.1077      4.897      7.103    10.5204 0.0000e+00
      4.975     -0.078     8.1777     73.413     41.205  29.274296     5.5800     4.6377     0.1278     0.7191 9.2588e-01     5.0476      4.880      7.077    10.5207 0.0000e+00
      4.957     -0.080     8.1802     73.416     41.200  29.271607     5.5800     4.1456     0.1278     0.7191 9.3844e-01     5.0175      4.861      7.050    10.5203 0.0000e+00
      4.936     -0.083     8.1825     73.410     41.211  29.280279     5.5800     4.1074     0.0852     0.9306 9.8954e-01     4.8372      4.841      7.021    10.5197 0.0000e+00
      4.913     -0.085     8.1844     73.392     41.220  29.286786     5.5800     4.1456     0.0852     0.9306 1.0731e+00     4.8823      4.818      6.988    10.5196 0.0000e+00
      4.889     -0.088     8.1853     73.365     41.223  29.288902     5.5800     4.1151     0.0852     0.9306 1.1531e+00     4.9123      4.795      6.954    10.5201 0.0000e+00
      4.867     -0.091     8.1854     73.337     41.231  29.295112     5.5800     4.5080     0.0852     0.9306 1.1183e+00     5.3482      4.773      6.922    10.5212 0.0000e+00
      4.844     -0.093     8.1846     73.315     41.241  29.303111     5.5800     4.4660     0.0852     0.9306 1.1367e+00     5.3332      4.751      6.890    10.5221 0.0000e+00
      4.822     -0.095     8.1825     73.309     41.239  29.303154     5.5800     4.4889     0.1278     0.7191 1.1519e+00     5.3782      4.728      6.858    10.5224 0.0000e+00
      4.797     -0.097     8.1795     73.320     41.226  29.295252     5.5800     4.4737     0.1278     0.7191 1.1908e+00     5.4384      4.704      6.823    10.5224 0.0000e+00
      4.770     -0.098     8.1763     73.340     41.216  29.289176     5.5800     4.2944     0.1278     0.7191 1.3504e+00     4.3863      4.678      6.785    10.5228 0.0000e+00
      4.743     -0.100     8.1737     73.366     41.216  29.289248     5.5800     4.2905     0.1278     0.7191 1.4405e+00     4.3562      4.651      6.746    10.5240 0.0000e+00
      4.718     -0.101     8.1727     73.395     41.224  29.295485     5.5800     4.2982     0.1278     0.7614 1.3537e+00     4.5366      4.626      6.710    10.5259 0.0000e+00
      4.693     -0.102     8.1735     73.419     41.234  29.303612     5.5800     4.2791     0.1278     0.7614 1.3504e+00     4.3261      4.602      6.675    10.5276 0.0000e+00
      4.668     -0.103     8.1756     73.435     41.232  29.303916     5.5800     4.2104     0.1278     0.7614 1.3496e+00     4.2059      4.578      6.640    10.5285 0.0000e+00
      4.642     -0.104     8.1784     73.446     41.220  29.296478     5.5800     4.2181     0.1278     0.7614 1.4480e+00     4.1758      4.553      6.603    10.5289 0.0000e+00
      4.614     -0.104     8.1815     73.455     41.211  29.291194     5.5800     4.2257     0.1278     0.8037 1.6100e+00     4.1758      4.525      6.563    10.5294 0.0000e+00
      4.585     -0.105     8.1839     73.469     41.212  29.292596     5.5800     4.2219     0.1278     0.8037 1.7256e+00     4.0857      4.497      6.522    10.5305 0.0000e+00
      4.558     -0.106     8.1854     73.490     41.223  29.301057     5.5800     4.6377     0.1278     0.8037 1.6662e+00     4.1458      4.470      6.484    10.5323 0.0000e+00
      4.533     -0.107     8.1862     73.510     41.238  29.312893     5.5800     4.6644     0.1278     0.8037 1.6248e+00     4.1909      4.445      6.447    10.5343 0.0000e+00
      4.507     -0.109     8.1870     73.524     41.244  29.319381     5.5800     4.6682     0.1278     0.7191 1.6361e+00     4.1458      4.420      6.411    10.5356 0.0000e+00
      4.480     -0.111     8.1884     73.531     41.243  29.320272     5.5800     4.6529     0.1278     0.7191 1.7136e+00     4.1758      4.393      6.372    10.5365 0.0000e+00
      4.450     -0.114     8.1905     73.533     41.240  29.319764     5.5800     4.2944     0.1278     0.7191 1.8627e+00     4.2360      4.365      6.330    10.5374 0.0000e+00
      4.420     -0.117     8.1925     73.529     41.236  29.317719     5.5800     4.3325     0.1278     0.7191 1.9969e+00     4.2059      4.335      6.287    10.5389 0.0000e+00
      4.389     -0.120     8.1937     73.519     41.229  29.313595     5.5800     4.2944     0.1278     0.7191 1.9731e+00     4.1458      4.305      6.243    10.5410 0.0000e+00
      4.359     -0.122     8.1941     73.505     41.216  29.306290     5.5800     4.2944     0.0852     0.8037 1.9930e+00     4.1157      4.275      6.201    10.5432 0.0000e+00
      4.328     -0.123     8.1939     73.492     41.205  29.299796     5.5800     4.1837     0.0852     0.8037 2.1028e+00     4.2209      4.245      6.157    10.5448 0.0000e+00
      4.296     -0.124     8.1933     73.481     41.195  29.294363     5.5800     4.1875     0.0852     0.8037 2.3356e+00     4.1157      4.213      6.111    10.5460 0.0000e+00
      4.263     -0.126     8.1918     73.477     41.186  29.288541     5.5800     4.1456     0.0852     0.8037 2.4633e+00     4.1608      4.181      6.064    10.5476 0.0000e+00
      4.231     -0.128     8.1899     73.478     41.185  29.288697     5.5800     4.1799     0.0852     0.7614 2.3999e+00     4.1157      4.149      6.018    10.5497 0.0000e+00
      4.200     -0.129     8.1880     73.484     41.188  29.292895     5.5800     4.2219     0.0852     0.7614 2.4161e+00     4.1758      4.118      5.974    10.5516 0.0000e+00
      4.168     -0.130     8.1866     73.497     41.190  29.296312     5.5800     4.2181     0.0852     0.7614 2.5032e+00     4.1758      4.087      5.928    10.5529 0.0000e+00
      4.133     -0.130     8.1859     73.518     41.193  29.299860     5.5800     4.1952     0.0852     0.7614 2.7863e+00     4.1758      4.053      5.879    10.5538 0.0000e+00
      4.098     -0.131     8.1859     73.548     41.198  29.304486     5.5800     4.2219     0.1278     0.7191 3.1155e+00     4.2360      4.019      5.829    10.5551 0.0000e+00
      4.064     -0.131     8.1862     73.585     41.207  29.311423     5.5800     4.5576     0.1278     0.7191 3.1135e+00     3.6949      3.985      5.781    10.5571 0.0000e+00
      4.031     -0.131     8.1872     73.620     41.216  29.318561     5.5800     4.5385     0.1278     0.7191 3.0872e+00     3.5596      3.953      5.734    10.5594 0.0000e+00
      3.999     -0.129     8.1892     73.647     41.216  29.319884     5.5800     4.5423     0.1278     0.7191 3.1434e+00     3.6798      3.922      5.689    10.5614 0.0000e+00
      3.967     -0.126     8.1923     73.670     41.210  29.315745     5.5800     4.5576     0.1278     0.6768 3.4400e+00     3.7851      3.890      5.642    10.5627 0.0000e+00
      3.933     -0.123     8.1962     73.697     41.208  29.314940     5.5800     4.4584     0.1278     0.6768 3.8911e+00     3.9804      3.857      5.594    10.5636 0.0000e+00
      3.901     -0.119     8.1998     73.726     41.214  29.319234     5.5800     4.4698     0.1278     0.6768 3.9302e+00     3.9504      3.825      5.548    10.5647 0.0000e+00
      3.871     -0.116     8.2025     73.746     41.223  29.325812     5.5800     4.4851     0.1278     0.6768 3.8124e+00     3.9203      3.796      5.507    10.5660 0.0000e+00
      3.844     -0.113     8.2050     73.756     41.232  29.332469     5.5800     4.4851     0.1278     0.6768 3.8962e+00     4.0406      3.769      5.467    10.5668 0.0000e+00
      3.817     -0.109     8.2081     73.761     41.228  29.331080     5.5800     4.3363     0.0852     0.6768 3.8608e+00     3.9504      3.743      5.429    10.5668 0.0000e+00
      3.789     -0.105     8.2113     73.766     41.217  29.323255     5.5800     4.3516     0.0852     0.6768 4.2564e+00     3.9504      3.715      5.389    10.5667 0.0000e+00
      3.761     -0.102     8.2135     73.762     41.213  29.320767     5.5800     4.3592     0.0852     0.6768 4.6450e+00     3.9504      3.688      5.349    10.5669 0.0000e+00
      3.735     -0.099     8.2144     73.737     41.220  29.324931     5.5800     4.3745     0.0852     0.6768 4.4726e+00     3.9053      3.663      5.312    10.5679 0.0000e+00
      3.711     -0.097     8.2147     73.682     41.222  29.326959     5.5800     4.2944     0.1278     0.7191 4.3917e+00     4.2810      3.639      5.278    10.5690 0.0000e+00
      3.688     -0.095     8.2152     73.598     41.220  29.325411     5.5800     4.3096     0.1278     0.7191 4.3679e+00     4.1307      3.617      5.246    10.5696 0.0000e+00
      3.665     -0.092     8.2148     73.493     41.223  29.327796     5.5800     4.3173     0.1278     0.7191 4.3975e+00     4.1608      3.594      5.213    10.5695 0.0000e+00
      3.641     -0.091     8.2120     73.380     41.232  29.334748     5.5800     4.2982     0.1278     0.7191 4.7801e+00     4.1909      3.571      5.179    10.5692 0.0000e+00
      3.617     -0.090     8.2059     73.276     41.240  29.340202     5.5800     4.6873     0.0852     0.8037 5.1871e+00     4.4915      3.547      5.145    10.5691 0.0000e+00
      3.594     -0.090     8.1964     73.194     41.242  29.341653     5.5800     4.7064     0.0852     0.8037 4.9385e+00     4.3712      3.525      5.112    10.5695 0.0000e+00
      3.572     -0.090     8.1846     73.150     41.239  29.339487     5.5800     4.6987     0.0852     0.8037 5.0613e+00     4.3412      3.504      5.081    10.5701 0.0000e+00
      3.551     -0.091     8.1720     73.153     41.235  29.337086     5.5800     4.7102     0.0852     0.8037 4.9719e+00     4.4764      3.483      5.051    10.5704 0.0000e+00
      3.529     -0.091     8.1604     73.201     41.235  29.337770     5.5800     4.5728     0.1278     0.8037 5.1032e+00     4.1608      3.461      5.020    10.5703 0.0000e+00
      3.505     -0.093     8.1514     73.282     41.234  29.337762     5.5800     4.5652     0.1278     0.8037 5.6890e+00     4.2059      3.437      4.985    10.5701 0.0000e+00
      3.479     -0.094     8.1465     73.381     41.227  29.333100     5.5800     4.5309     0.1278     0.8037 6.2734e+00     4.2209      3.412      4.948    10.5700 0.0000e+00
      3.454     -0.096     8.1467     73.480     41.217  29.326500     5.5800     4.5576     0.1278     0.8037 6.1559e+00     4.1007      3.388      4.913    10.5704 0.0000e+00
      3.431     -0.097     8.1520     73.562     41.213  29.324122     5.5800     4.7102     0.1278     0.8037 6.1572e+00     3.8151      3.365      4.880    10.5712 0.0000e+00
