Data/DataNotYetUploadedToEDI/Raw_CTD/RawDownloads/111622_fcr50_S8188006.cnv
* Sea-Bird SBE19plus  Data File:
* FileName = C:\R\Reservoirs\Data\DataNotYetUploadedToEDI\Raw_CTD\RawDownloads\110122_fcr50_S8188_0006.hex
* Software version 2.8.0.119
* Temperature SN = 8188
* Conductivity SN = 8188
* System UpLoad Time = Nov 18 2022 12:46:04
* <ApplicationData>
* <Seaterm232>
# nquan = 16
# nvalues = 1732                        
# units = specified
# name 0 = depFM: Depth [fresh water, m]
# name 1 = dz/dtM: Descent Rate [m/s]
# name 2 = sbeox0Mg/L: Oxygen, SBE 43 [mg/l]
# name 3 = sbeox0PS: Oxygen, SBE 43 [% saturation]
# name 4 = specc: Specific Conductance [uS/cm]
# name 5 = c0uS/cm: Conductivity [uS/cm]
# name 6 = wetCDOM: Fluorescence, WET Labs CDOM [mg/m^3]
# name 7 = flECO-AFL: Fluorescence, WET Labs ECO-AFL/FL [mg/m^3]
# name 8 = flECO-AFL1: Fluorescence, WET Labs ECO-AFL/FL, 2 [mg/m^3]
# name 9 = flECO-AFL2: Fluorescence, WET Labs ECO-AFL/FL, 3 [mg/m^3]
# name 10 = par/sat/log: PAR/Logarithmic, Satlantic
# name 11 = turbWETntu0: Turbidity, WET Labs ECO [NTU]
# name 12 = prdM: Pressure, Strain Gauge [db]
# name 13 = prdE: Pressure, Strain Gauge [psi]
# name 14 = tv290C: Temperature [ITS-90, deg C]
# name 15 = flag:  0.000e+00
# span 0 =     -0.663,      9.652       
# span 1 =     -0.209,      0.144       
# span 2 =     2.4490,    11.0745       
# span 3 =     21.988,     98.024       
# span 4 =      0.425,    568.963       
# span 5 =   0.284239, 413.150678       
# span 6 =    -4.5000,    25.4700       
# span 7 =    -2.1716,     9.1238       
# span 8 =    -3.4080,     2.9820       
# span 9 =    -5.5836,     7.8255       
# span 10 = 1.1592e-01, 2.0882e+03      
# span 11 =   -11.6509,   966.1797      
# span 12 =     -0.650,      9.466      
# span 13 =     -0.943,     13.729      
# span 14 =     8.2371,    11.3420      
# span 15 = 0.0000e+00, 0.0000e+00      
# interval = seconds: 0.25
# start_time = Nov 16 2022 10:55:30 [Instrument's time stamp, header]
# bad_flag = -9.990e-29
*END*
[from data line 272]
     -0.071      0.002     8.8206     80.281     41.672  30.176362     5.3100     3.9205     0.1278     0.8883 1.0525e+03     2.9133     -0.069     -0.100    11.2029 0.0000e+00
     -0.070      0.001     8.8206     80.238     41.664  30.170770     5.3100     3.9434     0.1278     0.8883 9.7543e+02     2.9584     -0.069     -0.100    11.2033 0.0000e+00
     -0.070      0.001     8.8188     80.203     41.661  30.168838     5.3100     3.9091     0.1278     0.8883 9.8459e+02     2.9434     -0.069     -0.100    11.2037 0.0000e+00
     -0.070      0.000     8.8149     80.185     41.657  30.166089     5.3100     3.9014     0.1278     0.8883 8.1889e+02     3.0786     -0.068     -0.099    11.2041 0.0000e+00
     -0.070      0.000     8.8099     80.188     41.651  30.161791     5.2200     3.9892     0.0852     0.9306 9.6615e+02     3.0335     -0.068     -0.099    11.2045 0.0000e+00
     -0.070      0.000     8.8052     80.208     41.646  30.158757     5.2200     3.9930     0.0852     0.9306 1.2638e+03     2.9434     -0.068     -0.100    11.2049 0.0000e+00
     -0.070      0.000     8.8013     80.242     41.642  30.156179     5.2200     4.0006     0.0852     0.9306 1.0893e+03     2.9734     -0.069     -0.100    11.2051 0.0000e+00
     -0.070     -0.001     8.7993     80.285     41.644  30.157328     5.2200     3.9854     0.0852     0.9306 1.1784e+03     3.0486     -0.069     -0.100    11.2053 0.0000e+00
     -0.070     -0.001     8.7996     80.324     41.651  30.162512     5.2200     3.9816     0.0852     0.9729 1.3475e+03     2.9584     -0.069     -0.100    11.2054 0.0000e+00
     -0.070     -0.001     8.8017     80.351     41.654  30.165194     5.2200     3.9739     0.0852     0.9729 1.0380e+03     2.9885     -0.069     -0.101    11.2055 0.0000e+00
     -0.071      0.000     8.8055     80.361     41.650  30.162127     5.2200     3.9854     0.0852     0.9729 1.0308e+03     3.0035     -0.069     -0.101    11.2057 0.0000e+00
     -0.071      0.000     8.8102     80.358     41.636  30.152494     5.2200     3.9816     0.0852     0.9729 1.0277e+03     2.9734     -0.069     -0.101    11.2059 0.0000e+00
     -0.071      0.000     8.8144     80.342     41.621  30.141647     5.2200     4.0121     0.0852     0.9729 1.3466e+03     2.9734     -0.069     -0.101    11.2062 0.0000e+00
     -0.071      0.000     8.8173     80.316     41.616  30.138573     5.3100     4.0273     0.0852     0.9729 1.0335e+03     2.9434     -0.069     -0.101    11.2064 0.0000e+00
     -0.071      0.000     8.8184     80.291     41.621  30.142452     5.3100     4.0502     0.0852     0.9729 1.0319e+03     2.9133     -0.069     -0.101    11.2067 0.0000e+00
     -0.071      0.000     8.8180     80.276     41.626  30.146400     5.3100     4.0426     0.0852     0.9729 4.7175e+02     3.0636     -0.069     -0.101    11.2069 0.0000e+00
     -0.071      0.000     8.8162     80.281     41.633  30.151468     5.3100     4.0922     0.0852     0.9729 1.1642e+03     3.0486     -0.069     -0.101    11.2071 0.0000e+00
     -0.071      0.000     8.8133     80.300     41.644  30.159007     5.2200     4.1074     0.0852     0.9306 1.1414e+03     3.0786     -0.069     -0.101    11.2074 0.0000e+00
     -0.071      0.000     8.8104     80.325     41.644  30.159149     5.2200     4.0884     0.0852     0.9306 1.0328e+03     2.9283     -0.069     -0.101    11.2076 0.0000e+00
     -0.071      0.000     8.8088     80.348     41.629  30.147971     5.2200     4.1151     0.0852     0.9306 1.0550e+03     3.0786     -0.070     -0.101    11.2078 0.0000e+00
     -0.071      0.000     8.8093     80.369     41.611  30.134372     5.2200     4.0388     0.0852     0.9306 1.0208e+03     3.2740     -0.070     -0.101    11.2079 0.0000e+00
     -0.071      0.000     8.8114     80.386     41.606  30.130567     5.3100     4.0693     0.0852     1.1421 1.0324e+03     3.2891     -0.070     -0.101    11.2078 0.0000e+00
     -0.071      0.000     8.8141     80.395     41.618  30.139500     5.3100     4.0884     0.0852     1.1421 1.1278e+03     3.2590     -0.070     -0.101    11.2077 0.0000e+00
     -0.071      0.001     8.8167     80.393     41.630  30.147713     5.3100     4.0617     0.0852     1.1421 1.1446e+03     3.1838     -0.070     -0.100    11.2075 0.0000e+00
     -0.070      0.001     8.8191     80.382     41.632  30.149477     5.3100     3.9167     0.0852     1.1421 1.0803e+03     2.9133     -0.069     -0.100    11.2072 0.0000e+00
     -0.070      0.001     8.8210     80.365     41.632  30.149222     5.2200     3.9053     0.1278     1.0998 9.9513e+02     3.0636     -0.069     -0.100    11.2070 0.0000e+00
     -0.070      0.001     8.8220     80.344     41.629  30.146879     5.2200     3.9396     0.1278     1.0998 1.0589e+03     3.0185     -0.069     -0.100    11.2069 0.0000e+00
     -0.070      0.002     8.8218     80.320     41.628  30.145785     5.2200     3.9281     0.1278     1.0998 1.0387e+03     3.0486     -0.069     -0.099    11.2067 0.0000e+00
     -0.069      0.002     8.8206     80.294     41.628  30.145647     5.2200     3.8824     0.1278     1.0998 9.2205e+02     3.3191     -0.068     -0.099    11.2066 0.0000e+00
     -0.069      0.003     8.8188     80.266     41.624  30.142469     5.2200     3.8595     0.1278     1.0998 1.0791e+03     3.3191     -0.068     -0.098    11.2064 0.0000e+00
     -0.068      0.003     8.8166     80.237     41.614  30.135403     5.2200     3.8633     0.0426     1.2690 1.0016e+03     3.2740     -0.067     -0.098    11.2061 0.0000e+00
     -0.067      0.004     8.8140     80.214     41.608  30.130485     5.2200     3.8633     0.0426     1.2690 1.2233e+03     3.1688     -0.066     -0.097    11.2059 0.0000e+00
     -0.066      0.005     8.8112     80.204     41.613  30.134324     5.2200     3.8671     0.0426     1.2690 1.0954e+03     3.3342     -0.065     -0.095    11.2057 0.0000e+00
     -0.065      0.007     8.8081     80.205     41.621  30.140023     5.2200     3.8519     0.0426     1.2690 9.0912e+02     3.2740     -0.064     -0.093    11.2055 0.0000e+00
     -0.063      0.009     8.8050     80.208     41.623  30.141182     5.2200     3.8671     0.1278     1.1844 9.5260e+02     3.2440     -0.062     -0.091    11.2053 0.0000e+00
     -0.061      0.011     8.8025     80.210     41.625  30.142070     5.2200     3.8328     0.1278     1.1844 1.1062e+03     3.2590     -0.060     -0.087    11.2051 0.0000e+00
     -0.058      0.014     8.8015     80.204     41.632  30.146883     5.2200     3.9777     0.1278     1.1844 1.1657e+03     3.2139     -0.057     -0.083    11.2049 0.0000e+00
     -0.054      0.017     8.8016     80.193     41.646  30.156906     5.2200     3.9892     0.1278     1.1844 9.8331e+02     3.2440     -0.054     -0.078    11.2047 0.0000e+00
     -0.050      0.020     8.8020     80.180     41.665  30.170850     5.2200     4.0121     0.0852     1.2690 1.1923e+03     3.2740     -0.049     -0.071    11.2044 0.0000e+00
     -0.044      0.023     8.8022     80.169     41.679  30.180555     5.2200     3.9816     0.0852     1.2690 1.1320e+03     3.1688     -0.043     -0.063    11.2042 0.0000e+00
     -0.037      0.026     8.8017     80.163     41.679  30.180689     5.2200     4.0769     0.0852     1.2690 1.7577e+03     3.3342     -0.036     -0.053    11.2039 0.0000e+00
     -0.030      0.029     8.8005     80.169     41.673  30.175246     5.2200     4.1380     0.0852     1.2690 9.5966e+02     3.3191     -0.029     -0.043    11.2037 0.0000e+00
     -0.022      0.031     8.7991     80.184     41.667  30.170695     5.2200     4.1074     0.0852     1.2690 8.7844e+02     3.2440     -0.022     -0.032    11.2036 0.0000e+00
     -0.014      0.033     8.7979     80.194     41.666  30.169784     5.3100     4.0884     0.1278     1.2267 1.0339e+03     3.1388     -0.014     -0.020    11.2035 0.0000e+00
     -0.005      0.034     8.7973     80.192     41.662  30.166328     5.3100     4.4088     0.1278     1.2267 8.1110e+02     3.5746     -0.004     -0.006    11.2033 0.0000e+00
      0.005      0.034     8.7980     80.179     41.650  30.157427     5.3100     4.4164     0.1278     1.2267 1.3231e+03     3.4694      0.005      0.007    11.2028 0.0000e+00
      0.014      0.035     8.7997     80.154     41.641  30.150606     5.3100     4.4164     0.1278     1.2267 5.9861e+02     3.5295      0.014      0.019    11.2023 0.0000e+00
      0.022      0.035     8.8009     80.123     41.641  30.149988     5.2200     4.4355     0.0852     1.2690 4.3023e+02     3.4544      0.022      0.031    11.2017 0.0000e+00
      0.030      0.036     8.8009     80.099     41.643  30.151446     5.2200     4.5385     0.0852     1.2690 6.6673e+02     3.1989      0.030      0.043    11.2012 0.0000e+00
      0.039      0.037     8.7996     80.094     41.637  30.147450     5.2200     4.5385     0.0852     1.2690 8.7159e+02     3.2289      0.038      0.056    11.2007 0.0000e+00
      0.049      0.038     8.7969     80.109     41.628  30.140894     5.2200     4.5232     0.0852     1.2690 7.3666e+02     3.2440      0.048      0.069    11.2001 0.0000e+00
      0.059      0.039     8.7936     80.145     41.623  30.137951     5.2200     4.5156     0.0852     1.1844 4.4361e+02     3.3792      0.058      0.084    11.1997 0.0000e+00
      0.070      0.040     8.7911     80.198     41.617  30.133874     5.2200     4.6301     0.0852     1.1844 1.1996e+03     3.3642      0.069      0.099    11.1996 0.0000e+00
      0.080      0.040     8.7904     80.259     41.608  30.127577     5.2200     4.6034     0.0852     1.1844 1.3283e+03     3.2740      0.079      0.114    11.1999 0.0000e+00
      0.090      0.040     8.7920     80.314     41.605  30.125302     5.2200     4.5805     0.0852     1.1844 5.6254e+02     3.3642      0.089      0.129    11.2002 0.0000e+00
      0.100      0.039     8.7959     80.349     41.607  30.126440     5.3100     4.6072     0.0852     1.3113 9.9211e+02     3.1688      0.098      0.143    11.2005 0.0000e+00
      0.110      0.039     8.8016     80.360     41.609  30.127336     5.3100     4.6949     0.0852     1.3113 3.3685e+02     3.2440      0.108      0.157    11.2008 0.0000e+00
      0.120      0.039     8.8083     80.354     41.611  30.128229     5.3100     4.7369     0.0852     1.3113 5.7652e+02     3.2440      0.117      0.170    11.2009 0.0000e+00
      0.130      0.038     8.8144     80.342     41.613  30.129356     5.3100     4.7102     0.0852     1.3113 5.8485e+02     3.1388      0.127      0.185    11.2008 0.0000e+00
      0.140      0.036     8.8183     80.329     41.621  30.134978     5.3100     4.7140     0.0852     1.3113 5.8156e+02     3.2440      0.137      0.199    11.2006 0.0000e+00
      0.150      0.033     8.8195     80.317     41.638  30.146595     5.3100     4.8589     0.0852     1.2267 6.0305e+02     3.1688      0.147      0.214    11.2004 0.0000e+00
      0.159      0.030     8.8189     80.311     41.651  30.155424     5.3100     4.8856     0.0852     1.2267 8.5045e+02     3.2740      0.156      0.226    11.2001 0.0000e+00
      0.166      0.026     8.8177     80.320     41.653  30.155900     5.3100     4.8666     0.0852     1.2267 6.6096e+02     3.1989      0.163      0.236    11.1998 0.0000e+00
      0.171      0.021     8.8164     80.336     41.649  30.152109     5.3100     4.8704     0.0852     1.2267 5.2248e+02     3.2139      0.168      0.244    11.1993 0.0000e+00
      0.176      0.017     8.8151     80.349     41.638  30.143040     5.3100     4.6797     0.0852     1.0998 4.4381e+02     3.0786      0.172      0.250    11.1985 0.0000e+00
      0.179      0.014     8.8147     80.352     41.615  30.126274     5.3100     4.7292     0.0852     1.0998 5.0429e+02     2.8983      0.176      0.255    11.1975 0.0000e+00
      0.182      0.011     8.8159     80.347     41.598  30.113183     5.3100     4.7064     0.0852     1.0998 7.7999e+02     2.8983      0.179      0.259    11.1965 0.0000e+00
      0.184      0.009     8.8179     80.339     41.597  30.112153     5.3100     4.7102     0.0852     1.0998 5.4308e+02     3.0335      0.181      0.262    11.1954 0.0000e+00
      0.186      0.007     8.8195     80.333     41.607  30.118952     5.2200     4.8933     0.0852     1.2267 7.5235e+02     3.0185      0.183      0.265    11.1944 0.0000e+00
      0.188      0.006     8.8201     80.325     41.619  30.127472     5.2200     4.8742     0.0852     1.2267 9.5758e+02     3.0035      0.184      0.267    11.1935 0.0000e+00
      0.189      0.005     8.8196     80.314     41.626  30.132063     5.2200     4.8742     0.0852     1.2267 6.3216e+02     2.9734      0.186      0.269    11.1928 0.0000e+00
      0.191      0.005     8.8189     80.305     41.629  30.133952     5.2200     4.8704     0.0852     1.2267 6.7036e+02     2.9734      0.187      0.271    11.1924 0.0000e+00
      0.192      0.004     8.8183     80.299     41.635  30.137601     5.3100     4.9467     0.0852     1.1844 5.8143e+02     3.1388      0.188      0.272    11.1920 0.0000e+00
      0.193      0.004     8.8175     80.293     41.639  30.140024     5.3100     4.9505     0.0852     1.1844 5.6144e+02     2.9734      0.189      0.274    11.1916 0.0000e+00
      0.194      0.004     8.8164     80.285     41.642  30.141866     5.3100     4.9238     0.0852     1.1844 4.7339e+02     2.9584      0.190      0.275    11.1911 0.0000e+00
      0.195      0.004     8.8155     80.279     41.651  30.147579     5.3100     4.9505     0.0852     1.1844 1.5641e+03     2.9283      0.191      0.277    11.1906 0.0000e+00
      0.196      0.003     8.8149     80.277     41.656  30.150766     5.3100     4.9581     0.0852     1.1844 1.1389e+03     2.9283      0.192      0.278    11.1900 0.0000e+00
      0.197      0.003     8.8143     80.277     41.653  30.148316     5.3100     4.9658     0.0852     1.3113 1.0803e+03     3.0185      0.193      0.280    11.1893 0.0000e+00
      0.198      0.003     8.8136     80.273     41.653  30.147498     5.3100     4.9467     0.0852     1.3113 6.5610e+02     2.9133      0.194      0.281    11.1887 0.0000e+00
      0.198      0.002     8.8131     80.261     41.654  30.148092     5.3100     4.9314     0.0852     1.3113 4.9517e+02     2.9584      0.194      0.281    11.1881 0.0000e+00
      0.199      0.002     8.8130     80.245     41.647  30.142336     5.3100     4.9963     0.0852     1.3113 4.8033e+02     3.3492      0.195      0.282    11.1875 0.0000e+00
      0.199      0.002     8.8132     80.225     41.634  30.132657     5.2200     5.0077     0.1278     1.1421 6.4718e+02     3.2891      0.195      0.283    11.1867 0.0000e+00
      0.199      0.002     8.8129     80.200     41.634  30.132313     5.2200     5.0001     0.1278     1.1421 4.6513e+02     3.2139      0.195      0.283    11.1860 0.0000e+00
      0.200      0.002     8.8117     80.175     41.642  30.137253     5.2200     5.0115     0.1278     1.1421 9.2506e+02     3.1688      0.196      0.284    11.1855 0.0000e+00
      0.200      0.002     8.8100     80.154     41.636  30.132952     5.2200     5.1946     0.1278     1.1421 5.2761e+02     2.9885      0.196      0.285    11.1851 0.0000e+00
      0.201      0.003     8.8079     80.146     41.628  30.126186     5.2200     5.1870     0.0852     1.2267 9.5696e+02     3.0185      0.197      0.286    11.1847 0.0000e+00
      0.202      0.003     8.8052     80.151     41.625  30.123069     5.2200     5.1679     0.0852     1.2267 4.4865e+02     3.0786      0.198      0.287    11.1843 0.0000e+00
      0.203      0.004     8.8025     80.167     41.615  30.114850     5.2200     5.1946     0.0852     1.2267 3.7978e+02     2.9133      0.198      0.288    11.1839 0.0000e+00
      0.204      0.005     8.8004     80.193     41.605  30.107257     5.2200     5.2557     0.0852     1.2267 5.4414e+02     2.9434      0.199      0.289    11.1833 0.0000e+00
