Data/DataNotYetUploadedToEDI/Raw_CTD/RawDownloads/111622_fcr50_S8188006.cnv
* Sea-Bird SBE19plus  Data File:
* FileName = C:\R\Reservoirs\Data\DataNotYetUploadedToEDI\Raw_CTD\RawDownloads\110122_fcr50_S8188_0006.hex
* Software version 2.8.0.119
* Temperature SN = 8188
* Conductivity SN = 8188
* System UpLoad Time = Nov 18 2022 12:46:04
* <ApplicationData>
* <Seaterm232>
# nquan = 16
# nvalues = 1732                        
# units = specified
# name 0 = depFM: Depth [fresh water, m]
# name 1 = dz/dtM: Descent Rate [m/s]
# name 2 = sbeox0Mg/L: Oxygen, SBE 43 [mg/l]
# name 3 = sbeox0PS: Oxygen, SBE 43 [% saturation]
# name 4 = specc: Specific Conductance [uS/cm]
# name 5 = c0uS/cm: Conductivity [uS/cm]
# name 6 = wetCDOM: Fluorescence, WET Labs CDOM [mg/m^3]
# name 7 = flECO-AFL: Fluorescence, WET Labs ECO-AFL/FL [mg/m^3]
# name 8 = flECO-AFL1: Fluorescence, WET Labs ECO-AFL/FL, 2 [mg/m^3]
# name 9 = flECO-AFL2: Fluorescence, WET Labs ECO-AFL/FL, 3 [mg/m^3]
# name 10 = par/sat/log: PAR/Logarithmic, Satlantic
# name 11 = turbWETntu0: Turbidity, WET Labs ECO [NTU]
# name 12 = prdM: Pressure, Strain Gauge [db]
# name 13 = prdE: Pressure, Strain Gauge [psi]
# name 14 = tv290C: Temperature [ITS-90, deg C]
# name 15 = flag:  0.000e+00
# span 0 =     -0.663,      9.652       
# span 1 =     -0.209,      0.144       
# span 2 =     2.4490,    11.0745       
# span 3 =     21.988,     98.024       
# span 4 =      0.425,    568.963       
# span 5 =   0.284239, 413.150678       
# span 6 =    -4.5000,    25.4700       
# span 7 =    -2.1716,     9.1238       
# span 8 =    -3.4080,     2.9820       
# span 9 =    -5.5836,     7.8255       
# span 10 = 1.1592e-01, 2.0882e+03      
# span 11 =   -11.6509,   966.1797      
# span 12 =     -0.650,      9.466      
# span 13 =     -0.943,     13.729      
# span 14 =     8.2371,    11.3420      
# span 15 = 0.0000e+00, 0.0000e+00      
# interval = seconds: 0.25
# start_time = Nov 16 2022 10:55:30 [Instrument's time stamp, header]
# bad_flag = -9.990e-29
*END*
[from data line 633]
      2.484      0.035     8.5412     77.225     41.582  29.931606     5.3100     6.1293     0.1278     1.2267 2.4819e+01     3.3342      2.436      3.533    10.9900 0.0000e+00
      2.493      0.036     8.5345     77.182     41.588  29.935598     5.3100     6.1102     0.0852     1.2267 2.5123e+01     3.3342      2.445      3.545    10.9896 0.0000e+00
      2.502      0.039     8.5282     77.154     41.595  29.939930     5.3100     6.1483     0.0852     1.2267 2.5095e+01     3.2139      2.453      3.558    10.9893 0.0000e+00
      2.511      0.041     8.5224     77.150     41.600  29.941798     5.3100     6.1636     0.0852     1.2267 2.4786e+01     3.3041      2.463      3.571    10.9889 0.0000e+00
      2.522      0.044     8.5170     77.175     41.597  29.937739     5.3100     6.3963     0.0852     1.2267 2.4222e+01     3.5596      2.473      3.587    10.9884 0.0000e+00
      2.534      0.046     8.5124     77.220     41.584  29.926670     5.3100     6.3696     0.0852     1.2267 2.3512e+01     3.4694      2.485      3.604    10.9877 0.0000e+00
      2.547      0.047     8.5095     77.269     41.574  29.917521     5.4000     6.3581     0.0852     1.1844 2.2536e+01     3.4995      2.498      3.623    10.9868 0.0000e+00
      2.561      0.046     8.5094     77.313     41.573  29.915770     5.4000     6.3734     0.0852     1.1844 2.0755e+01     3.5145      2.511      3.642    10.9853 0.0000e+00
      2.573      0.044     8.5126     77.346     41.581  29.920953     5.4000     6.3887     0.0852     1.1844 2.1442e+01     3.1838      2.523      3.660    10.9832 0.0000e+00
      2.584      0.041     8.5180     77.360     41.594  29.930489     5.4000     6.3848     0.0852     1.1844 2.0696e+01     3.2740      2.534      3.675    10.9808 0.0000e+00
      2.593      0.039     8.5238     77.350     41.606  29.939004     5.4000     6.3963     0.0852     1.2690 2.0845e+01     3.2440      2.543      3.688    10.9787 0.0000e+00
      2.602      0.037     8.5289     77.322     41.610  29.940846     5.4000     6.3734     0.0852     1.2690 2.0530e+01     3.3041      2.551      3.700    10.9774 0.0000e+00
      2.610      0.036     8.5327     77.292     41.605  29.936507     5.4000     6.4306     0.0852     1.2690 2.0732e+01     3.4845      2.559      3.712    10.9766 0.0000e+00
      2.619      0.037     8.5343     77.274     41.602  29.932751     5.4000     6.4611     0.0852     1.2690 2.0570e+01     3.4995      2.568      3.724    10.9763 0.0000e+00
      2.628      0.038     8.5333     77.275     41.603  29.932535     5.3100     6.4001     0.1278     1.1844 2.0723e+01     3.4995      2.577      3.737    10.9760 0.0000e+00
      2.638      0.039     8.5304     77.295     41.604  29.931841     5.3100     6.4154     0.1278     1.1844 1.9768e+01     3.5295      2.587      3.752    10.9755 0.0000e+00
      2.649      0.039     8.5272     77.325     41.598  29.926525     5.3100     6.4230     0.1278     1.1844 1.8670e+01     3.1538      2.598      3.768    10.9744 0.0000e+00
      2.659      0.039     8.5256     77.355     41.596  29.923089     5.3100     6.4230     0.1278     1.1844 1.9243e+01     3.3492      2.608      3.782    10.9728 0.0000e+00
      2.669      0.038     8.5260     77.375     41.601  29.924577     5.3100     6.3963     0.1278     1.1844 1.8837e+01     3.2139      2.617      3.796    10.9711 0.0000e+00
      2.678      0.038     8.5284     77.373     41.610  29.927426     5.4000     6.4154     0.0852     1.1421 1.9047e+01     3.2891      2.626      3.808    10.9697 0.0000e+00
      2.686      0.038     8.5321     77.343     41.623  29.932395     5.4000     6.3238     0.0852     1.1421 1.8715e+01     3.1989      2.635      3.821    10.9683 0.0000e+00
      2.696      0.038     8.5358     77.287     41.629  29.932888     5.4000     6.3009     0.0852     1.1421 1.8662e+01     3.1388      2.644      3.834    10.9663 0.0000e+00
      2.706      0.039     8.5385     77.211     41.622  29.925077     5.4000     6.2933     0.0852     1.1421 1.7675e+01     3.2440      2.654      3.849    10.9635 0.0000e+00
      2.716      0.039     8.5392     77.123     41.609  29.914799     5.3100     6.3009     0.0852     1.0998 1.7454e+01     3.2440      2.664      3.864    10.9593 0.0000e+00
      2.727      0.039     8.5369     77.034     41.593  29.903273     5.3100     6.2323     0.0852     1.0998 1.7228e+01     3.2440      2.674      3.878    10.9540 0.0000e+00
      2.737      0.039     8.5317     76.947     41.570  29.887426     5.3100     6.2399     0.0852     1.0998 1.6499e+01     3.3642      2.684      3.892    10.9492 0.0000e+00
      2.746      0.038     8.5239     76.866     41.546  29.870952     5.3100     6.2513     0.0852     1.0998 1.6814e+01     3.1388      2.693      3.906    10.9460 0.0000e+00
      2.755      0.039     8.5145     76.798     41.538  29.865298     5.3100     6.2513     0.0852     1.0998 1.6542e+01     3.2590      2.702      3.919    10.9445 0.0000e+00
      2.764      0.040     8.5047     76.745     41.548  29.872917     5.3100     6.1674     0.0852     1.0998 1.6589e+01     3.4394      2.711      3.932    10.9444 0.0000e+00
      2.774      0.042     8.4950     76.705     41.569  29.887919     5.3100     6.1865     0.0852     1.0998 1.6506e+01     3.4995      2.720      3.946    10.9452 0.0000e+00
      2.785      0.043     8.4857     76.681     41.590  29.902426     5.3100     6.1598     0.0852     1.0998 1.6268e+01     3.4243      2.731      3.961    10.9463 0.0000e+00
      2.797      0.043     8.4781     76.672     41.598  29.908425     5.3100     6.2017     0.0852     1.1421 1.4775e+01     3.4394      2.743      3.979    10.9470 0.0000e+00
      2.810      0.042     8.4722     76.680     41.597  29.907517     5.3100     5.8050     0.0852     1.1421 1.4382e+01     3.3492      2.756      3.997    10.9472 0.0000e+00
      2.821      0.040     8.4678     76.708     41.592  29.903419     5.3100     5.8241     0.0852     1.1421 1.4656e+01     3.2139      2.767      4.013    10.9469 0.0000e+00
      2.831      0.037     8.4652     76.746     41.586  29.898999     5.3100     5.8470     0.0852     1.1421 1.4466e+01     3.2440      2.776      4.026    10.9467 0.0000e+00
      2.839      0.035     8.4643     76.785     41.584  29.897038     5.3100     5.7936     0.0852     1.1421 1.4628e+01     3.3342      2.784      4.038    10.9464 0.0000e+00
      2.847      0.034     8.4653     76.820     41.584  29.897012     5.4000     6.3124     0.0852     1.1421 1.4501e+01     3.2740      2.792      4.049    10.9462 0.0000e+00
      2.855      0.034     8.4684     76.846     41.587  29.898916     5.4000     6.3009     0.0852     1.1421 1.4574e+01     3.1989      2.799      4.060    10.9459 0.0000e+00
      2.863      0.036     8.4727     76.856     41.588  29.899297     5.4000     6.3200     0.0852     1.1421 1.4580e+01     3.2139      2.807      4.072    10.9456 0.0000e+00
      2.872      0.039     8.4770     76.856     41.587  29.898256     5.4000     6.3086     0.0852     1.1421 1.4583e+01     3.2740      2.816      4.085    10.9454 0.0000e+00
      2.882      0.042     8.4809     76.848     41.585  29.895517     5.4000     6.0911     0.0852     1.0998 1.4109e+01     3.3642      2.827      4.099    10.9453 0.0000e+00
      2.894      0.044     8.4837     76.835     41.579  29.890347     5.4000     6.0530     0.0852     1.0998 1.3279e+01     3.3342      2.838      4.116    10.9452 0.0000e+00
      2.907      0.046     8.4849     76.822     41.574  29.885329     5.4000     6.0606     0.0852     1.0998 1.3144e+01     3.5446      2.851      4.134    10.9449 0.0000e+00
      2.919      0.048     8.4850     76.811     41.562  29.875164     5.4000     6.0377     0.0852     1.0998 1.3184e+01     3.4995      2.863      4.152    10.9442 0.0000e+00
      2.931      0.049     8.4844     76.806     41.551  29.865063     5.4000     6.0759     0.0852     1.1844 1.3222e+01     3.4694      2.874      4.169    10.9432 0.0000e+00
      2.943      0.049     8.4832     76.811     41.547  29.860251     5.4000     5.8622     0.0852     1.1844 1.3011e+01     3.4995      2.887      4.187    10.9418 0.0000e+00
      2.957      0.048     8.4821     76.823     41.542  29.855485     5.4000     5.8813     0.0852     1.1844 1.2174e+01     3.4394      2.900      4.205    10.9402 0.0000e+00
      2.970      0.048     8.4813     76.832     41.540  29.853453     5.4000     5.8660     0.0852     1.1844 1.1902e+01     3.4995      2.913      4.224    10.9379 0.0000e+00
      2.982      0.047     8.4813     76.830     41.546  29.857574     5.4000     5.8432     0.0852     1.2267 1.2071e+01     3.3943      2.925      4.242    10.9349 0.0000e+00
      2.993      0.046     8.4824     76.814     41.558  29.864987     5.4000     5.8241     0.0852     1.2267 1.1948e+01     3.4995      2.936      4.258    10.9324 0.0000e+00
      3.004      0.046     8.4840     76.781     41.567  29.869750     5.4000     5.8050     0.0852     1.2267 1.2071e+01     3.4995      2.946      4.273    10.9312 0.0000e+00
      3.015      0.046     8.4850     76.740     41.575  29.873131     5.4000     5.8317     0.0852     1.2267 1.2016e+01     3.5295      2.957      4.288    10.9308 0.0000e+00
      3.027      0.047     8.4849     76.702     41.586  29.879992     5.4000     5.8126     0.0852     1.2267 1.1998e+01     3.4544      2.968      4.305    10.9303 0.0000e+00
      3.040      0.046     8.4834     76.669     41.599  29.888203     5.4000     5.3167     0.0852     1.0998 1.1160e+01     3.5145      2.981      4.323    10.9291 0.0000e+00
      3.053      0.045     8.4802     76.644     41.605  29.892033     5.4000     5.3167     0.0852     1.0998 1.0531e+01     3.4694      2.994      4.342    10.9271 0.0000e+00
      3.066      0.044     8.4761     76.623     41.601  29.888544     5.4000     5.3053     0.0852     1.0998 1.0831e+01     3.4694      3.006      4.360    10.9247 0.0000e+00
      3.076      0.042     8.4722     76.599     41.585  29.876805     5.4000     5.3167     0.0852     1.0998 1.0670e+01     3.4544      3.017      4.375    10.9226 0.0000e+00
      3.085      0.039     8.4689     76.578     41.565  29.861605     5.4000     5.3396     0.0852     1.0998 1.0793e+01     3.3943      3.026      4.388    10.9213 0.0000e+00
      3.094      0.038     8.4663     76.567     41.557  29.854732     5.4000     5.3243     0.0852     1.0998 1.0704e+01     3.5295      3.035      4.401    10.9205 0.0000e+00
      3.103      0.038     8.4640     76.561     41.560  29.854353     5.4000     5.3129     0.0852     1.0998 1.0838e+01     3.4394      3.043      4.413    10.9202 0.0000e+00
      3.112      0.038     8.4614     76.547     41.561  29.852447     5.4000     5.3358     0.0852     1.0998 1.0777e+01     3.4243      3.052      4.427    10.9199 0.0000e+00
      3.123      0.039     8.4592     76.530     41.563  29.852464     5.4000     5.4502     0.1278     1.1421 1.0225e+01     3.4544      3.062      4.441    10.9191 0.0000e+00
      3.134      0.039     8.4584     76.527     41.566  29.854410     5.4000     5.4464     0.1278     1.1421 9.7622e+00     3.4093      3.073      4.457    10.9172 0.0000e+00
      3.144      0.039     8.4582     76.548     41.566  29.854844     5.4000     5.4312     0.1278     1.1421 9.9161e+00     3.3943      3.083      4.472    10.9143 0.0000e+00
      3.154      0.039     8.4574     76.585     41.565  29.853882     5.4000     5.4388     0.1278     1.1421 9.8175e+00     3.4995      3.093      4.485    10.9114 0.0000e+00
      3.163      0.039     8.4558     76.631     41.563  29.851266     5.4000     5.6333     0.0852     1.0998 9.8967e+00     3.2440      3.102      4.498    10.9097 0.0000e+00
      3.172      0.040     8.4555     76.670     41.561  29.846299     5.4000     5.6333     0.0852     1.0998 9.8196e+00     3.2590      3.111      4.511    10.9096 0.0000e+00
      3.182      0.042     8.4577     76.679     41.557  29.837657     5.4000     5.6219     0.0852     1.0998 9.7537e+00     3.2740      3.120      4.525    10.9101 0.0000e+00
      3.193      0.044     8.4618     76.658     41.554  29.828975     5.4000     5.6372     0.0852     1.0998 9.7452e+00     3.3642      3.131      4.541    10.9100 0.0000e+00
      3.205      0.046     8.4673     76.612     41.555  29.823878     5.4000     5.2900     0.0852     1.0998 9.1720e+00     3.5596      3.143      4.558    10.9083 0.0000e+00
      3.218      0.047     8.4724     76.529     41.550  29.815065     5.4000     5.2671     0.0852     1.0575 8.5894e+00     3.4694      3.156      4.577    10.9041 0.0000e+00
      3.231      0.047     8.4747     76.409     41.536  29.800187     5.4000     5.2366     0.0852     1.0575 8.8086e+00     3.5897      3.169      4.595    10.8974 0.0000e+00
      3.243      0.047     8.4739     76.261     41.524  29.785176     5.4000     5.2709     0.0852     1.0575 8.6305e+00     3.4394      3.180      4.612    10.8895 0.0000e+00
      3.254      0.048     8.4703     76.086     41.511  29.768010     5.4000     4.9810     0.0852     1.0575 8.6927e+00     3.4394      3.191      4.628    10.8820 0.0000e+00
      3.265      0.048     8.4624     75.905     41.496  29.748069     5.4000     5.0230     0.1278     1.0575 8.5225e+00     3.4995      3.202      4.644    10.8758 0.0000e+00
      3.278      0.048     8.4502     75.739     41.487  29.731917     5.4000     5.0077     0.1278     1.0575 8.1511e+00     3.4694      3.214      4.662    10.8700 0.0000e+00
      3.290      0.049     8.4353     75.585     41.494  29.729106     5.4000     5.0230     0.1278     1.0575 8.0771e+00     3.4093      3.227      4.680    10.8625 0.0000e+00
      3.304      0.048     8.4179     75.436     41.518  29.742846     5.4000     4.7445     0.1278     1.0575 7.8606e+00     3.4995      3.240      4.699    10.8527 0.0000e+00
      3.317      0.046     8.3999     75.298     41.540  29.758979     5.4000     4.7827     0.0852     1.0152 7.1315e+00     3.4995      3.253      4.718    10.8418 0.0000e+00
      3.330      0.044     8.3838     75.175     41.545  29.765970     5.4000     4.7674     0.0852     1.0152 7.3247e+00     3.5295      3.265      4.736    10.8303 0.0000e+00
      3.340      0.040     8.3687     75.070     41.540  29.765681     5.4000     4.7369     0.0852     1.0152 7.2550e+00     3.4995      3.276      4.751    10.8206 0.0000e+00
      3.349      0.037     8.3530     74.996     41.528  29.760017     5.4000     4.6415     0.0852     1.0152 7.2802e+00     3.7550      3.284      4.763    10.8163 0.0000e+00
      3.357      0.035     8.3376     74.954     41.508  29.747467     5.4000     4.6720     0.0852     1.0575 7.3119e+00     3.7249      3.292      4.775    10.8174 0.0000e+00
      3.365      0.034     8.3232     74.945     41.484  29.730625     5.4000     4.6377     0.0852     1.0575 7.2945e+00     3.7249      3.300      4.786    10.8209 0.0000e+00
      3.373      0.036     8.3109     74.971     41.460  29.710939     5.4000     4.6453     0.0852     1.0575 7.3008e+00     3.6949      3.308      4.797    10.8249 0.0000e+00
      3.381      0.039     8.3019     75.030     41.430  29.683160     5.4000     5.3434     0.0852     1.0575 7.3247e+00     3.8151      3.316      4.809    10.8286 0.0000e+00
      3.391      0.042     8.2968     75.112     41.404  29.655721     5.4000     5.3243     0.0852     1.0575 7.3342e+00     3.6949      3.325      4.823    10.8312 0.0000e+00
      3.402      0.045     8.2957     75.200     41.409  29.649023     5.4000     5.3434     0.0852     1.1844 7.2707e+00     3.6798      3.336      4.839    10.8315 0.0000e+00
      3.415      0.048     8.2992     75.275     41.431  29.657320     5.4000     5.3396     0.0852     1.1844 6.8000e+00     3.7249      3.349      4.858    10.8285 0.0000e+00
      3.430      0.049     8.3072     75.326     41.440  29.659064     5.4000     4.7788     0.0852     1.1844 6.2747e+00     3.6648      3.364      4.879    10.8211 0.0000e+00
