Data/DataNotYetUploadedToEDI/Raw_CTD/RawDownloads/111622_bvr50_S8188005.cnv
* Sea-Bird SBE19plus  Data File:
* FileName = C:\R\Reservoirs\Data\DataNotYetUploadedToEDI\Raw_CTD\RawDownloads\110122_fcr50_S8188_0005.hex
* Software version 2.8.0.119
* Temperature SN = 8188
* Conductivity SN = 8188
* System UpLoad Time = Nov 18 2022 12:45:38
* <ApplicationData>
* <Seaterm232>
# nquan = 16
# nvalues = 2097                        
# units = specified
# name 0 = depFM: Depth [fresh water, m]
# name 1 = dz/dtM: Descent Rate [m/s]
# name 2 = sbeox0Mg/L: Oxygen, SBE 43 [mg/l]
# name 3 = sbeox0PS: Oxygen, SBE 43 [% saturation]
# name 4 = specc: Specific Conductance [uS/cm]
# name 5 = c0uS/cm: Conductivity [uS/cm]
# name 6 = wetCDOM: Fluorescence, WET Labs CDOM [mg/m^3]
# name 7 = flECO-AFL: Fluorescence, WET Labs ECO-AFL/FL [mg/m^3]
# name 8 = flECO-AFL1: Fluorescence, WET Labs ECO-AFL/FL, 2 [mg/m^3]
# name 9 = flECO-AFL2: Fluorescence, WET Labs ECO-AFL/FL, 3 [mg/m^3]
# name 10 = par/sat/log: PAR/Logarithmic, Satlantic
# name 11 = turbWETntu0: Turbidity, WET Labs ECO [NTU]
# name 12 = prdM: Pressure, Strain Gauge [db]
# name 13 = prdE: Pressure, Strain Gauge [psi]
# name 14 = tv290C: Temperature [ITS-90, deg C]
# name 15 = flag:  0.000e+00
# span 0 =     -0.745,      6.907       
# span 1 =     -0.133,      0.151       
# span 2 =     6.0260,    10.9582       
# span 3 =     53.222,     95.418       
# span 4 =      0.338,     37.544       
# span 5 =   0.220880,  26.281992       
# span 6 =    -0.0900,     7.4700       
# span 7 =    -0.2414,     8.0290       
# span 8 =    -0.0426,     0.4686       
# span 9 =    -0.2961,     0.6768       
# span 10 = 1.1590e-01, 4.3069e+02      
# span 11 =    -0.4835,    94.1613      
# span 12 =     -0.731,      6.773      
# span 13 =     -1.060,      9.824      
# span 14 =     7.6828,    10.0029      
# span 15 = 0.0000e+00, 0.0000e+00      
# interval = seconds: 0.25
# start_time = Nov 16 2022 08:20:55 [Instrument's time stamp, header]
# bad_flag = -9.990e-29
*END*
     -0.745      0.000    10.9531     91.754      0.341   0.223336     0.0900    -0.0545     0.0000     0.1692 4.0351e+02     2.6127     -0.731     -1.060     7.6851 0.0000e+00
     -0.745      0.000    10.9533     91.751      0.340   0.222572     0.0900    -0.0545     0.0426     0.0846 4.0501e+02     2.5376     -0.731     -1.060     7.6850 0.0000e+00
     -0.745      0.000    10.9528     91.756      0.338   0.220880     0.0900    -0.0773     0.0426     0.0846 4.0509e+02     2.4624     -0.731     -1.060     7.6849 0.0000e+00
     -0.745      0.000    10.9517     91.763      0.339   0.221763     0.0900    -0.2414     0.0426     0.0846 4.0553e+02     2.0416     -0.731     -1.060     7.6848 0.0000e+00
     -0.745      0.000    10.9508     91.772      0.345   0.225457     0.0900    -0.2223     0.0426     0.0846 4.0351e+02     2.1167     -0.731     -1.060     7.6847 0.0000e+00
     -0.745      0.000    10.9504     91.786      0.356   0.232945     0.0900    -0.2185     0.0426     0.0846 4.0141e+02     2.1468     -0.731     -1.060     7.6845 0.0000e+00
     -0.745      0.000    10.9510     91.803      0.370   0.242272     0.0900    -0.2147     0.0000     0.0423 3.9656e+02     2.0716     -0.731     -1.060     7.6844 0.0000e+00
     -0.745      0.000    10.9519     91.813      0.385   0.251969     0.0900    -0.0430     0.0000     0.0423 3.9570e+02     1.4854     -0.731     -1.060     7.6842 0.0000e+00
     -0.745      0.000    10.9530     91.814      0.398   0.260670     0.0900    -0.0430     0.0000     0.0423 3.9613e+02     1.6057     -0.731     -1.060     7.6841 0.0000e+00
     -0.745      0.000    10.9548     91.811      0.408   0.266738     0.0900    -0.0697     0.0000     0.0423 3.7895e+02     1.5606     -0.731     -1.060     7.6840 0.0000e+00
     -0.745      0.000    10.9568     91.809      0.421   0.275748     0.2700    -0.0545     0.0000    -0.0423 3.4201e+02     1.7259     -0.731     -1.060     7.6838 0.0000e+00
     -0.745      0.000    10.9581     91.808      0.443   0.290101     0.2700    -0.0926     0.0000    -0.0423 2.8969e+02     0.1177     -0.731     -1.060     7.6837 0.0000e+00
     -0.745      0.000    10.9582     91.804      0.473   0.309671     0.2700    -0.1155     0.0000    -0.0423 2.6581e+02     0.1929     -0.731     -1.060     7.6836 0.0000e+00
     -0.745      0.000    10.9579     91.793      0.519   0.339676     0.2700    -0.0964     0.0000    -0.0423 2.6066e+02     0.1027     -0.731     -1.060     7.6836 0.0000e+00
     -0.745      0.000    10.9576     91.782      0.575   0.376254    -0.0900    -0.1231     0.0000     0.0423 2.6015e+02     0.0426     -0.731     -1.060     7.6835 0.0000e+00
     -0.745      0.000    10.9575     91.778      0.620   0.405435    -0.0900    -0.1079     0.0000     0.0423 2.7141e+02     0.2229     -0.731     -1.060     7.6834 0.0000e+00
     -0.745      0.000    10.9570     91.777      0.647   0.423137    -0.0900    -0.0926     0.0000     0.0423 2.9197e+02     0.1027     -0.731     -1.060     7.6834 0.0000e+00
     -0.745      0.000    10.9557     91.771      0.670   0.438034    -0.0900    -0.1231     0.0000     0.0423 3.1973e+02     0.1327     -0.731     -1.060     7.6834 0.0000e+00
     -0.745      0.000    10.9544     91.764      0.694   0.454099     0.0000    -0.1002     0.0000    -0.1692 3.0854e+02     0.1027     -0.731     -1.060     7.6834 0.0000e+00
     -0.745      0.000    10.9539     91.756      0.712   0.465731     0.0000    -0.0964     0.0000    -0.1692 3.1211e+02     0.3882     -0.731     -1.060     7.6834 0.0000e+00
     -0.745      0.000    10.9537     91.746      0.716   0.468122     0.0000    -0.1041     0.0000    -0.1692 3.0494e+02     0.3732     -0.731     -1.060     7.6833 0.0000e+00
     -0.745      0.000    10.9531     91.734      0.706   0.461910     0.0000    -0.1155     0.0000    -0.1692 2.9664e+02     0.3432     -0.731     -1.059     7.6833 0.0000e+00
     -0.745      0.000    10.9523     91.720      0.693   0.453348     0.0000    -0.0964     0.0000    -0.1692 2.9102e+02     0.4634     -0.730     -1.059     7.6832 0.0000e+00
     -0.745      0.000    10.9514     91.702      0.688   0.450037     0.0000    -0.1269     0.0000     0.0423 2.6385e+02    -0.0927     -0.730     -1.059     7.6831 0.0000e+00
     -0.745      0.000    10.9502     91.679      0.696   0.455050     0.0000    -0.1079     0.0000     0.0423 2.4410e+02    -0.0777     -0.730     -1.059     7.6831 0.0000e+00
     -0.745      0.001    10.9488     91.650      0.713   0.465768     0.0000    -0.0964     0.0000     0.0423 2.3019e+02    -0.0326     -0.730     -1.059     7.6830 0.0000e+00
     -0.744      0.001    10.9471     91.621      0.727   0.475164     0.0000    -0.1002     0.0000     0.0423 2.1310e+02    -0.1378     -0.729     -1.058     7.6829 0.0000e+00
     -0.744      0.001    10.9450     91.590      0.734   0.479813     0.0000    -0.1155     0.0000     0.0846 2.0529e+02    -0.2581     -0.729     -1.058     7.6829 0.0000e+00
     -0.744      0.001    10.9422     91.554      0.738   0.482930     0.0000    -0.0850     0.0000     0.0846 2.0449e+02    -0.2581     -0.729     -1.058     7.6828 0.0000e+00
     -0.744      0.001    10.9388     91.511      0.745   0.487325     0.0000    -0.0926     0.0000     0.0846 2.0735e+02    -0.4234     -0.729     -1.057     7.6828 0.0000e+00
     -0.743      0.002    10.9353     91.470      0.746   0.488237     0.0000    -0.1155     0.0000     0.0846 2.0320e+02    -0.3633     -0.728     -1.057     7.6828 0.0000e+00
     -0.743      0.002    10.9317     91.442      0.734   0.479979     0.0000    -0.1002    -0.0426     0.1692 2.0184e+02    -0.0927     -0.728     -1.056     7.6828 0.0000e+00
     -0.742      0.003    10.9273     91.423      0.718   0.470234     0.0000    -0.1002    -0.0426     0.1692 1.9866e+02    -0.0476     -0.727     -1.055     7.6829 0.0000e+00
     -0.741      0.004    10.9221     91.404      0.718   0.470244     0.0000    -0.1193    -0.0426     0.1692 1.8685e+02    -0.1228     -0.726     -1.054     7.6830 0.0000e+00
     -0.740      0.005    10.9172     91.384      0.731   0.480012     0.0000    -0.1041    -0.0426     0.1692 1.8319e+02    -0.0627     -0.725     -1.052     7.6834 0.0000e+00
     -0.739      0.007    10.9136     91.368      0.757   0.498188     0.0000    -0.1193     0.0426     0.1269 1.9405e+02    -0.1378     -0.724     -1.050     7.6840 0.0000e+00
     -0.737      0.009    10.9111     91.354      0.808   0.533573     0.0000    -0.1117     0.0426     0.1269 1.9187e+02    -0.0927     -0.722     -1.048     7.6851 0.0000e+00
     -0.735      0.011    10.9084     91.340      0.904   0.599557     0.0000    -0.0926     0.0426     0.1269 1.9154e+02    -0.0476     -0.720     -1.045     7.6869 0.0000e+00
     -0.732      0.014    10.9053     91.323      1.070   0.713737     0.0000    -0.0850     0.0426     0.1269 2.0623e+02    -0.0627     -0.717     -1.041     7.6899 0.0000e+00
     -0.728      0.018    10.9020     91.306      1.356   0.910514     0.0000    -0.0888     0.0426     0.1269 2.1869e+02    -0.1228     -0.714     -1.036     7.6949 0.0000e+00
     -0.724      0.024    10.8981     91.292      1.844   1.246316     0.0000    -0.1002     0.0000     0.2538 2.1812e+02    -0.0627     -0.709     -1.029     7.7035 0.0000e+00
     -0.718      0.030    10.8927     91.277      2.654   1.802783     0.0000    -0.1041     0.0000     0.2538 2.0449e+02     0.0125     -0.703     -1.020     7.7177 0.0000e+00
     -0.710      0.039    10.8844     91.253      4.012   2.736214     0.0000    -0.1269     0.0000     0.2538 2.1750e+02    -0.0777     -0.696     -1.009     7.7416 0.0000e+00
     -0.700      0.048    10.8720     91.225      6.298   4.305409     0.0000     0.6208     0.0000     0.2538 2.4363e+02     8.2791     -0.686     -0.995     7.7814 0.0000e+00
     -0.687      0.058    10.8529     91.201     10.015   6.855666     0.0000     0.6589     0.0000     0.0000 2.8034e+02     8.1288     -0.673     -0.976     7.8480 0.0000e+00
     -0.670      0.070    10.8220     91.185     15.323  10.503468     0.0000     0.6589     0.0000     0.0000 3.1204e+02     8.2640     -0.657     -0.953     7.9590 0.0000e+00
     -0.651      0.082    10.7737     91.176     21.370  14.674887     0.0000     0.6436     0.0000     0.0000 3.3162e+02     8.1137     -0.638     -0.926     8.1329 0.0000e+00
     -0.629      0.094    10.7107     91.176     26.676  18.359542     0.0000     1.1090     0.0000     0.0000 3.4201e+02    12.2019     -0.616     -0.894     8.3617 0.0000e+00
     -0.604      0.108    10.6449     91.184     30.387  20.964866     7.4700     1.0976     0.3408     0.2115 3.2147e+02    12.1418     -0.592     -0.859     8.6052 0.0000e+00
     -0.575      0.120    10.5850     91.207     32.712  22.623528     7.4700     1.1396     0.3408     0.2115 3.2789e+02    12.2621     -0.564     -0.818     8.8302 0.0000e+00
     -0.542      0.132    10.5331     91.265     34.147  23.668968     7.4700     1.0862     0.3408     0.2115 3.4627e+02    12.2621     -0.532     -0.772     9.0292 0.0000e+00
     -0.506      0.142    10.4885     91.375     34.998  24.304750     7.4700     1.2654     0.3408     0.2115 3.4756e+02    12.5476     -0.496     -0.719     9.2045 0.0000e+00
     -0.466      0.149    10.4509     91.555     35.479  24.674682     7.2000     1.2731     0.3408     0.2115 3.1484e+02    12.4124     -0.457     -0.663     9.3572 0.0000e+00
     -0.425      0.151    10.4208     91.827     35.764  24.899189     7.2000     1.2807     0.3408     0.2115 2.2761e+02    12.3522     -0.417     -0.604     9.4876 0.0000e+00
     -0.384      0.148    10.4002     92.201     35.962  25.055958     7.2000     1.2769     0.3408     0.2115 1.8722e+02    12.4424     -0.377     -0.546     9.5964 0.0000e+00
     -0.344      0.140    10.3911     92.664     36.087  25.157098     7.2000     1.3112     0.3408     0.2115 1.6678e+02    12.2771     -0.338     -0.490     9.6833 0.0000e+00
     -0.308      0.128    10.3954     93.184     36.116  25.186032     7.2000     1.2998     0.3408     0.2115 1.6273e+02    12.2921     -0.302     -0.438     9.7480 0.0000e+00
     -0.276      0.114    10.4149     93.717     36.053  25.146515     7.2000     1.3112     0.4260     0.2961 1.0783e+02    12.2621     -0.271     -0.393     9.7938 0.0000e+00
     -0.249      0.099    10.4494     94.218     35.965  25.087397     7.2000     1.2845     0.4260     0.2961 1.1826e+02    12.2921     -0.244     -0.354     9.8258 0.0000e+00
     -0.227      0.084    10.4963     94.654     35.929  25.064176     7.2000     1.2044     0.4260     0.2961 1.0965e+02    12.1568     -0.223     -0.323     9.8479 0.0000e+00
     -0.209      0.071    10.5516     94.997     35.967  25.092437     7.2000     1.2349     0.4260     0.2961 1.0713e+02    12.2771     -0.205     -0.297     9.8621 0.0000e+00
     -0.194      0.060    10.6100     95.231     36.058  25.157939     7.2000     1.2426     0.3834     0.2538 1.1852e+02    12.1268     -0.190     -0.275     9.8700 0.0000e+00
     -0.181      0.052    10.6658     95.364     36.172  25.240540     7.2000     1.2311     0.3834     0.2538 1.2007e+02    12.1268     -0.177     -0.257     9.8739 0.0000e+00
     -0.169      0.046    10.7144     95.418     36.302  25.334553     7.2000     1.2120     0.3834     0.2538 1.0901e+02    12.2019     -0.166     -0.241     9.8769 0.0000e+00
     -0.159      0.042    10.7524     95.418     36.447  25.439311     7.2000     1.2387     0.3834     0.2538 1.1522e+02    12.1568     -0.156     -0.226     9.8800 0.0000e+00
     -0.148      0.037    10.7782     95.380     36.579  25.535242     7.2000     1.2502     0.3834     0.2115 9.3992e+01    12.2621     -0.146     -0.211     9.8830 0.0000e+00
     -0.139      0.033    10.7923     95.317     36.676  25.606355     7.2000     1.2273     0.3834     0.2115 1.0124e+02    12.1869     -0.136     -0.197     9.8866 0.0000e+00
     -0.130      0.028    10.7973     95.237     36.743  25.655778     7.2000     1.2349     0.3834     0.2115 9.3524e+01    12.2470     -0.128     -0.185     9.8913 0.0000e+00
     -0.123      0.023    10.7960     95.077     36.787  25.688770     7.2000     1.2731     0.3834     0.2115 9.2775e+01    12.3222     -0.121     -0.176     9.8966 0.0000e+00
     -0.118      0.018    10.7903     94.633     36.815  25.710172     7.2900     1.2426     0.3834     0.2538 9.2292e+01    12.2470     -0.116     -0.169     9.9017 0.0000e+00
     -0.115      0.012    10.7820     93.575     36.829  25.721730     7.2900     1.2349     0.3834     0.2538 9.5932e+01    12.2470     -0.113     -0.164     9.9062 0.0000e+00
     -0.113      0.007    10.7720     91.601     36.829  25.722568     7.2900     1.3570     0.3834     0.2538 9.1752e+01    12.2170     -0.111     -0.161     9.9098 0.0000e+00
     -0.112      0.002    10.7533     88.568     36.819  25.716869     7.2900     1.3189     0.3834     0.2538 9.1057e+01    12.2019     -0.109     -0.159     9.9128 0.0000e+00
     -0.112     -0.003    10.7024     84.528     36.811  25.711031     7.2900     1.3646     0.3834     0.2538 8.3822e+01    12.3522     -0.109     -0.159     9.9154 0.0000e+00
     -0.113     -0.008    10.5821     79.700     36.818  25.715375     7.2000     1.3608     0.3834     0.2961 8.1594e+01    12.1719     -0.111     -0.161     9.9178 0.0000e+00
     -0.115     -0.012    10.3584     74.438     36.847  25.735019     7.2000     1.2044     0.3834     0.2961 8.5850e+01    12.2019     -0.113     -0.164     9.9197 0.0000e+00
     -0.119     -0.016    10.0153     69.183     36.875  25.755405     7.2000     1.2311     0.3834     0.2961 8.4885e+01    12.1869     -0.117     -0.169     9.9207 0.0000e+00
     -0.124     -0.018     9.5584     64.381     36.884  25.762173     7.2000     1.2349     0.3834     0.2961 1.0253e+02    12.2771     -0.122     -0.177     9.9205 0.0000e+00
     -0.130     -0.018     9.0126     60.379     36.876  25.757128     7.2000     1.2235     0.3834     0.2538 1.0853e+02    12.1869     -0.128     -0.185     9.9196 0.0000e+00
     -0.136     -0.017     8.4176     57.347     36.861  25.746844     7.2000     1.2921     0.3834     0.2538 1.2408e+02    12.2170     -0.134     -0.194     9.9192 0.0000e+00
     -0.141     -0.015     7.8233     55.282     36.852  25.740455     7.2000     1.2464     0.3834     0.2538 1.1643e+02    12.3071     -0.138     -0.200     9.9200 0.0000e+00
     -0.144     -0.012     7.2801     54.074     36.857  25.744175     7.2000     1.2921     0.3834     0.2538 1.0496e+02    12.3522     -0.141     -0.205     9.9210 0.0000e+00
     -0.146     -0.009     6.8274     53.571     36.870  25.755039     7.2000     1.3150     0.3834     0.4230 1.1034e+02    12.2621     -0.143     -0.208     9.9215 0.0000e+00
     -0.148     -0.006     6.4846     53.610     36.886  25.768024     7.2000     1.2769     0.3834     0.4230 1.0636e+02    12.2170     -0.145     -0.210     9.9214 0.0000e+00
     -0.149     -0.004     6.2511     54.021     36.897  25.778675     7.2000     1.2921     0.3834     0.4230 8.9352e+01    12.2771     -0.146     -0.211     9.9214 0.0000e+00
     -0.149     -0.003     6.1144     54.653     36.902  25.785872     7.2000     1.3112     0.3834     0.4230 1.0383e+02    12.2320     -0.146     -0.212     9.9222 0.0000e+00
     -0.150     -0.002     6.0572     55.385     36.906  25.791535     7.2000     1.2654     0.3834     0.4230 1.0699e+02    12.2621     -0.147     -0.213     9.9242 0.0000e+00
     -0.150     -0.002     6.0612     56.121     36.909  25.797176     7.2900     1.3074     0.3834     0.3384 1.0320e+02    12.2170     -0.147     -0.214     9.9272 0.0000e+00
     -0.151     -0.002     6.1071     56.794     36.910  25.800338     7.2900     1.2693     0.3834     0.3384 9.9175e+01    12.3222     -0.148     -0.214     9.9310 0.0000e+00
     -0.151     -0.001     6.1779     57.385     36.903  25.797905     7.2900     1.2998     0.3834     0.3384 1.1037e+02    12.1869     -0.148     -0.215     9.9353 0.0000e+00
