Data/DataNotYetUploadedToEDI/Raw_CTD/RawDownloads/111924_fcr50_S7809001.cnv
* Sea-Bird SBE19plus  Data File:
* FileName = C:\R\Reservoirs\Data\DataNotYetUploadedToEDI\Raw_CTD\RawDownloads\111924_fcr50_S7809_0001.hex
* Software version 2.8.0.119
* Temperature SN = 7809
* Conductivity SN = 7809
* System UpLoad Time = Nov 20 2024 12:00:57
* <ApplicationData>
* <Seaterm232>
# nquan = 15
# nvalues = 840                         
# units = specified
# name 0 = depFM: Depth [fresh water, m]
# name 1 = dz/dtM: Descent Rate [m/s]
# name 2 = sbeox0Mg/L: Oxygen, SBE 43 [mg/l]
# name 3 = sbeox0PS: Oxygen, SBE 43 [% saturation]
# name 4 = specc: Specific Conductance [uS/cm]
# name 5 = c0uS/cm: Conductivity [uS/cm]
# name 6 = flECO-AFL: Fluorescence, WET Labs ECO-AFL/FL [mg/m^3]
# name 7 = ph: pH
# name 8 = orp: Oxidation Reduction Potential [mV]
# name 9 = par/sat/log: PAR/Logarithmic, Satlantic
# name 10 = turbWETntu0: Turbidity, WET Labs ECO [NTU]
# name 11 = prdM: Pressure, Strain Gauge [db]
# name 12 = prdE: Pressure, Strain Gauge [psi]
# name 13 = tv290C: Temperature [ITS-90, deg C]
# name 14 = flag:  0.000e+00
# span 0 =     -0.708,      7.390       
# span 1 =     -0.020,      0.193       
# span 2 =     6.7426,    11.0099       
# span 3 =     64.816,    102.920       
# span 4 =      1.145,     45.717       
# span 5 =   0.998713,  35.081778       
# span 6 =    -0.0852,     8.0807       
# span 7 =      5.786,      7.469       
# span 8 = -1193.7418,   920.3626       
# span 9 = 1.2364e-01, 3.0307e+02       
# span 10 =     0.9876,    14.1328      
# span 11 =     -0.694,      7.257      
# span 12 =     -1.007,     10.525      
# span 13 =    11.9385,    18.6403      
# span 14 = 0.0000e+00, 0.0000e+00      
# interval = seconds: 0.25
# start_time = Nov 19 2024 14:25:59 [Instrument's time stamp, header]
# bad_flag = -9.990e-29
*END*
[from data line 482]
      3.450      0.033     8.6042     80.020     42.840  31.705791     7.0842      7.284   289.3338 9.3532e-01     5.2015      3.382      4.905    12.0031 0.0000e+00
      3.460      0.032     8.6087     80.045     42.832  31.700547     7.1115      7.285   289.3232 9.0335e-01     5.1352      3.395      4.923    12.0015 0.0000e+00
      3.469      0.029     8.6169     80.065     42.856  31.717849     7.1239      7.285   289.3274 8.8694e-01     5.1242      3.403      4.934    11.9993 0.0000e+00
      3.475      0.027     8.6190     80.133     42.866  31.724665     7.1248      7.286   289.2980 8.9528e-01     5.1353      3.408      4.941    11.9999 0.0000e+00
      3.481      0.025     8.6228     80.306     42.859  31.719522     7.0807      7.287   289.2260 8.9350e-01     5.2018      3.414      4.951    12.0027 0.0000e+00
      3.486      0.022     8.6251     80.437     42.858  31.719106     6.9980      7.287   289.1451 8.8069e-01     5.3133      3.420      4.960    12.0032 0.0000e+00
      3.491      0.020     8.6268     80.407     42.857  31.719636     6.9663      7.288   289.0945 8.7284e-01     5.4596      3.423      4.964    12.0021 0.0000e+00
      3.496      0.018     8.6276     80.421     42.866  31.725922     6.9715      7.291   289.1304 8.6698e-01     5.5352      3.427      4.971    12.0015 0.0000e+00
      3.502      0.017     8.6532     80.536     42.876  31.731680     6.9448      7.293   289.3207 8.6251e-01     5.5107      3.436      4.984    12.0013 0.0000e+00
      3.506      0.018     8.6815     80.578     42.869  31.725809     6.8928      7.292   289.5026 8.5481e-01     5.4704      3.440      4.989    12.0016 0.0000e+00
      3.507      0.019     8.6579     80.534     42.857  31.718378     6.8504      7.292   289.5241 8.4663e-01     5.4232      3.439      4.988    12.0036 0.0000e+00
      3.510      0.021     8.6572     80.444     42.834  31.705275     6.8407      7.294   289.4083 8.3716e-01     5.4184      3.440      4.990    12.0041 0.0000e+00
      3.516      0.024     8.6859     80.330     42.816  31.694261     6.8504      7.296   289.2200 8.2504e-01     5.4811      3.446      4.998    12.0010 0.0000e+00
      3.525      0.028     8.6856     80.269     42.836  31.712081     6.8598      7.298   289.1408 8.1985e-01     5.4983      3.457      5.014    11.9984 0.0000e+00
      3.533      0.034     8.6784     80.239     42.856  31.730430     6.8619      7.299   289.2244 8.1592e-01     5.4204      3.467      5.028    12.0011 0.0000e+00
      3.540      0.041     8.6706     80.193     42.846  31.725808     6.8514      7.300   289.3707 8.0556e-01     5.3595      3.471      5.035    12.0073 0.0000e+00
      3.550      0.046     8.6497     80.169     42.840  31.719635     6.8324      7.300   289.4477 7.9506e-01     5.4109      3.480      5.047    12.0091 0.0000e+00
      3.563      0.051     8.6462     80.190     42.847  31.719230     6.8161      7.301   289.4672 7.8197e-01     5.4954      3.494      5.066    12.0105 0.0000e+00
      3.578      0.056     8.6458     80.226     42.859  31.720895     6.8034      7.302   289.5206 7.5744e-01     5.4934      3.508      5.088    12.0169 0.0000e+00
      3.595      0.058     8.6347     80.259     42.896  31.739766     6.7959      7.303   289.2331 7.2715e-01     5.4200      3.525      5.113    12.0231 0.0000e+00
      3.613      0.056     8.6332     80.342     42.928  31.757068     6.8502      7.303   288.6576 6.9929e-01     5.3264      3.543      5.138    12.0207 0.0000e+00
      3.630      0.053     8.6369     80.450     42.909  31.739767     6.9687      7.303   288.4990 6.8006e-01     5.2489      3.561      5.165    12.0119 0.0000e+00
      3.643      0.049     8.6473     80.565     42.887  31.720898     7.0470      7.304   288.6923 6.7041e-01     5.2348      3.575      5.184    12.0040 0.0000e+00
      3.650      0.045     8.6453     80.723     42.890  31.719234     7.0476      7.306   288.9299 6.6033e-01     5.2243      3.579      5.191    11.9923 0.0000e+00
      3.658      0.044     8.6604     80.910     42.895  31.719651     7.0175      7.307   289.1345 6.4602e-01     5.1900      3.586      5.201    11.9836 0.0000e+00
      3.670      0.045     8.6739     81.101     42.908  31.725928     6.9731      7.307   288.7566 6.3886e-01     5.2309      3.600      5.221    11.9819 0.0000e+00
      3.681      0.049     8.6820     81.274     42.921  31.731694     6.9272      7.307   287.8889 6.3566e-01     5.3767      3.610      5.236    11.9795 0.0000e+00
      3.693      0.054     8.7030     81.414     42.916  31.725928     6.9212      7.307   287.5050 6.1937e-01     5.5179      3.619      5.248    11.9754 0.0000e+00
      3.709      0.056     8.7235     81.522     42.908  31.719641     6.9256      7.308   287.7288 6.0230e-01     5.5376      3.638      5.277    11.9710 0.0000e+00
      3.727      0.056     8.7474     81.610     42.907  31.719121     6.9378      7.308   288.0140 5.9752e-01     5.5470      3.656      5.303    11.9667 0.0000e+00
      3.742      0.053     8.7660     81.655     42.908  31.719642     6.9942      7.308   288.1135 5.8346e-01     5.6662      3.669      5.321    11.9622 0.0000e+00
      3.758      0.048     8.7834     81.663     42.917  31.725939     7.0497      7.308   287.9851 5.4703e-01     5.7491      3.687      5.348    11.9595 0.0000e+00
      3.770      0.044     8.7920     81.684     42.925  31.731810     7.0684      7.308   287.5805 5.1964e-01     5.7626      3.700      5.367    11.9595 0.0000e+00
      3.777      0.042     8.8042     81.735     42.919  31.727187     7.0030      7.308   287.1800 5.2642e-01     5.7607      3.702      5.370    11.9597 0.0000e+00
      3.783      0.042     8.8096     81.809     42.927  31.733484     6.8757      7.309   287.0137 5.3886e-01     5.7607      3.708      5.378    11.9595 0.0000e+00
      3.792      0.044     8.8064     81.888     42.943  31.744509     6.8108      7.309   287.0327 5.3074e-01     5.7976      3.719      5.394    11.9595 0.0000e+00
      3.803      0.046     8.8094     81.958     42.928  31.733599     6.8091      7.309   287.1514 5.1368e-01     5.7623      3.728      5.408    11.9587 0.0000e+00
      3.818      0.046     8.8146     82.016     42.921  31.728457     6.8391      7.310   287.2436 4.9894e-01     5.6074      3.742      5.428    11.9586 0.0000e+00
      3.836      0.043     8.8238     82.067     42.943  31.745776     6.8904      7.311   287.2873 4.8674e-01     5.4620      3.764      5.459    11.9594 0.0000e+00
      3.850      0.038     8.8327     82.107     42.953  31.752687     6.9047      7.312   287.3363 4.7174e-01     5.4380      3.779      5.480    11.9585 0.0000e+00
      3.856      0.032     8.8407     82.126     42.948  31.748584     6.8954      7.312   287.4057 4.5497e-01     5.4882      3.782      5.486    11.9580 0.0000e+00
      3.860      0.027     8.8461     82.125     42.964  31.759597     6.8200      7.313   287.2667 4.5576e-01     5.4888      3.784      5.489    11.9589 0.0000e+00
      3.863      0.024     8.8517     82.117     42.964  31.758963     6.6586      7.313   287.0312 4.6496e-01     5.4449      3.787      5.493    11.9591 0.0000e+00
      3.867      0.024     8.8567     82.100     42.940  31.740925     6.5671      7.313   287.5705 4.5878e-01     5.4365      3.792      5.499    11.9593 0.0000e+00
      3.873      0.025     8.8592     82.083     42.929  31.731811     6.5622      7.313   288.6250 4.5363e-01     5.4552      3.799      5.508    11.9588 0.0000e+00
      3.882      0.027     8.8578     82.066     42.902  31.712213     6.5586      7.314   288.9400 4.5594e-01     5.4660      3.806      5.521    11.9579 0.0000e+00
      3.891      0.028     8.8579     82.032     42.877  31.694279     6.5316      7.315   288.7977 4.4529e-01     5.4647      3.817      5.536    11.9573 0.0000e+00
      3.898      0.030     8.8558     81.993     42.891  31.705293     6.4854      7.315   288.5391 4.3178e-01     5.4395      3.825      5.547    11.9565 0.0000e+00
      3.903      0.030     8.8531     81.943     42.909  31.718498     6.4662      7.316   288.0509 4.2664e-01     5.4348      3.827      5.551    11.9558 0.0000e+00
      3.910      0.029     8.8540     81.881     42.921  31.727073     6.4653      7.317   288.4011 4.1299e-01     5.4760      3.833      5.559    11.9558 0.0000e+00
      3.919      0.028     8.8478     81.846     42.946  31.745527     6.4919      7.320   289.5900 4.0225e-01     5.4589      3.843      5.574    11.9564 0.0000e+00
      3.929      0.028     8.8442     81.843     42.954  31.751303     6.5460      7.323   290.2079 3.9787e-01     5.3301      3.854      5.590    11.9571 0.0000e+00
      3.936      0.028     8.8399     81.848     42.929  31.733483     6.5540      7.325   290.1069 3.9313e-01     5.1828      3.860      5.598    11.9578 0.0000e+00
      3.941      0.028     8.8300     81.852     42.910  31.720382     6.5548      7.325   289.8314 3.9550e-01     5.1478      3.864      5.603    11.9575 0.0000e+00
      3.947      0.029     8.8266     81.847     42.908  31.719767     6.6307      7.325   289.7174 3.8893e-01     5.2817      3.871      5.614    11.9566 0.0000e+00
      3.954      0.031     8.8282     81.851     42.916  31.726054     6.7396      7.327   289.8461 3.8023e-01     5.4702      3.878      5.625    11.9568 0.0000e+00
      3.962      0.034     8.8280     81.878     42.925  31.732955     6.7973      7.329   290.0115 3.8635e-01     5.5132      3.884      5.633    11.9573 0.0000e+00
      3.972      0.035     8.8295     81.903     42.933  31.739770     6.8042      7.329   290.4266 3.8827e-01     5.4262      3.895      5.648    11.9582 0.0000e+00
      3.983      0.035     8.8276     81.902     42.938  31.745018     6.8066      7.330   291.1660 3.7758e-01     5.4092      3.906      5.664    11.9593 0.0000e+00
      3.993      0.036     8.8266     81.893     42.921  31.732964     6.8178      7.331   291.7239 3.7448e-01     5.4778      3.916      5.680    11.9598 0.0000e+00
      4.002      0.038     8.8311     81.889     42.904  31.720900     6.8149      7.333   291.9224 3.7867e-01     5.5047      3.926      5.694    11.9600 0.0000e+00
      4.008      0.040     8.8352     81.889     42.913  31.726033     6.7969      7.334   291.1576 3.7746e-01     5.4612      3.931      5.701    11.9618 0.0000e+00
      4.015      0.041     8.8330     81.901     42.924  31.731592     6.8245      7.334   289.9617 3.7079e-01     5.3956      3.935      5.707    11.9631 0.0000e+00
      4.028      0.042     8.8312     81.913     42.918  31.724663     6.9073      7.334   290.0248 3.5379e-01     5.3949      3.948      5.727    11.9634 0.0000e+00
      4.044      0.042     8.8319     81.923     42.894  31.705698     6.9657      7.335   290.5443 3.4235e-01     5.4539      3.969      5.755    11.9644 0.0000e+00
      4.056      0.041     8.8300     81.928     42.879  31.692604     6.9731      7.335   290.9946 3.4829e-01     5.4589      3.980      5.772    11.9627 0.0000e+00
      4.065      0.036     8.8345     81.916     42.881  31.693219     6.9554      7.334   291.5973 3.4797e-01     5.4211      3.984      5.778    11.9585 0.0000e+00
      4.074      0.029     8.8356     81.885     42.906  31.713136     6.8754      7.334   290.7773 3.3622e-01     5.4065      3.995      5.795    11.9560 0.0000e+00
      4.082      0.022     8.8366     81.854     42.943  31.743106     6.7549      7.334   288.8227 3.3562e-01     5.4529      4.006      5.811    11.9549 0.0000e+00
      4.086      0.017     8.8387     81.833     42.933  31.738387     6.7063      7.336   288.0973 3.4535e-01     5.5389      4.008      5.813    11.9536 0.0000e+00
      4.087      0.016     8.8375     81.812     42.904  31.719527     6.6963      7.337   288.4593 3.4428e-01     5.5240      4.008      5.813    11.9523 0.0000e+00
      4.087      0.017     8.8334     81.789     42.883  31.705385     6.6159      7.337   289.0705 3.3733e-01     5.4781      4.008      5.813    11.9530 0.0000e+00
      4.089      0.019     8.8281     81.757     42.866  31.694277     6.5089      7.337   289.9810 3.2566e-01     5.5307      4.008      5.814    11.9563 0.0000e+00
      4.096      0.021     8.8267     81.726     42.887  31.712098     6.4678      7.338   289.7454 3.1841e-01     5.5447      4.014      5.823    11.9601 0.0000e+00
      4.107      0.022     8.8230     81.721     42.911  31.730551     6.4686      7.339   288.2860 3.2862e-01     5.5098      4.029      5.843    11.9628 0.0000e+00
      4.116      0.022     8.8210     81.729     42.908  31.727072     6.4346      7.340   287.5649 3.2443e-01     5.4847      4.039      5.859    11.9641 0.0000e+00
      4.121      0.020     8.8173     81.737     42.920  31.733472     6.3738      7.341   287.6520 3.0479e-01     5.4802      4.042      5.862    11.9663 0.0000e+00
      4.123      0.017     8.8107     81.742     42.937  31.744487     6.3573      7.343   287.8760 3.1021e-01     5.5247      4.044      5.864    11.9695 0.0000e+00
      4.125      0.014     8.8117     81.727     42.923  31.733370     6.3682      7.345   288.2082 3.2316e-01     5.5092      4.044      5.866    11.9703 0.0000e+00
      4.128      0.014     8.8136     81.713     42.913  31.725931     6.3395      7.346   288.7432 3.1569e-01     5.4300      4.048      5.871    11.9684 0.0000e+00
      4.132      0.016     8.8139     81.712     42.902  31.717981     6.2761      7.348   289.2683 3.0977e-01     5.3869      4.053      5.878    11.9654 0.0000e+00
      4.136      0.020     8.8176     81.695     42.877  31.700689     6.2340      7.350   289.2228 3.1084e-01     5.3982      4.056      5.883    11.9628 0.0000e+00
      4.140      0.022     8.8140     81.669     42.885  31.707170     6.2473      7.351   289.0542 3.1343e-01     5.4632      4.059      5.888    11.9613 0.0000e+00
      4.147      0.022     8.8113     81.664     42.919  31.732912     6.3703      7.352   288.7779 3.1325e-01     5.5588      4.066      5.898    11.9619 0.0000e+00
      4.156      0.023     8.8140     81.693     42.951  31.758174     6.5645      7.354   288.2047 3.0255e-01     5.6314      4.077      5.913    11.9633 0.0000e+00
      4.163      0.023     8.8110     81.746     42.951  31.758854     6.6723      7.356   288.0608 2.9307e-01     5.6926      4.084      5.923    11.9640 0.0000e+00
      4.166      0.022     8.8065     81.791     42.928  31.741143     6.7004      7.356   289.3617 2.8704e-01     5.7519      4.085      5.925    11.9643 0.0000e+00
      4.170      0.022     8.8058     81.815     42.922  31.734338     6.7045      7.357   291.2005 2.8104e-01     5.7341      4.088      5.929    11.9651 0.0000e+00
      4.177      0.023     8.8082     81.836     42.932  31.740021     6.7127      7.359   291.3641 2.8494e-01     5.6138      4.096      5.941    11.9671 0.0000e+00
      4.183      0.026     8.8156     81.843     42.942  31.746413     6.7577      7.360   290.8238 2.9359e-01     5.4919      4.103      5.950    11.9683 0.0000e+00
      4.188      0.030     8.8220     81.810     42.946  31.748180     6.7994      7.361   290.3456 2.8824e-01     5.4901      4.106      5.956    11.9669 0.0000e+00
      4.195      0.032     8.8226     81.741     42.966  31.761377     6.8178      7.362   289.6261 2.7563e-01     5.5242      4.112      5.964    11.9643 0.0000e+00
      4.206      0.032     8.8263     81.670     42.991  31.779103     6.8056      7.363   290.7292 2.7528e-01     5.4603      4.124      5.981    11.9626 0.0000e+00
      4.217      0.032     8.8289     81.614     42.982  31.772193     6.7684      7.364   293.2716 2.7539e-01     5.3318      4.138      6.002    11.9611 0.0000e+00
      4.225      0.031     8.8252     81.576     42.940  31.741261     6.7414      7.366   294.2959 2.7104e-01     5.2350      4.145      6.012    11.9597 0.0000e+00
      4.231      0.028     8.8163     81.564     42.915  31.722296     6.7302      7.367   294.0794 2.6569e-01     5.2456      4.148      6.016    11.9587 0.0000e+00
