Data/DataNotYetUploadedToEDI/Raw_CTD/RawDownloads/111924_fcr50_S7809001.cnv
* Sea-Bird SBE19plus  Data File:
* FileName = C:\R\Reservoirs\Data\DataNotYetUploadedToEDI\Raw_CTD\RawDownloads\111924_fcr50_S7809_0001.hex
* Software version 2.8.0.119
* Temperature SN = 7809
* Conductivity SN = 7809
* System UpLoad Time = Nov 20 2024 12:00:57
* <ApplicationData>
* <Seaterm232>
# nquan = 15
# nvalues = 840                         
# units = specified
# name 0 = depFM: Depth [fresh water, m]
# name 1 = dz/dtM: Descent Rate [m/s]
# name 2 = sbeox0Mg/L: Oxygen, SBE 43 [mg/l]
# name 3 = sbeox0PS: Oxygen, SBE 43 [% saturation]
# name 4 = specc: Specific Conductance [uS/cm]
# name 5 = c0uS/cm: Conductivity [uS/cm]
# name 6 = flECO-AFL: Fluorescence, WET Labs ECO-AFL/FL [mg/m^3]
# name 7 = ph: pH
# name 8 = orp: Oxidation Reduction Potential [mV]
# name 9 = par/sat/log: PAR/Logarithmic, Satlantic
# name 10 = turbWETntu0: Turbidity, WET Labs ECO [NTU]
# name 11 = prdM: Pressure, Strain Gauge [db]
# name 12 = prdE: Pressure, Strain Gauge [psi]
# name 13 = tv290C: Temperature [ITS-90, deg C]
# name 14 = flag:  0.000e+00
# span 0 =     -0.708,      7.390       
# span 1 =     -0.020,      0.193       
# span 2 =     6.7426,    11.0099       
# span 3 =     64.816,    102.920       
# span 4 =      1.145,     45.717       
# span 5 =   0.998713,  35.081778       
# span 6 =    -0.0852,     8.0807       
# span 7 =      5.786,      7.469       
# span 8 = -1193.7418,   920.3626       
# span 9 = 1.2364e-01, 3.0307e+02       
# span 10 =     0.9876,    14.1328      
# span 11 =     -0.694,      7.257      
# span 12 =     -1.007,     10.525      
# span 13 =    11.9385,    18.6403      
# span 14 = 0.0000e+00, 0.0000e+00      
# interval = seconds: 0.25
# start_time = Nov 19 2024 14:25:59 [Instrument's time stamp, header]
# bad_flag = -9.990e-29
*END*
[from data line 675]
      5.148      0.057     8.8695     82.286     42.977  31.759602     6.1047      7.432   300.1286 1.2376e-01     5.6111      5.046      7.319    11.9461 0.0000e+00
      5.171      0.057     8.8683     82.313     42.944  31.734861     5.9025      7.430   300.0809 1.2374e-01     5.6491      5.072      7.356    11.9460 0.0000e+00
      5.190      0.052     8.8706     82.335     42.934  31.727317     5.7801      7.430   300.0192 1.2379e-01     5.6648      5.095      7.389    11.9462 0.0000e+00
      5.199      0.044     8.8734     82.370     42.940  31.731826     5.7811      7.430   300.3288 1.2380e-01     5.6651      5.099      7.396    11.9463 0.0000e+00
      5.203      0.034     8.8782     82.397     42.932  31.725946     5.9738      7.430   301.5876 1.2373e-01     5.6191      5.100      7.397    11.9464 0.0000e+00
      5.211      0.026     8.8816     82.397     42.923  31.719660     6.3288      7.430   303.5378 1.2371e-01     5.5519      5.110      7.411    11.9467 0.0000e+00
      5.218      0.023     8.8814     82.399     42.922  31.719252     6.5104      7.430   306.0116 1.2382e-01     5.5015      5.119      7.425    11.9468 0.0000e+00
      5.221      0.025     8.8871     82.409     42.925  31.721021     6.5221      7.431   308.3546 1.2392e-01     5.4536      5.121      7.427    11.9466 0.0000e+00
      5.224      0.030     8.8917     82.413     42.953  31.741045     6.6620      7.432   308.2911 1.2389e-01     5.4506      5.121      7.429    11.9465 0.0000e+00
      5.231      0.035     8.8890     82.417     42.994  31.771044     6.9279      7.432   306.5356 1.2384e-01     5.5682      5.127      7.437    11.9467 0.0000e+00
      5.241      0.041     8.8890     82.394     42.989  31.766536     7.0809      7.432   306.8317 1.2383e-01     5.7491      5.139      7.453    11.9469 0.0000e+00
      5.255      0.047     8.8925     82.364     42.967  31.749972     7.0814      7.433   308.8588 1.2382e-01     5.7931      5.153      7.474    11.9467 0.0000e+00
      5.270      0.052     8.8897     82.365     42.982  31.761091     6.9342      7.434   310.4817 1.2375e-01     5.7242      5.168      7.496    11.9461 0.0000e+00
      5.284      0.056     8.8946     82.392     43.000  31.774100     6.6991      7.435   310.2789 1.2370e-01     5.7367      5.183      7.517    11.9455 0.0000e+00
      5.297      0.057     8.8902     82.419     43.009  31.780377     6.5942      7.434   307.0091 1.2370e-01     5.7726      5.195      7.535    11.9448 0.0000e+00
      5.311      0.057     8.8844     82.420     43.000  31.773551     6.5983      7.434   302.8671 1.2370e-01     5.7482      5.207      7.553    11.9442 0.0000e+00
      5.327      0.056     8.8863     82.425     42.975  31.755002     6.6405      7.435   301.2396 1.2375e-01     5.6807      5.223      7.576    11.9439 0.0000e+00
      5.343      0.054     8.8886     82.464     42.963  31.746418     6.7205      7.435   301.0974 1.2382e-01     5.6400      5.240      7.600    11.9434 0.0000e+00
      5.359      0.051     8.8953     82.520     42.944  31.733210     6.7752      7.436   301.4053 1.2379e-01     5.6998      5.256      7.623    11.9431 0.0000e+00
      5.371      0.047     8.8920     82.559     42.928  31.722177     6.8021      7.436   301.9508 1.2370e-01     5.7549      5.268      7.640    11.9430 0.0000e+00
      5.380      0.044     8.8918     82.576     42.952  31.739893     6.7967      7.436   300.2940 1.2372e-01     5.7256      5.275      7.650    11.9434 0.0000e+00
      5.390      0.044     8.8963     82.579     42.975  31.757098     6.6857      7.437   297.1188 1.2377e-01     5.7211      5.286      7.667    11.9435 0.0000e+00
      5.399      0.047     8.9049     82.564     42.953  31.739891     6.5166      7.437   295.3943 1.2370e-01     5.8375      5.296      7.682    11.9438 0.0000e+00
      5.407      0.051     8.9088     82.564     42.929  31.722165     6.4506      7.438   295.0155 1.2364e-01     5.9714      5.299      7.686    11.9446 0.0000e+00
      5.421      0.055     8.9090     82.569     42.944  31.733084     6.4862      7.438   295.1203 1.2369e-01     6.0084      5.313      7.705    11.9450 0.0000e+00
      5.441      0.057     8.9117     82.547     42.961  31.745035     6.6975      7.438   295.6297 1.2375e-01     5.9088      5.338      7.741    11.9449 0.0000e+00
      5.459      0.057     8.9065     82.512     42.954  31.739789     7.0740      7.438   295.8396 1.2379e-01     5.7228      5.356      7.768    11.9447 0.0000e+00
      5.473      0.053     8.9075     82.499     42.944  31.733086     7.2775      7.438   295.5072 1.2374e-01     5.6384      5.367      7.784    11.9444 0.0000e+00
      5.486      0.046     8.9108     82.502     42.937  31.727433     7.2763      7.438   294.9659 1.2369e-01     5.7083      5.380      7.802    11.9439 0.0000e+00
      5.499      0.040     8.9069     82.503     42.947  31.734883     7.1004      7.439   294.5435 1.2371e-01     5.8167      5.394      7.824    11.9439 0.0000e+00
      5.507      0.035     8.9012     82.504     42.981  31.759720     6.7661      7.440   294.2717 1.2371e-01     5.8898      5.402      7.836    11.9441 0.0000e+00
      5.510      0.034     8.9003     82.504     43.001  31.773976     6.5884      7.440   294.0027 1.2371e-01     5.9435      5.403      7.836    11.9441 0.0000e+00
      5.515      0.036     8.9020     82.500     43.010  31.780367     6.5825      7.440   294.4744 1.2379e-01     5.9879      5.407      7.842    11.9441 0.0000e+00
      5.525      0.039     8.9014     82.510     43.001  31.773562     6.6210      7.440   295.5871 1.2380e-01     6.0499      5.419      7.859    11.9437 0.0000e+00
      5.537      0.043     8.9017     82.539     42.976  31.755128     6.6960      7.440   295.8413 1.2377e-01     6.1126      5.430      7.876    11.9434 0.0000e+00
      5.550      0.047     8.9023     82.551     42.966  31.747803     6.7232      7.440   295.3961 1.2376e-01     6.0975      5.440      7.891    11.9431 0.0000e+00
      5.565      0.049     8.9014     82.531     42.967  31.748435     6.7330      7.441   294.8501 1.2376e-01     6.1063      5.458      7.916    11.9427 0.0000e+00
      5.580      0.049     8.9009     82.510     42.987  31.762767     6.8396      7.442   294.2304 1.2381e-01     6.2184      5.475      7.941    11.9425 0.0000e+00
      5.589      0.047     8.9070     82.501     43.030  31.794210     7.0138      7.442   294.7861 1.2386e-01     6.2920      5.480      7.949    11.9424 0.0000e+00
      5.598      0.042     8.9092     82.489     43.053  31.811416     7.0997      7.442   296.3209 1.2383e-01     6.2446      5.487      7.958    11.9423 0.0000e+00
      5.612      0.040     8.9046     82.477     43.012  31.780482     7.0875      7.442   296.8701 1.2379e-01     6.1576      5.505      7.984    11.9422 0.0000e+00
      5.624      0.041     8.9019     82.487     42.953  31.737390     7.0736      7.442   296.3497 1.2383e-01     6.0936      5.519      8.004    11.9417 0.0000e+00
      5.630      0.043     8.9025     82.505     42.948  31.734469     7.0075      7.443   295.6221 1.2388e-01     6.1542      5.521      8.007    11.9414 0.0000e+00
      5.636      0.044     8.9012     82.525     42.963  31.745161     6.8791      7.444   295.2137 1.2388e-01     6.3098      5.523      8.011    11.9412 0.0000e+00
      5.649      0.043     8.8978     82.561     42.956  31.739790     6.8029      7.444   295.7142 1.2385e-01     6.3360      5.539      8.033    11.9409 0.0000e+00
      5.666      0.041     8.9006     82.611     42.947  31.732962     6.7856      7.444   296.7690 1.2383e-01     6.3002      5.559      8.062    11.9412 0.0000e+00
      5.680      0.040     8.9028     82.660     42.938  31.726051     6.7360      7.444   297.2988 1.2381e-01     6.4229      5.573      8.083    11.9417 0.0000e+00
      5.688      0.036     8.9035     82.709     42.929  31.719671     6.6449      7.444   297.3017 1.2381e-01     6.6238      5.579      8.091    11.9418 0.0000e+00
      5.694      0.031     8.9074     82.734     42.928  31.719255     6.5821      7.444   297.2344 1.2379e-01     6.6797      5.583      8.097    11.9418 0.0000e+00
      5.700      0.026     8.9142     82.700     42.930  31.721023     6.5596      7.445   296.9151 1.2374e-01     6.6207      5.590      8.107    11.9417 0.0000e+00
      5.706      0.024     8.9191     82.641     42.957  31.741046     6.5808      7.446   296.6245 1.2371e-01     6.4918      5.595      8.116    11.9418 0.0000e+00
      5.712      0.026     8.9243     82.582     42.998  31.771034     6.6469      7.446   296.8185 1.2373e-01     6.3161      5.601      8.124    11.9419 0.0000e+00
      5.717      0.029     8.9308     82.512     42.992  31.766411     6.7011      7.447   297.1093 1.2378e-01     6.2386      5.607      8.133    11.9421 0.0000e+00
      5.723      0.033     8.9239     82.451     42.968  31.748591     6.7290      7.448   297.2149 1.2374e-01     6.2039      5.612      8.139    11.9422 0.0000e+00
      5.732      0.037     8.9157     82.428     42.964  31.745888     6.9088      7.448   297.2357 1.2368e-01     6.1694      5.621      8.151    11.9422 0.0000e+00
      5.744      0.039     8.9123     82.455     42.948  31.733730     7.2688      7.449   297.1890 1.2373e-01     6.1975      5.634      8.170    11.9422 0.0000e+00
      5.756      0.042     8.9022     82.506     42.942  31.728474     7.4854      7.450   296.7361 1.2379e-01     6.2016      5.644      8.187    11.9422 0.0000e+00
      5.767      0.045     8.8953     82.569     42.965  31.745774     7.5058      7.451   295.9754 1.2377e-01     6.1852      5.656      8.203    11.9419 0.0000e+00
      5.777      0.048     8.8912     82.629     42.974  31.752580     7.4818      7.451   295.6482 1.2375e-01     6.3060      5.667      8.218    11.9416 0.0000e+00
      5.787      0.048     8.8965     82.663     42.967  31.747328     7.4454      7.450   295.7053 1.2375e-01     6.5354      5.673      8.228    11.9413 0.0000e+00
      5.800      0.048     8.9023     82.685     42.965  31.745713     7.4321      7.451   295.9781 1.2375e-01     6.6696      5.686      8.246    11.9410 0.0000e+00
      5.817      0.049     8.9087     82.693     42.948  31.733044     7.4371      7.453   296.3655 1.2375e-01     6.6656      5.707      8.277    11.9408 0.0000e+00
      5.831      0.051     8.9182     82.662     42.931  31.721029     7.4318      7.453   296.5175 1.2377e-01     6.6236      5.722      8.298    11.9410 0.0000e+00
      5.839      0.052     8.9192     82.612     42.940  31.727311     7.4182      7.453   295.8375 1.2377e-01     6.4004      5.725      8.304    11.9411 0.0000e+00
      5.850      0.051     8.9221     82.578     42.964  31.745566     7.4135      7.453   294.5958 1.2375e-01     6.0852      5.733      8.316    11.9409 0.0000e+00
      5.867      0.051     8.9249     82.565     42.972  31.751429     7.4251      7.454   294.0659 1.2375e-01     6.0236      5.754      8.345    11.9409 0.0000e+00
      5.883      0.052     8.9204     82.551     42.949  31.734760     7.4420      7.454   294.3349 1.2380e-01     5.9968      5.772      8.371    11.9410 0.0000e+00
      5.894      0.053     8.9128     82.517     42.949  31.734344     7.4428      7.454   294.8373 1.2386e-01     5.8638      5.779      8.382    11.9411 0.0000e+00
      5.907      0.053     8.9092     82.472     42.966  31.746399     7.4350      7.455   295.0636 1.2383e-01     5.8848      5.789      8.397    11.9414 0.0000e+00
      5.922      0.053     8.9087     82.436     42.976  31.753630     7.4386      7.457   294.5759 1.2376e-01     6.0118      5.808      8.424    11.9416 0.0000e+00
      5.935      0.055     8.9089     82.411     42.982  31.758338     7.4447      7.457   293.7591 1.2376e-01     6.0328      5.821      8.443    11.9414 0.0000e+00
      5.947      0.058     8.9039     82.386     42.957  31.739893     7.4261      7.457   293.3616 1.2380e-01     5.9678      5.830      8.457    11.9410 0.0000e+00
      5.961      0.062     8.8985     82.356     42.931  31.720919     7.3802      7.457   293.3831 1.2380e-01     5.9087      5.845      8.477    11.9408 0.0000e+00
      5.978      0.067     8.8945     82.335     42.929  31.719247     7.3641      7.458   293.5036 1.2379e-01     5.9337      5.863      8.503    11.9409 0.0000e+00
      5.996      0.070     8.8922     82.352     42.930  31.719672     7.3813      7.458   293.6135 1.2379e-01     5.9971      5.881      8.529    11.9411 0.0000e+00
      6.015      0.069     8.8900     82.400     42.938  31.726063     7.3881      7.459   293.8516 1.2381e-01     6.0598      5.897      8.553    11.9410 0.0000e+00
      6.037      0.065     8.8864     82.432     42.948  31.733077     7.3804      7.460   294.0589 1.2384e-01     6.1456      5.920      8.586    11.9410 0.0000e+00
      6.058      0.061     8.8823     82.443     42.959  31.741037     7.3626      7.461   293.8826 1.2387e-01     6.1466      5.945      8.623    11.9410 0.0000e+00
      6.072      0.058     8.8840     82.456     42.982  31.758868     7.3643      7.460   293.6988 1.2387e-01     6.1395      5.958      8.642    11.9408 0.0000e+00
      6.079      0.057     8.8928     82.487     42.982  31.758358     7.4015      7.460   293.5579 1.2381e-01     6.1282      5.959      8.643    11.9407 0.0000e+00
      6.088      0.056     8.8954     82.511     42.951  31.734864     7.4292      7.461   293.3838 1.2376e-01     5.9761      5.966      8.653    11.9408 0.0000e+00
      6.104      0.056     8.8959     82.504     42.942  31.728569     7.4237      7.461   293.9167 1.2380e-01     5.8371      5.985      8.680    11.9410 0.0000e+00
      6.123      0.058     8.8958     82.490     42.965  31.745682     7.4106      7.461   294.8385 1.2380e-01     5.8143      6.005      8.710    11.9409 0.0000e+00
      6.140      0.062     8.9006     82.486     42.973  31.751451     7.4040      7.461   295.0653 1.2377e-01     5.8359      6.024      8.737    11.9408 0.0000e+00
      6.154      0.065     8.9056     82.501     42.951  31.734877     7.3854      7.461   294.8513 1.2377e-01     5.8595      6.036      8.754    11.9407 0.0000e+00
      6.168      0.065     8.9017     82.511     42.951  31.735604     7.3443      7.462   294.4885 1.2378e-01     5.8611      6.047      8.771    11.9408 0.0000e+00
      6.184      0.063     8.9010     82.496     42.984  31.760241     7.3142      7.462   294.0350 1.2373e-01     5.8903      6.063      8.794    11.9409 0.0000e+00
      6.203      0.059     8.8991     82.485     43.010  31.779007     7.3050      7.462   294.3577 1.2369e-01     5.9389      6.083      8.823    11.9409 0.0000e+00
      6.223      0.053     8.9023     82.494     43.001  31.772191     7.3494      7.462   295.4650 1.2376e-01     6.0043      6.105      8.854    11.9408 0.0000e+00
      6.238      0.045     8.9051     82.507     42.959  31.741266     7.4507      7.462   296.1514 1.2387e-01     6.0998      6.121      8.878    11.9408 0.0000e+00
      6.246      0.036     8.9008     82.518     42.933  31.722294     7.4981      7.464   296.0323 1.2389e-01     6.1029      6.127      8.886    11.9409 0.0000e+00
      6.249      0.030     8.8993     82.545     42.948  31.733110     7.4648      7.465   295.6608 1.2381e-01     6.0424      6.128      8.888    11.9409 0.0000e+00
      6.253      0.027     8.9012     82.579     42.964  31.745164     7.2473      7.466   295.6166 1.2373e-01     6.0176      6.131      8.892    11.9408 0.0000e+00
      6.259      0.032     8.9037     82.609     42.958  31.741163     6.8752      7.466   296.4440 1.2375e-01     6.0074      6.137      8.900    11.9408 0.0000e+00
      6.266      0.050     8.9022     82.621     42.968  31.748177     6.6697      7.465   298.3519 1.2380e-01     5.9878      6.145      8.911    11.9409 0.0000e+00
      6.276      0.077     8.9074     82.622     42.993  31.766528     6.6012      7.460   300.1009 1.2376e-01     5.9163      6.155      8.926    11.9411 0.0000e+00
