Data/DataNotYetUploadedToEDI/Raw_CTD/RawDownloads/111924_fcr50_S7809001.cnv
* Sea-Bird SBE19plus  Data File:
* FileName = C:\R\Reservoirs\Data\DataNotYetUploadedToEDI\Raw_CTD\RawDownloads\111924_fcr50_S7809_0001.hex
* Software version 2.8.0.119
* Temperature SN = 7809
* Conductivity SN = 7809
* System UpLoad Time = Nov 20 2024 12:00:57
* <ApplicationData>
* <Seaterm232>
# nquan = 15
# nvalues = 840                         
# units = specified
# name 0 = depFM: Depth [fresh water, m]
# name 1 = dz/dtM: Descent Rate [m/s]
# name 2 = sbeox0Mg/L: Oxygen, SBE 43 [mg/l]
# name 3 = sbeox0PS: Oxygen, SBE 43 [% saturation]
# name 4 = specc: Specific Conductance [uS/cm]
# name 5 = c0uS/cm: Conductivity [uS/cm]
# name 6 = flECO-AFL: Fluorescence, WET Labs ECO-AFL/FL [mg/m^3]
# name 7 = ph: pH
# name 8 = orp: Oxidation Reduction Potential [mV]
# name 9 = par/sat/log: PAR/Logarithmic, Satlantic
# name 10 = turbWETntu0: Turbidity, WET Labs ECO [NTU]
# name 11 = prdM: Pressure, Strain Gauge [db]
# name 12 = prdE: Pressure, Strain Gauge [psi]
# name 13 = tv290C: Temperature [ITS-90, deg C]
# name 14 = flag:  0.000e+00
# span 0 =     -0.708,      7.390       
# span 1 =     -0.020,      0.193       
# span 2 =     6.7426,    11.0099       
# span 3 =     64.816,    102.920       
# span 4 =      1.145,     45.717       
# span 5 =   0.998713,  35.081778       
# span 6 =    -0.0852,     8.0807       
# span 7 =      5.786,      7.469       
# span 8 = -1193.7418,   920.3626       
# span 9 = 1.2364e-01, 3.0307e+02       
# span 10 =     0.9876,    14.1328      
# span 11 =     -0.694,      7.257      
# span 12 =     -1.007,     10.525      
# span 13 =    11.9385,    18.6403      
# span 14 = 0.0000e+00, 0.0000e+00      
# interval = seconds: 0.25
# start_time = Nov 19 2024 14:25:59 [Instrument's time stamp, header]
# bad_flag = -9.990e-29
*END*
[from data line 386]
      2.634      0.041     8.6027     79.670     42.796  31.702628     7.1662      7.187   288.4572 3.3122e+00     4.9116      2.586      3.750    12.0574 0.0000e+00
      2.641      0.040     8.6039     79.624     42.792  31.697910     7.1988      7.188   288.0260 3.2844e+00     4.9758      2.590      3.756    12.0492 0.0000e+00
      2.649      0.040     8.5901     79.592     42.786  31.691813     7.2186      7.190   288.5506 3.2367e+00     5.0465      2.597      3.765    12.0416 0.0000e+00
      2.660      0.040     8.5827     79.572     42.788  31.692340     7.2560      7.190   289.4661 3.1817e+00     5.0829      2.609      3.784    12.0384 0.0000e+00
      2.671      0.041     8.5782     79.592     42.806  31.704290     7.3095      7.189   290.0615 3.1298e+00     5.1087      2.619      3.798    12.0362 0.0000e+00
      2.681      0.041     8.5720     79.646     42.814  31.709424     7.3330      7.189   289.2963 3.0785e+00     5.1194      2.628      3.812    12.0338 0.0000e+00
      2.693      0.038     8.5714     79.697     42.790  31.690970     7.3317      7.190   287.5275 3.0228e+00     5.1784      2.641      3.831    12.0318 0.0000e+00
      2.706      0.032     8.5659     79.736     42.764  31.671477     7.2017      7.191   286.8296 2.9849e+00     5.2751      2.655      3.851    12.0306 0.0000e+00
      2.715      0.026     8.5692     79.759     42.755  31.664055     6.9266      7.191   287.2242 2.9679e+00     5.2638      2.664      3.864    12.0294 0.0000e+00
      2.720      0.021     8.5778     79.772     42.756  31.664669     6.7606      7.192   287.3942 2.9457e+00     5.1774      2.667      3.868    12.0282 0.0000e+00
      2.722      0.016     8.5825     79.796     42.775  31.678907     6.7428      7.193   287.7675 2.9240e+00     5.1537      2.669      3.871    12.0277 0.0000e+00
      2.723      0.015     8.5878     79.834     42.815  31.709320     6.6698      7.194   287.9511 2.9173e+00     5.2165      2.670      3.873    12.0271 0.0000e+00
      2.724      0.018     8.5900     79.841     42.822  31.715190     6.5112      7.196   287.1186 2.9120e+00     5.2880      2.670      3.873    12.0268 0.0000e+00
      2.727      0.024     8.5903     79.813     42.783  31.686449     6.4141      7.197   286.4777 2.8830e+00     5.2660      2.672      3.875    12.0269 0.0000e+00
      2.735      0.032     8.5916     79.791     42.772  31.679014     6.3942      7.198   286.5698 2.8346e+00     5.1902      2.681      3.889    12.0274 0.0000e+00
      2.746      0.040     8.5990     79.776     42.784  31.688734     6.3960      7.200   286.6834 2.7880e+00     5.1571      2.693      3.907    12.0279 0.0000e+00
      2.757      0.047     8.6004     79.767     42.768  31.677096     6.4516      7.202   286.8185 2.7320e+00     5.1387      2.703      3.921    12.0281 0.0000e+00
      2.771      0.052     8.5931     79.760     42.752  31.665175     6.5347      7.204   287.1710 2.6666e+00     5.1384      2.717      3.941    12.0285 0.0000e+00
      2.785      0.055     8.5928     79.740     42.762  31.671465     6.5607      7.205   287.5902 2.6100e+00     5.1534      2.732      3.962    12.0291 0.0000e+00
      2.800      0.057     8.5901     79.718     42.790  31.689711     6.5576      7.206   287.8426 2.5547e+00     5.1493      2.744      3.980    12.0300 0.0000e+00
      2.815      0.058     8.5889     79.704     42.800  31.695469     6.6466      7.207   287.7277 2.5007e+00     5.1915      2.760      4.004    12.0313 0.0000e+00
      2.831      0.057     8.5897     79.698     42.777  31.677648     6.8209      7.208   287.4060 2.4477e+00     5.2540      2.777      4.027    12.0312 0.0000e+00
      2.846      0.056     8.5868     79.688     42.760  31.664546     6.9179      7.208   287.1364 2.3891e+00     5.2216      2.791      4.048    12.0293 0.0000e+00
      2.860      0.053     8.5847     79.670     42.760  31.663932     6.9119      7.209   287.0483 2.3364e+00     5.2101      2.806      4.069    12.0269 0.0000e+00
      2.874      0.049     8.5835     79.653     42.770  31.670229     6.8653      7.210   287.8895 2.2857e+00     5.3532      2.818      4.087    12.0244 0.0000e+00
      2.887      0.044     8.5840     79.650     42.780  31.677234     6.8123      7.211   289.3058 2.2439e+00     5.5176      2.831      4.106    12.0228 0.0000e+00
      2.897      0.040     8.5829     79.657     42.791  31.685194     6.8035      7.213   289.7181 2.2198e+00     5.5239      2.843      4.122    12.0223 0.0000e+00
      2.906      0.038     8.5810     79.670     42.816  31.703024     6.8088      7.214   289.0896 2.1954e+00     5.4289      2.850      4.132    12.0219 0.0000e+00
      2.914      0.036     8.5783     79.700     42.816  31.702504     6.7931      7.215   288.2447 2.1649e+00     5.4287      2.858      4.145    12.0210 0.0000e+00
      2.921      0.035     8.5784     79.740     42.785  31.678908     6.7712      7.218   287.9350 2.1349e+00     5.5213      2.864      4.155    12.0205 0.0000e+00
      2.930      0.035     8.5800     79.764     42.775  31.671478     6.7606      7.220   289.0445 2.1111e+00     5.5582      2.872      4.165    12.0199 0.0000e+00
      2.940      0.036     8.5803     79.765     42.782  31.676110     6.7648      7.220   290.8181 2.0879e+00     5.4992      2.883      4.181    12.0192 0.0000e+00
      2.950      0.037     8.5838     79.769     42.777  31.671479     6.8468      7.220   291.4837 2.0599e+00     5.3885      2.895      4.199    12.0190 0.0000e+00
      2.958      0.037     8.5898     79.788     42.788  31.678919     7.0034      7.220   291.0701 2.0304e+00     5.3126      2.902      4.208    12.0188 0.0000e+00
      2.967      0.036     8.5930     79.801     42.820  31.702629     7.0938      7.221   290.4635 1.9995e+00     5.2981      2.909      4.219    12.0181 0.0000e+00
      2.978      0.033     8.5914     79.795     42.821  31.704398     7.0985      7.221   290.2585 1.9722e+00     5.2472      2.922      4.237    12.0176 0.0000e+00
      2.989      0.028     8.5915     79.780     42.816  31.700305     7.0851      7.220   290.6555 1.9417e+00     5.1753      2.932      4.252    12.0166 0.0000e+00
      2.996      0.023     8.5951     79.770     42.838  31.716575     7.0981      7.220   291.3910 1.9077e+00     5.1473      2.940      4.264    12.0152 0.0000e+00
      3.001      0.017     8.5969     79.764     42.832  31.710808     7.1391      7.220   292.0105 1.8954e+00     5.1810      2.944      4.270    12.0158 0.0000e+00
      3.003      0.011     8.5955     79.763     42.811  31.694009     7.1649      7.221   292.2099 1.9024e+00     5.2418      2.945      4.271    12.0170 0.0000e+00
      3.004      0.007     8.5928     79.765     42.825  31.703775     7.1693      7.222   292.0806 1.9023e+00     5.2330      2.946      4.273    12.0172 0.0000e+00
      3.004      0.004     8.5927     79.762     42.822  31.702007     7.1584      7.224   291.7373 1.8936e+00     5.1439      2.946      4.273    12.0166 0.0000e+00
      3.005      0.002     8.5920     79.767     42.782  31.672633     7.1417      7.226   291.2433 1.8806e+00     5.0174      2.946      4.273    12.0147 0.0000e+00
      3.005      0.002     8.5919     79.794     42.772  31.665816     7.1426      7.229   290.9254 1.8671e+00     4.9674      2.946      4.273    12.0131 0.0000e+00
      3.005      0.004     8.5934     79.820     42.794  31.683023     7.1525      7.231   291.0772 1.8629e+00     5.0180      2.947      4.274    12.0127 0.0000e+00
      3.005      0.008     8.5921     79.832     42.804  31.690369     7.0940      7.233   291.1863 1.8709e+00     5.0143      2.947      4.274    12.0131 0.0000e+00
      3.006      0.011     8.5914     79.848     42.805  31.691192     6.9684      7.235   291.2120 1.8675e+00     4.9564      2.948      4.275    12.0141 0.0000e+00
      3.009      0.015     8.5955     79.856     42.809  31.692979     6.9071      7.237   291.4737 1.8290e+00     4.9672      2.949      4.278    12.0148 0.0000e+00
      3.016      0.017     8.5998     79.853     42.835  31.711964     6.9191      7.237   290.9096 1.7896e+00     5.0427      2.958      4.290    12.0150 0.0000e+00
      3.023      0.019     8.5982     79.878     42.859  31.730419     6.9131      7.238   289.6388 1.7792e+00     5.0827      2.966      4.302    12.0153 0.0000e+00
      3.027      0.022     8.6015     79.907     42.850  31.725804     6.8767      7.240   289.1871 1.7724e+00     5.0412      2.968      4.305    12.0155 0.0000e+00
      3.032      0.025     8.6039     79.904     42.840  31.719612     6.8540      7.241   289.2337 1.7542e+00     4.9856      2.973      4.311    12.0136 0.0000e+00
      3.037      0.029     8.6000     79.898     42.836  31.718998     6.8637      7.243   289.5134 1.7408e+00     4.9907      2.978      4.319    12.0127 0.0000e+00
      3.043      0.034     8.6040     79.899     42.832  31.718374     6.9025      7.244   290.1604 1.7188e+00     5.0000      2.983      4.326    12.0145 0.0000e+00
      3.053      0.039     8.6102     79.883     42.821  31.712067     6.9569      7.245   289.8299 1.6775e+00     4.9959      2.994      4.340    12.0164 0.0000e+00
      3.066      0.042     8.6062     79.878     42.811  31.706186     6.9719      7.245   288.5281 1.6455e+00     5.0095      3.008      4.362    12.0179 0.0000e+00
      3.080      0.043     8.6041     79.898     42.817  31.710705     6.9507      7.245   287.8421 1.6240e+00     4.9935      3.021      4.381    12.0208 0.0000e+00
      3.093      0.042     8.6072     79.896     42.809  31.703275     6.9501      7.245   288.0742 1.5975e+00     4.9394      3.032      4.398    12.0238 0.0000e+00
      3.104      0.039     8.6021     79.879     42.779  31.679782     6.9898      7.245   288.6673 1.5734e+00     4.9364      3.046      4.417    12.0258 0.0000e+00
      3.111      0.036     8.5995     79.868     42.779  31.680406     7.0386      7.245   288.9909 1.5596e+00     5.0257      3.053      4.428    12.0276 0.0000e+00
      3.117      0.035     8.6064     79.860     42.818  31.710819     7.0571      7.246   288.8031 1.5394e+00     5.0965      3.055      4.432    12.0280 0.0000e+00
      3.125      0.036     8.6050     79.868     42.842  31.730313     7.0644      7.248   288.3751 1.5080e+00     5.1434      3.063      4.443    12.0265 0.0000e+00
      3.135      0.038     8.6015     79.853     42.837  31.725794     7.0941      7.248   288.0323 1.4863e+00     5.2852      3.075      4.461    12.0238 0.0000e+00
      3.144      0.043     8.6029     79.807     42.832  31.719610     7.1408      7.250   287.9284 1.4713e+00     5.4443      3.083      4.471    12.0241 0.0000e+00
      3.155      0.047     8.5977     79.797     42.835  31.718987     7.1626      7.251   287.9790 1.4406e+00     5.4621      3.092      4.483    12.0276 0.0000e+00
      3.169      0.049     8.6019     79.804     42.837  31.718250     7.1501      7.251   288.0423 1.3968e+00     5.4320      3.109      4.509    12.0294 0.0000e+00
      3.184      0.049     8.6025     79.796     42.829  31.710696     7.1391      7.251   288.3491 1.3683e+00     5.3882      3.124      4.531    12.0287 0.0000e+00
      3.197      0.048     8.5911     79.797     42.804  31.691087     7.1469      7.252   288.8493 1.3464e+00     5.3081      3.136      4.546    12.0252 0.0000e+00
      3.212      0.047     8.5942     79.811     42.778  31.671479     7.1607      7.253   288.8416 1.3246e+00     5.2489      3.151      4.570    12.0207 0.0000e+00
      3.223      0.044     8.5976     79.813     42.768  31.663935     7.1562      7.253   288.5144 1.3178e+00     5.1850      3.163      4.588    12.0181 0.0000e+00
      3.230      0.042     8.5943     79.801     42.768  31.663310     7.1090      7.254   288.2479 1.2998e+00     5.1842      3.165      4.591    12.0171 0.0000e+00
      3.239      0.041     8.5947     79.789     42.769  31.663924     7.0390      7.254   288.1151 1.2626e+00     5.2400      3.174      4.604    12.0161 0.0000e+00
      3.252      0.040     8.5981     79.779     42.779  31.671364     7.0090      7.255   288.6291 1.2392e+00     5.2441      3.190      4.626    12.0151 0.0000e+00
      3.263      0.040     8.5985     79.778     42.803  31.689820     7.0139      7.256   289.4731 1.2269e+00     5.2005      3.201      4.643    12.0148 0.0000e+00
      3.273      0.040     8.5959     79.792     42.812  31.696751     6.9980      7.257   289.8012 1.2096e+00     5.1560      3.210      4.657    12.0145 0.0000e+00
      3.282      0.039     8.5954     79.824     42.807  31.691731     6.9747      7.258   289.7574 1.1961e+00     5.1854      3.220      4.670    12.0142 0.0000e+00
      3.291      0.039     8.5934     79.862     42.810  31.692565     6.9737      7.260   289.4596 1.1858e+00     5.2820      3.226      4.680    12.0140 0.0000e+00
      3.301      0.039     8.5935     79.897     42.831  31.706831     6.9688      7.260   289.0406 1.1703e+00     5.2988      3.236      4.693    12.0149 0.0000e+00
      3.312      0.040     8.5942     79.927     42.872  31.737340     6.9573      7.261   289.2510 1.1463e+00     5.2188      3.249      4.712    12.0159 0.0000e+00
      3.322      0.040     8.5981     79.932     42.882  31.744250     6.9427      7.264   289.9379 1.1262e+00     5.2365      3.258      4.726    12.0142 0.0000e+00
      3.332      0.039     8.6046     79.930     42.857  31.726940     6.9258      7.267   290.2913 1.1047e+00     5.4104      3.267      4.738    12.0119 0.0000e+00
      3.344      0.037     8.6060     79.949     42.842  31.718365     6.9269      7.268   290.2546 1.0714e+00     5.5446      3.280      4.757    12.0112 0.0000e+00
      3.355      0.034     8.6124     79.945     42.821  31.704013     6.9238      7.269   290.0963 1.0539e+00     5.5267      3.291      4.773    12.0112 0.0000e+00
      3.363      0.032     8.6120     79.918     42.787  31.680293     6.8876      7.270   289.9256 1.0570e+00     5.4675      3.298      4.783    12.0113 0.0000e+00
      3.368      0.029     8.6076     79.909     42.793  31.685321     6.8475      7.271   289.8254 1.0590e+00     5.4445      3.303      4.791    12.0125 0.0000e+00
      3.374      0.027     8.6142     79.907     42.815  31.701375     6.8469      7.274   289.8318 1.0541e+00     5.4528      3.309      4.799    12.0151 0.0000e+00
      3.382      0.026     8.6128     79.889     42.792  31.684084     6.8635      7.275   289.9164 1.0476e+00     5.5001      3.316      4.810    12.0173 0.0000e+00
      3.388      0.025     8.6063     79.866     42.772  31.666567     6.8566      7.275   289.9016 1.0403e+00     5.4356      3.323      4.819    12.0183 0.0000e+00
      3.394      0.024     8.6069     79.848     42.792  31.679887     6.8381      7.276   289.7392 1.0307e+00     5.2526      3.327      4.826    12.0187 0.0000e+00
      3.402      0.024     8.6079     79.837     42.846  31.718262     6.8403      7.277   289.5882 1.0170e+00     5.2015      3.337      4.840    12.0193 0.0000e+00
      3.409      0.024     8.6050     79.844     42.891  31.749915     6.8663      7.278   289.4521 1.0000e+00     5.2611      3.345      4.851    12.0184 0.0000e+00
      3.413      0.025     8.6027     79.857     42.888  31.745405     6.9203      7.279   289.3837 9.8541e-01     5.3242      3.347      4.854    12.0153 0.0000e+00
      3.417      0.026     8.6020     79.868     42.867  31.727169     6.9846      7.280   289.4495 9.8121e-01     5.3833      3.349      4.858    12.0126 0.0000e+00
      3.423      0.028     8.5997     79.901     42.859  31.719735     7.0118      7.282   289.4736 9.8394e-01     5.3955      3.356      4.868    12.0119 0.0000e+00
      3.432      0.031     8.6011     79.950     42.860  31.718960     7.0242      7.282   289.4172 9.7530e-01     5.4037      3.367      4.883    12.0111 0.0000e+00
