Data/DataNotYetUploadedToEDI/Raw_CTD/RawDownloads/112822_bvr50_S8188007.cnv
* Sea-Bird SBE19plus  Data File:
* FileName = C:\R\Reservoirs\Data\DataNotYetUploadedToEDI\Raw_CTD\RawDownloads\112822_bvr50_S8188_0007.hex
* Software version 2.8.0.119
* Temperature SN = 8188
* Conductivity SN = 8188
* System UpLoad Time = Nov 28 2022 17:04:19
* <ApplicationData>
* <Seaterm232>
# nquan = 16
# nvalues = 934                         
# units = specified
# name 0 = depFM: Depth [fresh water, m]
# name 1 = dz/dtM: Descent Rate [m/s]
# name 2 = sbeox0Mg/L: Oxygen, SBE 43 [mg/l]
# name 3 = sbeox0PS: Oxygen, SBE 43 [% saturation]
# name 4 = specc: Specific Conductance [uS/cm]
# name 5 = c0uS/cm: Conductivity [uS/cm]
# name 6 = wetCDOM: Fluorescence, WET Labs CDOM [mg/m^3]
# name 7 = flECO-AFL: Fluorescence, WET Labs ECO-AFL/FL [mg/m^3]
# name 8 = flECO-AFL1: Fluorescence, WET Labs ECO-AFL/FL, 2 [mg/m^3]
# name 9 = flECO-AFL2: Fluorescence, WET Labs ECO-AFL/FL, 3 [mg/m^3]
# name 10 = par/sat/log: PAR/Logarithmic, Satlantic
# name 11 = turbWETntu0: Turbidity, WET Labs ECO [NTU]
# name 12 = prdM: Pressure, Strain Gauge [db]
# name 13 = prdE: Pressure, Strain Gauge [psi]
# name 14 = tv290C: Temperature [ITS-90, deg C]
# name 15 = flag:  0.000e+00
# span 0 =     -0.807,      6.455       
# span 1 =     -0.199,      0.150       
# span 2 =     7.2561,    11.6896       
# span 3 =     60.013,     95.217       
# span 4 =      0.582,     40.089       
# span 5 =   0.422575,  25.280639       
# span 6 =    -0.7200,     7.2900       
# span 7 =    -0.5580,     5.2557       
# span 8 =    -1.0650,     0.7668       
# span 9 =    -0.8460,     3.6801       
# span 10 = 1.1597e-01, 2.6377e+03      
# span 11 =    -2.8132,   338.5513      
# span 12 =     -0.792,      6.331      
# span 13 =     -1.148,      9.182      
# span 14 =     6.5107,    11.2986      
# span 15 = 0.0000e+00, 0.0000e+00      
# interval = seconds: 0.25
# start_time = Nov 28 2022 07:49:52 [Instrument's time stamp, header]
# bad_flag = -9.990e-29
*END*
[from data line 543]
      5.750      0.092    10.2010     83.084     37.575  23.684212     7.0200     1.3875     0.3408     0.2538 2.4817e-01     9.6318      5.639      8.179     6.5147 0.0000e+00
      5.774      0.089    10.2006     83.116     37.579  23.687229     7.0200     1.4028     0.3408     0.2538 2.6021e-01     9.5416      5.662      8.212     6.5147 0.0000e+00
      5.796      0.086    10.2015     83.142     37.567  23.679308     7.0200     1.5096     0.3408     0.2538 2.5001e-01     9.6167      5.684      8.244     6.5148 0.0000e+00
      5.818      0.083    10.2039     83.157     37.552  23.670214     7.0200     1.5363     0.3408     0.2538 2.4074e-01     9.5717      5.705      8.275     6.5148 0.0000e+00
      5.838      0.079    10.2075     83.154     37.538  23.661480     7.0200     1.5248     0.3408     0.1692 2.5512e-01     9.5566      5.725      8.304     6.5149 0.0000e+00
      5.858      0.076    10.2114     83.135     37.521  23.650779     7.0200     1.5248     0.3408     0.1692 2.2345e-01     9.6318      5.745      8.332     6.5149 0.0000e+00
      5.877      0.073    10.2146     83.108     37.515  23.647132     7.0200     1.4066     0.3408     0.1692 2.1988e-01     9.6017      5.763      8.358     6.5150 0.0000e+00
      5.895      0.071    10.2164     83.079     37.525  23.653526     7.0200     1.3990     0.3408     0.1692 2.4152e-01     9.5566      5.781      8.384     6.5151 0.0000e+00
      5.912      0.068    10.2160     83.054     37.535  23.659789     7.0200     1.4180     0.3408     0.1692 1.7930e-01     9.5717      5.798      8.409     6.5152 0.0000e+00
      5.930      0.066    10.2137     83.035     37.535  23.659675     7.0200     1.3951     0.2982     0.3384 1.8775e-01     9.4815      5.815      8.434     6.5152 0.0000e+00
      5.946      0.063    10.2104     83.020     37.524  23.653151     7.0200     1.3265     0.2982     0.3384 1.8399e-01     9.8723      5.831      8.458     6.5152 0.0000e+00
      5.963      0.060    10.2068     83.009     37.513  23.646397     7.0200     1.3303     0.2982     0.3384 2.0467e-01     9.8572      5.847      8.481     6.5152 0.0000e+00
      5.978      0.057    10.2037     83.001     37.518  23.649488     7.0200     1.3456     0.2982     0.3384 1.7059e-01     9.8272      5.862      8.503     6.5153 0.0000e+00
      5.992      0.053    10.2013     82.996     37.533  23.659289     7.0200     1.3341     0.3408     0.2961 1.9617e-01     9.9174      5.876      8.523     6.5154 0.0000e+00
      6.005      0.050    10.1994     82.999     37.545  23.666538     7.0200     1.3227     0.3408     0.2961 1.7298e-01     9.7670      5.889      8.541     6.5155 0.0000e+00
      6.016      0.048    10.1980     83.005     37.549  23.669207     7.0200     1.3265     0.3408     0.2961 1.6380e-01     9.8272      5.900      8.558     6.5156 0.0000e+00
      6.027      0.047    10.1970     83.008     37.553  23.671969     7.0200     1.3494     0.3408     0.2961 1.6059e-01     9.9775      5.911      8.573     6.5157 0.0000e+00
      6.038      0.048    10.1964     83.011     37.565  23.679518     7.0200     1.3074     0.3408     0.2115 1.7276e-01     9.9023      5.922      8.589     6.5159 0.0000e+00
      6.050      0.050    10.1967     83.014     37.581  23.689909     7.0200     1.2082     0.3408     0.2115 1.9321e-01     9.7370      5.933      8.605     6.5160 0.0000e+00
      6.062      0.052    10.1974     83.015     37.593  23.697995     7.0200     1.2082     0.3408     0.2115 1.4008e-01     9.8873      5.945      8.623     6.5162 0.0000e+00
      6.077      0.053    10.1978     83.011     37.599  23.701973     7.0200     1.2387     0.3408     0.2115 1.5913e-01     9.9324      5.959      8.644     6.5164 0.0000e+00
      6.092      0.053    10.1981     83.007     37.600  23.702904     7.0200     1.2235     0.3834     0.1692 1.4984e-01     9.7370      5.974      8.666     6.5167 0.0000e+00
      6.108      0.051    10.1984     83.008     37.597  23.701036     7.0200     1.3951     0.3834     0.1692 1.6157e-01    10.0075      5.989      8.688     6.5171 0.0000e+00
      6.121      0.048    10.1984     83.020     37.595  23.699830     7.0200     1.4028     0.3834     0.1692 1.6150e-01    10.1879      6.003      8.707     6.5174 0.0000e+00
      6.133      0.044    10.1979     83.045     37.606  23.706882     7.0200     1.4104     0.3834     0.1692 1.5588e-01    10.1278      6.014      8.723     6.5177 0.0000e+00
      6.143      0.040    10.1973     83.081     37.620  23.716154     7.0200     1.3723     0.3834     0.1692 1.4870e-01    10.0827      6.024      8.738     6.5180 0.0000e+00
      6.152      0.036    10.1973     83.126     37.618  23.714285     6.9300     1.4638     0.3408     0.3384 1.4084e-01    12.0667      6.033      8.751     6.5184 0.0000e+00
      6.161      0.032    10.1987     83.176     37.602  23.704735     6.9300     1.4409     0.3408     0.3384 1.3953e-01    12.0366      6.041      8.763     6.5187 0.0000e+00
      6.168      0.029    10.2017     83.226     37.589  23.696833     6.9300     1.4409     0.3408     0.3384 1.3529e-01    12.0817      6.049      8.773     6.5189 0.0000e+00
      6.175      0.026    10.2061     83.267     37.582  23.692430     6.9300     1.4447     0.3408     0.3384 1.3582e-01    12.0967      6.056      8.783     6.5190 0.0000e+00
      6.181      0.023    10.2116     83.292     37.578  23.690354     7.0200     1.8377     0.3834     0.2961 1.3766e-01    17.9284      6.062      8.792     6.5190 0.0000e+00
      6.187      0.021    10.2177     83.297     37.576  23.690051     7.0200     1.8186     0.3834     0.2961 1.1956e-01    17.9284      6.067      8.800     6.5191 0.0000e+00
      6.192      0.019    10.2237     83.284     37.565  23.683521     7.0200     1.8567     0.3834     0.2961 1.2889e-01    17.9735      6.072      8.807     6.5194 0.0000e+00
      6.196      0.017    10.2287     83.258     37.541  23.669023     7.0200     1.8377     0.3834     0.2961 1.1709e-01    17.8533      6.076      8.813     6.5199 0.0000e+00
      6.200      0.015    10.2316     83.221     37.530  23.662487     6.9300     2.6197     0.4260     0.4653 1.1617e-01    54.7222      6.080      8.819     6.5205 0.0000e+00
      6.204      0.013    10.2321     83.174     37.535  23.666127     6.9300     2.6082     0.4260     0.4653 1.2314e-01    54.5869      6.083      8.823     6.5211 0.0000e+00
      6.207      0.012    10.2303     83.119     37.538  23.669039     6.9300     2.6235     0.4260     0.4653 1.1620e-01    54.5869      6.086      8.828     6.5218 0.0000e+00
      6.209      0.010    10.2269     83.067     37.543  23.671997     6.9300     2.6655     0.4260     0.4653 1.2263e-01    54.6170      6.089      8.832     6.5225 0.0000e+00
      6.212      0.009    10.2222     83.018     37.549  23.675792     6.8400     2.7494     0.6816     3.6801 1.2344e-01    74.1111      6.091      8.835     6.5232 0.0000e+00
      6.214      0.008    10.2162     82.974     37.545  23.673518     6.8400     2.7570     0.6816     3.6801 1.2023e-01    74.0960      6.093      8.838     6.5240 0.0000e+00
      6.216      0.008    10.2093     82.937     37.538  23.668526     6.8400     2.7379     0.6816     3.6801 1.1612e-01    74.0960      6.095      8.841     6.5246 0.0000e+00
      6.217      0.007    10.2027     82.907     37.542  23.671363     6.8400     2.7570     0.6816     3.6801 1.1623e-01    74.1562      6.097      8.843     6.5250 0.0000e+00
      6.219      0.007    10.1967     82.887     37.554  23.678826     6.8400     3.0279     0.6816     3.6801 1.1617e-01    51.9116      6.099      8.846     6.5251 0.0000e+00
      6.221      0.008    10.1914     82.878     37.564  23.684987     6.6600     3.0012     0.7668     0.9729 1.1612e-01    51.9116      6.101      8.848     6.5250 0.0000e+00
      6.223      0.008    10.1868     82.877     37.575  23.691489     6.6600     3.0012     0.7668     0.9729 1.2346e-01    51.9266      6.103      8.851     6.5249 0.0000e+00
      6.225      0.009    10.1831     82.883     37.576  23.692149     6.6600     3.0202     0.7668     0.9729 1.4890e-01    51.9116      6.105      8.854     6.5248 0.0000e+00
      6.227      0.009    10.1807     82.902     37.568  23.687142     6.6600     2.7379     0.7668     0.9729 1.1612e-01    76.3806      6.107      8.857     6.5248 0.0000e+00
      6.230      0.009    10.1797     82.932     37.568  23.687010     6.9300     2.7761     0.5964     0.4230 1.2036e-01    76.2754      6.109      8.861     6.5247 0.0000e+00
      6.232      0.010    10.1796     82.966     37.569  23.687758     6.9300     2.7723     0.5964     0.4230 1.1610e-01    76.2754      6.112      8.865     6.5245 0.0000e+00
      6.235      0.010    10.1803     83.002     37.559  23.681669     6.9300     2.7570     0.5964     0.4230 1.1699e-01    76.3656      6.114      8.868     6.5244 0.0000e+00
      6.238      0.010    10.1827     83.037     37.542  23.671077     6.9300     3.6115     0.5964     0.4230 1.1793e-01   148.7056      6.117      8.872     6.5243 0.0000e+00
      6.240      0.011    10.1864     83.065     37.525  23.661076     6.7500     3.6039     0.4686     0.4653 1.1607e-01   148.7958      6.119      8.876     6.5243 0.0000e+00
      6.243      0.011    10.1905     83.085     37.518  23.656917     6.7500     3.6039     0.4686     0.4653 1.1612e-01   148.8259      6.122      8.879     6.5245 0.0000e+00
      6.246      0.011    10.1949     83.095     37.532  23.665408     6.7500     3.6115     0.4686     0.4653 1.1625e-01   148.7658      6.125      8.883     6.5248 0.0000e+00
      6.249      0.012    10.1991     83.096     37.556  23.680896     6.7500     5.2404     0.4686     0.4653 1.1625e-01   338.5513      6.128      8.888     6.5251 0.0000e+00
      6.252      0.012    10.2024     83.093     37.567  23.687716     7.0200     5.2481     0.5112     0.3384 1.1628e-01   338.4611      6.131      8.892     6.5253 0.0000e+00
      6.255      0.013    10.2048     83.089     37.566  23.687688     7.0200     5.2557     0.5112     0.3384 1.1633e-01   338.5212      6.134      8.897     6.5256 0.0000e+00
      6.258      0.013    10.2061     83.081     37.568  23.688721     7.0200     5.2442     0.5112     0.3384 1.1602e-01   338.4010      6.137      8.901     6.5258 0.0000e+00
      6.261      0.014    10.2061     83.072     37.565  23.687132     7.0200     3.0813     0.5112     0.3384 1.1623e-01   200.9955      6.141      8.906     6.5260 0.0000e+00
      6.265      0.015    10.2056     83.066     37.558  23.682498     7.0200     3.0660     0.5112     0.3384 1.1638e-01   201.0255      6.144      8.911     6.5263 0.0000e+00
      6.269      0.015    10.2051     83.059     37.557  23.681500     7.1100     3.0813     0.5112     0.3807 1.1628e-01   200.7700      6.148      8.917     6.5265 0.0000e+00
      6.273      0.015    10.2041     83.050     37.561  23.683872     7.1100     3.0584     0.5112     0.3807 1.1640e-01   201.0706      6.152      8.923     6.5266 0.0000e+00
      6.277      0.015    10.2031     83.035     37.559  23.682329     7.1100    -0.1155     0.5112     0.3807 1.1625e-01    -0.1528      6.156      8.929     6.5265 0.0000e+00
      6.281      0.015    10.2023     83.010     37.550  23.676459     7.1100    -0.1155     0.5112     0.3807 1.1623e-01    -0.0927      6.160      8.935     6.5263 0.0000e+00
      6.285      0.014    10.2016     82.970     37.544  23.672615     6.9300    -0.1308     0.5112     0.3807 1.1628e-01    -0.0927      6.164      8.940     6.5259 0.0000e+00
      6.288      0.014    10.2005     82.921     37.553  23.677690     6.9300    -0.1155     0.5112     0.3807 1.1612e-01    -0.1078      6.167      8.945     6.5255 0.0000e+00
      6.292      0.014    10.1988     82.868     37.577  23.693037     6.9300    -0.1117     0.5112     0.3807 1.1623e-01    -0.2881      6.170      8.949     6.5252 0.0000e+00
      6.295      0.014    10.1958     82.816     37.612  23.714831     6.9300    -0.1002     0.5112     0.3807 1.1617e-01    -0.2581      6.173      8.954     6.5249 0.0000e+00
      6.298      0.015    10.1910     82.775     37.659  23.744925     6.9300    -0.1269     0.5538     0.4230 1.1633e-01    -0.3633      6.177      8.959     6.5247 0.0000e+00
      6.302      0.016    10.1850     82.751     37.704  23.773529     6.9300    -0.1079     0.5538     0.4230 1.1605e-01    -0.3182      6.180      8.964     6.5245 0.0000e+00
      6.306      0.018    10.1786     82.737     37.718  23.782536     6.9300     0.8153     0.5538     0.4230 1.1623e-01   105.1182      6.184      8.970     6.5243 0.0000e+00
      6.311      0.020    10.1722     82.723     37.702  23.772371     6.9300     0.7733     0.5538     0.4230 1.1633e-01   105.1784      6.189      8.977     6.5243 0.0000e+00
      6.317      0.022    10.1671     82.695     37.673  23.754177     6.9300     0.7772     0.5112     0.5076 1.1623e-01   105.1784      6.195      8.985     6.5244 0.0000e+00
      6.323      0.024    10.1640     82.646     37.649  23.738941     6.9300     0.8077     0.5112     0.5076 1.1612e-01   105.1333      6.201      8.993     6.5245 0.0000e+00
      6.329      0.026    10.1623     82.579     37.636  23.730515     6.9300     1.2731     0.5112     0.5076 1.1612e-01   192.8341      6.207      9.002     6.5247 0.0000e+00
      6.336      0.027    10.1606     82.499     37.636  23.730613     6.9300     1.2921     0.5112     0.5076 1.1628e-01   192.8341      6.214      9.012     6.5249 0.0000e+00
      6.343      0.028    10.1571     82.413     37.656  23.743219     6.9300     1.2654     0.5112     0.5076 1.1617e-01   192.9243      6.221      9.022     6.5250 0.0000e+00
      6.351      0.029    10.1510     82.338     37.701  23.771695     7.0200     1.2693     0.3834     0.8460 1.1625e-01   192.9994      6.228      9.033     6.5250 0.0000e+00
      6.358      0.029    10.1429     82.287     37.783  23.823634     7.0200     1.1930     0.3834     0.8460 1.1612e-01   177.5785      6.236      9.044     6.5250 0.0000e+00
      6.366      0.029    10.1330     82.264     37.865  23.875277     7.0200     1.2159     0.3834     0.8460 1.1605e-01   177.6687      6.243      9.055     6.5250 0.0000e+00
      6.374      0.029    10.1225     82.269     37.889  23.890908     7.0200     1.2159     0.3834     0.8460 1.1605e-01   177.5635      6.251      9.066     6.5250 0.0000e+00
      6.381      0.028    10.1132     82.292     37.885  23.888552     6.9300     1.2159     0.3834     0.2961 1.1625e-01   177.4282      6.258      9.076     6.5251 0.0000e+00
      6.388      0.028    10.1069     82.309     37.889  23.891336     6.9300     0.7772     0.3834     0.2961 1.1612e-01   138.5903      6.265      9.086     6.5253 0.0000e+00
      6.395      0.027    10.1040     82.298     37.890  23.892082     6.9300     0.8077     0.3834     0.2961 1.1612e-01   138.6655      6.271      9.096     6.5255 0.0000e+00
      6.402      0.026    10.1045     82.250     37.894  23.894950     6.9300     0.7772     0.3834     0.2961 1.1617e-01   138.5753      6.278      9.105     6.5259 0.0000e+00
      6.408      0.026    10.1072     82.172     37.921  23.912581     6.9300     0.7848     0.4686     0.2961 1.1650e-01   138.6956      6.284      9.115     6.5264 0.0000e+00
      6.415      0.025    10.1093     82.077     37.983  23.951656     6.9300     0.0714     0.4686     0.2961 1.1620e-01   102.5781      6.291      9.124     6.5268 0.0000e+00
      6.421      0.023    10.1078     81.974     38.092  24.020615     6.9300     0.0791     0.4686     0.2961 1.1615e-01   102.5180      6.297      9.134     6.5271 0.0000e+00
      6.427      0.021    10.1018     81.877     38.234  24.110135     6.9300     0.0752     0.4686     0.2961 1.1605e-01   102.6082      6.303      9.142     6.5274 0.0000e+00
