Data/DataNotYetUploadedToEDI/Raw_CTD/RawDownloads/112822_fcr50_S8188008.cnv
* Sea-Bird SBE19plus  Data File:
* FileName = C:\R\Reservoirs\Data\DataNotYetUploadedToEDI\Raw_CTD\RawDownloads\112822_bvr50_S8188_0008.hex
* Software version 2.8.0.119
* Temperature SN = 8188
* Conductivity SN = 8188
* System UpLoad Time = Nov 28 2022 17:04:38
* <ApplicationData>
* <Seaterm232>
# nquan = 16
# nvalues = 1211                        
# units = specified
# name 0 = depFM: Depth [fresh water, m]
# name 1 = dz/dtM: Descent Rate [m/s]
# name 2 = sbeox0Mg/L: Oxygen, SBE 43 [mg/l]
# name 3 = sbeox0PS: Oxygen, SBE 43 [% saturation]
# name 4 = specc: Specific Conductance [uS/cm]
# name 5 = c0uS/cm: Conductivity [uS/cm]
# name 6 = wetCDOM: Fluorescence, WET Labs CDOM [mg/m^3]
# name 7 = flECO-AFL: Fluorescence, WET Labs ECO-AFL/FL [mg/m^3]
# name 8 = flECO-AFL1: Fluorescence, WET Labs ECO-AFL/FL, 2 [mg/m^3]
# name 9 = flECO-AFL2: Fluorescence, WET Labs ECO-AFL/FL, 3 [mg/m^3]
# name 10 = par/sat/log: PAR/Logarithmic, Satlantic
# name 11 = turbWETntu0: Turbidity, WET Labs ECO [NTU]
# name 12 = prdM: Pressure, Strain Gauge [db]
# name 13 = prdE: Pressure, Strain Gauge [psi]
# name 14 = tv290C: Temperature [ITS-90, deg C]
# name 15 = flag:  0.000e+00
# span 0 =     -0.706,      9.590       
# span 1 =     -0.292,      0.115       
# span 2 =     2.2654,    13.3696       
# span 3 =     18.827,    112.844       
# span 4 =      0.572,    612.375       
# span 5 =   0.401172, 403.622512       
# span 6 =    -4.5000,    43.2900       
# span 7 =    -0.1460,     9.1811       
# span 8 =    -2.1300,     0.8520       
# span 9 =    -2.0304,    12.8169       
# span 10 = 1.1595e-01, 4.1184e+02      
# span 11 =    -0.4685,   269.2774      
# span 12 =     -0.693,      9.404      
# span 13 =     -1.005,     13.640      
# span 14 =     7.2861,    10.0678      
# span 15 = 0.0000e+00, 0.0000e+00      
# interval = seconds: 0.25
# start_time = Nov 28 2022 10:13:03 [Instrument's time stamp, header]
# bad_flag = -9.990e-29
*END*
[from data line 814]
      9.581      0.016     9.2055     76.005    610.767 402.977257     0.0000    -0.1002     0.0000     0.0000 1.1605e-01     7.4223      9.396     13.628     7.9666 0.0000e+00
      9.585      0.012     9.1453     75.607    610.264 402.709417     0.0000    -0.1117     0.0000     0.0000 1.1617e-01     7.4374      9.400     13.633     7.9716 0.0000e+00
      9.588      0.008     9.0891     75.218    609.697 402.398155     0.0000    -0.1117     0.0000     0.0000 1.1620e-01     7.4975      9.402     13.637     7.9768 0.0000e+00
      9.589      0.004     9.0368     74.834    609.072 402.045150     0.0000    -0.1346     0.0000     0.0000 1.1605e-01     7.5576      9.404     13.639     7.9822 0.0000e+00
      9.590     -0.001     8.9873     74.447    608.352 401.626833     0.0000    -0.1079     0.0000     0.0000 1.1605e-01     7.3773      9.404     13.640     7.9876 0.0000e+00
      9.589     -0.005     8.9391     74.050    607.492 401.112299     0.0000    -0.1155     0.0000     0.0000 1.1625e-01    -0.3933      9.404     13.639     7.9928 0.0000e+00
      9.588     -0.010     8.8920     73.642    606.476 400.491352     0.0000    -0.0926     0.0000     0.0000 1.1617e-01    -0.3482      9.402     13.637     7.9980 0.0000e+00
      9.585     -0.015     8.8456     73.221    605.374 399.812102     0.0000    -0.1155     0.0000     0.0000 1.1617e-01    -0.4534      9.399     13.632     8.0029 0.0000e+00
      9.581     -0.021     8.7989     72.785    604.302 399.151455     0.0000    -0.1346     0.0000     0.0000 1.1630e-01    -0.2881      9.395     13.626     8.0075 0.0000e+00
      9.575     -0.028     8.7511     72.344    603.214 398.478385     0.0000    -0.1155     0.0000     0.0000 1.1617e-01    -0.4084      9.390     13.618     8.0119 0.0000e+00
      9.567     -0.036     8.7020     71.914    601.900 397.653725     0.0000    -0.1269     0.0000     0.0000 1.1615e-01    -0.3482      9.382     13.608     8.0161 0.0000e+00
      9.558     -0.046     8.6514     71.505    600.245 396.600682     0.0000    -0.1308     0.0000     0.0000 1.1610e-01    -0.4084      9.373     13.594     8.0201 0.0000e+00
      9.546     -0.058     8.5991     71.126    598.419 395.433514     0.0000    -0.0926     0.0000     0.0000 1.1617e-01    -0.4534      9.361     13.577     8.0239 0.0000e+00
      9.530     -0.070     8.5462     70.781    596.717 394.348891     0.0000    -0.1041     0.0000     0.0846 1.1612e-01     2.5376      9.346     13.555     8.0277 0.0000e+00
      9.511     -0.082     8.4947     70.471    595.380 393.509023     0.0000    -0.1079     0.0000     0.0846 1.1617e-01     2.6127      9.327     13.528     8.0313 0.0000e+00
      9.487     -0.092     8.4457     70.198    594.520 392.992233     0.0000    -0.1079     0.0000     0.0846 1.1617e-01     2.5977      9.304     13.494     8.0347 0.0000e+00
      9.460     -0.098     8.4004     69.961    594.064 392.751398     0.0000    -0.0964     0.0000     0.0846 1.1620e-01     2.5225      9.277     13.455     8.0380 0.0000e+00
      9.431     -0.099     8.3590     69.749    593.770 392.627582     0.0000    -0.0430     0.0000     0.0846 1.1633e-01    37.4225      9.248     13.414     8.0413 0.0000e+00
      9.402     -0.096     8.3217     69.552    593.133 392.285483     0.0000    -0.0545     0.0000     0.0846 1.1623e-01    37.5578      9.220     13.373     8.0451 0.0000e+00
      9.376     -0.090     8.2885     69.368    591.423 391.240886     0.0000    -0.0278     0.0000     0.0846 1.1602e-01    37.3924      9.195     13.336     8.0494 0.0000e+00
      9.355     -0.081     8.2595     69.196    588.076 389.120505     0.0000    -0.0545     0.0000     0.0846 1.1620e-01    37.3323      9.174     13.306     8.0546 0.0000e+00
      9.337     -0.073     8.2333     69.033    582.878 385.784140     0.0000     0.8802     0.0000     0.0846 1.1615e-01    91.4408      9.156     13.280     8.0606 0.0000e+00
      9.321     -0.067     8.2087     68.878    575.359 380.928527     0.0000     0.8306     0.0000     0.0846 1.1630e-01    91.4108      9.141     13.258     8.0674 0.0000e+00
      9.306     -0.064     8.1856     68.730    564.040 373.575205     0.0000     0.8725     0.0000     0.0846 1.1602e-01    91.4408      9.126     13.237     8.0750 0.0000e+00
      9.292     -0.066     8.1637     68.579    546.049 361.815686     0.0000     0.8535     0.0000     0.0846 1.1615e-01    91.3657      9.112     13.216     8.0832 0.0000e+00
      9.277     -0.072     8.1427     68.423    521.399 345.647882     0.0000     1.0213     0.0000     0.0846 1.1602e-01    97.3927      9.097     13.195     8.0926 0.0000e+00
      9.260     -0.083     8.1225     68.260    497.040 329.675129     0.0000     1.0404     0.0000     1.8189 1.1612e-01    97.4378      9.081     13.170     8.1037 0.0000e+00
      9.239     -0.100     8.1027     68.089    480.310 318.764308     0.0000     1.0327     0.0000     1.8189 1.1607e-01    97.3176      9.061     13.142     8.1170 0.0000e+00
      9.214     -0.123     8.0824     67.912    474.736 315.254201     0.0000     1.0327     0.0000     1.8189 1.1638e-01    97.3777      9.036     13.106     8.1320 0.0000e+00
      9.183     -0.152     8.0614     67.726    481.317 319.804863     0.0000     0.9793     0.0000     1.8189 1.1640e-01    96.5961      9.005     13.061     8.1483 0.0000e+00
      9.143     -0.185     8.0395     67.524    490.149 325.828283     0.0900     0.9870     0.2130     2.5380 1.1633e-01    96.6863      8.966     13.005     8.1655 0.0000e+00
      9.093     -0.217     8.0163     67.307    487.761 324.361491     0.0900     0.9641     0.2130     2.5380 1.1620e-01    96.5961      8.917     12.933     8.1837 0.0000e+00
      9.030     -0.246     7.9920     67.086    478.526 318.304775     0.0900     0.9984     0.2130     2.5380 1.1612e-01    96.5511      8.856     12.844     8.2021 0.0000e+00
      8.957     -0.269     7.9665     66.871    473.558 315.040219     0.0900     2.0665     0.2130     2.5380 1.1623e-01    70.9547      8.784     12.740     8.2194 0.0000e+00
      8.879     -0.284     7.9395     66.664    475.340 316.202117     1.6200     2.0894     0.4260     2.0304 1.1605e-01    70.9998      8.707     12.628     8.2347 0.0000e+00
      8.800     -0.291     7.9117     66.465    480.011 319.220178     1.6200     2.0742     0.4260     2.0304 1.1630e-01    71.0449      8.630     12.516     8.2469 0.0000e+00
      8.725     -0.292     7.8843     66.270    476.068 316.477690     1.6200     2.0856     0.4260     2.0304 1.1617e-01    70.9848      8.556     12.409     8.2549 0.0000e+00
      8.652     -0.287     7.8587     66.066    452.070 300.417033     1.6200     3.9167     0.4260     2.0304 1.1610e-01    45.2833      8.484     12.305     8.2572 0.0000e+00
      8.580     -0.279     7.8354     65.820    404.858 268.960038     1.6200     3.9472     0.4260     2.0304 1.1612e-01    45.3885      8.414     12.203     8.2514 0.0000e+00
      8.508     -0.270     7.8147     65.464    336.279 223.319386     2.8800     3.9053     0.6390     2.3265 1.1617e-01    45.3133      8.344     12.101     8.2363 0.0000e+00
      8.438     -0.260     7.7958     64.885    254.968 169.210057     2.8800     3.9205     0.6390     2.3265 1.1615e-01    45.2983      8.275     12.002     8.2140 0.0000e+00
      8.372     -0.250     7.7773     63.875    179.940 119.254492     2.8800     5.3663     0.6390     2.3265 1.1623e-01    22.1519      8.210     11.908     8.1868 0.0000e+00
      8.311     -0.242     7.7554     62.051    126.768  83.807493     2.8800     5.3930     0.6390     2.3265 1.1630e-01    22.2872      8.150     11.821     8.1523 0.0000e+00
      8.254     -0.238     7.7238     58.833     94.308  62.128528     3.6900     5.3549     0.8520     2.5803 1.1623e-01    22.1519      8.094     11.739     8.1024 0.0000e+00
      8.198     -0.239     7.6709     53.688     74.632  48.965287     3.6900     5.3625     0.8520     2.5803 1.1617e-01    22.1218      8.040     11.660     8.0243 0.0000e+00
      8.141     -0.244     7.5729     46.556     62.641  40.934294     3.6900     5.1107     0.8520     2.5803 1.1607e-01    21.1449      7.983     11.579     7.9107 0.0000e+00
      8.079     -0.249     7.3808     38.113     55.227  35.967210     3.6900     5.1298     0.8520     2.5803 1.1605e-01    21.1599      7.922     11.490     7.7750 0.0000e+00
      8.011     -0.252     7.0196     29.667     50.549  32.834518     4.6800     5.1451     0.7242     2.1573 1.1607e-01    21.1148      7.856     11.394     7.6450 0.0000e+00
      7.940     -0.251     6.4214     22.782     47.627  30.879026     4.6800     5.1298     0.7242     2.1573 1.1633e-01    21.2501      7.786     11.293     7.5392 0.0000e+00
      7.871     -0.246     5.5784     18.857     45.898  29.719841     4.6800     6.1865     0.7242     2.1573 1.1607e-01     5.5586      7.719     11.195     7.4611 0.0000e+00
      7.808     -0.237     4.5723     18.827     44.883  29.037949     4.6800     6.1827     0.7242     2.1573 1.2664e-01     5.4233      7.657     11.106     7.4066 0.0000e+00
      7.752     -0.229     3.5621     22.970     44.196  28.578256     4.6800     6.2017     0.7242     2.1573 1.1617e-01     5.6037      7.602     11.026     7.3699 0.0000e+00
      7.699     -0.224     2.7374     30.814     43.687  28.239956     5.1300     6.2017     0.6390     1.9458 1.2800e-01     5.6187      7.551     10.951     7.3455 0.0000e+00
      7.647     -0.223     2.2673     41.236     43.340  28.010051     5.1300     5.9385     0.6390     1.9458 1.1607e-01     5.5286      7.500     10.877     7.3295 0.0000e+00
      7.593     -0.224     2.2654     52.784     43.074  27.835151     5.1300     5.9156     0.6390     1.9458 1.1620e-01     5.5135      7.447     10.800     7.3192 0.0000e+00
      7.534     -0.226     2.7656     64.106     42.820  27.668618     5.1300     5.9385     0.6390     1.9458 1.1628e-01     5.5135      7.389     10.716     7.3128 0.0000e+00
      7.471     -0.224     3.7112     74.261     42.604  27.527417     5.1300     5.9462     0.5112     1.6497 1.3129e-01     5.5586      7.327     10.626     7.3088 0.0000e+00
      7.408     -0.217     4.9670     82.767     42.487  27.451107     5.1300     6.2971     0.5112     1.6497 1.2333e-01     5.8592      7.265     10.537     7.3065 0.0000e+00
      7.350     -0.207     6.3582     89.505     42.464  27.435177     5.1300     6.2971     0.5112     1.6497 1.7937e-01     5.7841      7.208     10.454     7.3051 0.0000e+00
      7.299     -0.194     7.7223     94.591     42.454  27.427864     5.1300     6.3047     0.5112     1.6497 1.7070e-01     5.8292      7.159     10.382     7.3042 0.0000e+00
      7.256     -0.183     8.9459     98.243     42.407  27.397521     5.2200     6.2933     0.4686     1.5228 1.5207e-01     5.8893      7.116     10.320     7.3035 0.0000e+00
      7.216     -0.178     9.9708    100.706     42.331  27.347935     5.2200     6.1102     0.4686     1.5228 1.5283e-01     7.5877      7.076     10.264     7.3026 0.0000e+00
      7.176     -0.181    10.7826    102.223     42.238  27.287661     5.2200     6.1254     0.4686     1.5228 1.4403e-01     7.3622      7.037     10.206     7.3019 0.0000e+00
      7.133     -0.190    11.3955    103.009     42.139  27.224383     5.2200     6.0949     0.4686     1.5228 1.7617e-01     7.5276      6.995     10.145     7.3013 0.0000e+00
      7.084     -0.201    11.8355    103.245     42.043  27.163005     5.1300     6.1331     0.3408     1.3113 1.6588e-01     7.5726      6.947     10.076     7.3010 0.0000e+00
      7.029     -0.211    12.1322    103.076     41.956  27.106959     5.1300     5.8546     0.3408     1.3113 1.7041e-01     7.6929      6.893      9.998     7.3009 0.0000e+00
      6.968     -0.214    12.3149    102.621     41.884  27.061095     5.1300     5.8508     0.3408     1.3113 2.3541e-01     7.7981      6.834      9.911     7.3010 0.0000e+00
      6.906     -0.208    12.4095    101.976     41.822  27.021104     5.1300     5.8775     0.3408     1.3113 2.7124e-01     7.7230      6.773      9.823     7.3013 0.0000e+00
      6.848     -0.193    12.4376    101.223     41.771  26.988198     5.1300     5.8622     0.3408     1.3113 3.1573e-01     7.6929      6.716      9.740     7.3019 0.0000e+00
      6.797     -0.171    12.4171    100.433     41.754  26.977360     5.2200     6.3658     0.3834     1.4382 3.2555e-01     5.4384      6.666      9.668     7.3027 0.0000e+00
      6.757     -0.146    12.3621     99.654     41.792  27.001539     5.2200     6.3620     0.3834     1.4382 3.1890e-01     5.3031      6.627      9.611     7.3033 0.0000e+00
      6.727     -0.120    12.2843     98.911     41.882  27.059263     5.2200     6.3391     0.3834     1.4382 2.7384e-01     5.2580      6.597      9.568     7.3036 0.0000e+00
      6.704     -0.098    12.1937     98.208     41.986  27.126328     5.2200     6.3810     0.3834     1.4382 2.5346e-01     5.3031      6.574      9.535     7.3035 0.0000e+00
      6.685     -0.081    12.0986     97.556     42.066  27.177065     5.2200     6.1865     0.2982     1.3536 2.9497e-01    14.1558      6.556      9.508     7.3032 0.0000e+00
      6.668     -0.071    12.0049     96.958     42.116  27.209166     5.2200     6.1827     0.2982     1.3536 3.0428e-01    14.1558      6.539      9.484     7.3028 0.0000e+00
      6.653     -0.067    11.9154     96.390     42.142  27.225251     5.2200     6.1789     0.2982     1.3536 2.9503e-01    14.1108      6.524      9.462     7.3025 0.0000e+00
      6.638     -0.068    11.8308     95.826     42.146  27.227629     5.2200     6.1483     0.2982     1.3536 2.5346e-01    14.0356      6.509      9.441     7.3020 0.0000e+00
      6.622     -0.074    11.7525     95.246     42.139  27.222875     5.2200     5.6181     0.2982     1.3536 2.4780e-01    15.7791      6.494      9.418     7.3014 0.0000e+00
      6.604     -0.085    11.6805     94.647     42.116  27.207739     5.2200     5.6295     0.2982     1.3536 2.3256e-01    15.7791      6.477      9.393     7.3009 0.0000e+00
      6.584     -0.100    11.6123     94.033     42.076  27.182147     5.2200     5.6028     0.2982     1.3536 2.5340e-01    15.7190      6.456      9.364     7.3003 0.0000e+00
      6.558     -0.117    11.5444     93.410     42.021  27.147192     5.2200     5.6410     0.2982     1.3536 2.0762e-01    15.7490      6.431      9.327     7.2998 0.0000e+00
      6.526     -0.134    11.4747     92.790     41.943  27.097514     8.0100     5.1374     0.4686     1.3113 2.5634e-01    15.9895      6.400      9.282     7.2995 0.0000e+00
      6.487     -0.149    11.4025     92.202     41.859  27.043621     8.0100     5.1298     0.4686     1.3113 3.3112e-01    16.0496      6.362      9.227     7.2994 0.0000e+00
      6.443     -0.159    11.3286     91.678     41.788  26.998859     8.0100     5.1565     0.4686     1.3113 3.8669e-01    15.8843      6.318      9.164     7.2996 0.0000e+00
      6.396     -0.162    11.2535     91.245     41.726  26.959212     8.0100     5.1641     0.4686     1.3113 4.3333e-01    15.9745      6.273      9.098     7.3001 0.0000e+00
      6.351     -0.159    11.1785     90.919     41.667  26.922024     8.0100     6.3505     0.4686     1.3113 4.5971e-01     7.9634      6.229      9.033     7.3008 0.0000e+00
      6.310     -0.152    11.1074     90.708     41.622  26.893218     5.2200     6.3505     0.2982     1.7343 4.6031e-01     7.9183      6.188      8.974     7.3017 0.0000e+00
      6.273     -0.144    11.0441     90.603     41.589  26.873031     5.2200     6.3353     0.2982     1.7343 4.6554e-01     7.9785      6.152      8.922     7.3025 0.0000e+00
      6.239     -0.136    10.9917     90.591     41.562  26.856081     5.2200     6.3848     0.2982     1.7343 4.5159e-01     7.9634      6.119      8.874     7.3033 0.0000e+00
