Data/DataNotYetUploadedToEDI/Raw_CTD/RawDownloads/112822_fcr50_S8188008.cnv
* Sea-Bird SBE19plus  Data File:
* FileName = C:\R\Reservoirs\Data\DataNotYetUploadedToEDI\Raw_CTD\RawDownloads\112822_bvr50_S8188_0008.hex
* Software version 2.8.0.119
* Temperature SN = 8188
* Conductivity SN = 8188
* System UpLoad Time = Nov 28 2022 17:04:38
* <ApplicationData>
* <Seaterm232>
# nquan = 16
# nvalues = 1211                        
# units = specified
# name 0 = depFM: Depth [fresh water, m]
# name 1 = dz/dtM: Descent Rate [m/s]
# name 2 = sbeox0Mg/L: Oxygen, SBE 43 [mg/l]
# name 3 = sbeox0PS: Oxygen, SBE 43 [% saturation]
# name 4 = specc: Specific Conductance [uS/cm]
# name 5 = c0uS/cm: Conductivity [uS/cm]
# name 6 = wetCDOM: Fluorescence, WET Labs CDOM [mg/m^3]
# name 7 = flECO-AFL: Fluorescence, WET Labs ECO-AFL/FL [mg/m^3]
# name 8 = flECO-AFL1: Fluorescence, WET Labs ECO-AFL/FL, 2 [mg/m^3]
# name 9 = flECO-AFL2: Fluorescence, WET Labs ECO-AFL/FL, 3 [mg/m^3]
# name 10 = par/sat/log: PAR/Logarithmic, Satlantic
# name 11 = turbWETntu0: Turbidity, WET Labs ECO [NTU]
# name 12 = prdM: Pressure, Strain Gauge [db]
# name 13 = prdE: Pressure, Strain Gauge [psi]
# name 14 = tv290C: Temperature [ITS-90, deg C]
# name 15 = flag:  0.000e+00
# span 0 =     -0.706,      9.590       
# span 1 =     -0.292,      0.115       
# span 2 =     2.2654,    13.3696       
# span 3 =     18.827,    112.844       
# span 4 =      0.572,    612.375       
# span 5 =   0.401172, 403.622512       
# span 6 =    -4.5000,    43.2900       
# span 7 =    -0.1460,     9.1811       
# span 8 =    -2.1300,     0.8520       
# span 9 =    -2.0304,    12.8169       
# span 10 = 1.1595e-01, 4.1184e+02      
# span 11 =    -0.4685,   269.2774      
# span 12 =     -0.693,      9.404      
# span 13 =     -1.005,     13.640      
# span 14 =     7.2861,    10.0678      
# span 15 = 0.0000e+00, 0.0000e+00      
# interval = seconds: 0.25
# start_time = Nov 28 2022 10:13:03 [Instrument's time stamp, header]
# bad_flag = -9.990e-29
*END*
[from data line 272]
      0.341      0.023    11.5329     97.338     40.918  26.984139     4.5900     3.6649     0.0000     0.8037 1.4343e+02     1.8612      0.334      0.485     7.9725 0.0000e+00
      0.347      0.027    11.5311     97.373     40.918  26.981997     4.5900     3.6916     0.0000     0.8037 1.4228e+02     1.8462      0.340      0.493     7.9737 0.0000e+00
      0.354      0.033    11.5306     97.416     40.913  26.976532     4.5900     3.6916     0.0000     0.8037 1.4038e+02     1.9063      0.347      0.503     7.9740 0.0000e+00
      0.363      0.039    11.5317     97.453     40.909  26.970248     4.5900     3.6764     0.0000     0.8037 1.3641e+02     1.9063      0.356      0.516     7.9733 0.0000e+00
      0.374      0.044    11.5344     97.467     40.901  26.961466     4.5900     3.7450     0.0852     0.9306 1.3129e+02     1.8612      0.366      0.531     7.9718 0.0000e+00
      0.386      0.048    11.5392     97.453     40.897  26.955766     4.5900     3.7641     0.0852     0.9306 1.3351e+02     1.9063      0.379      0.549     7.9693 0.0000e+00
      0.400      0.051    11.5453     97.416     40.907  26.959544     4.5900     3.7374     0.0852     0.9306 1.2060e+02     1.8612      0.392      0.569     7.9660 0.0000e+00
      0.414      0.052    11.5509     97.371     40.919  26.965890     4.5900     3.7527     0.0852     0.9306 1.2400e+02     1.8161      0.406      0.589     7.9618 0.0000e+00
      0.428      0.053    11.5538     97.325     40.924  26.968578     4.6800     3.6802     0.0426     0.8460 1.2162e+02     1.6959      0.420      0.609     7.9574 0.0000e+00
      0.441      0.053    11.5532     97.282     40.931  26.972283     4.6800     3.6802     0.0426     0.8460 1.1885e+02     1.5606      0.433      0.627     7.9535 0.0000e+00
      0.454      0.054    11.5497     97.251     40.940  26.977993     4.6800     3.6687     0.0426     0.8460 1.2459e+02     1.6808      0.446      0.646     7.9506 0.0000e+00
      0.467      0.056    11.5449     97.237     40.943  26.979313     4.6800     3.6840     0.0426     0.8460 1.2149e+02     1.7560      0.458      0.665     7.9487 0.0000e+00
      0.481      0.060    11.5398     97.240     40.934  26.972634     4.6800     3.8213     0.0426     0.8460 1.2136e+02     1.4704      0.472      0.684     7.9474 0.0000e+00
      0.496      0.065    11.5349     97.254     40.918  26.960134     4.6800     3.8023     0.0426     0.8883 1.2013e+02     1.5907      0.486      0.705     7.9466 0.0000e+00
      0.512      0.072    11.5313     97.262     40.903  26.946400     4.6800     3.7984     0.0426     0.8883 1.1765e+02     1.6508      0.502      0.728     7.9462 0.0000e+00
      0.531      0.079    11.5297     97.248     40.893  26.935689     4.6800     3.8137     0.0426     0.8883 1.1785e+02     1.5305      0.520      0.755     7.9458 0.0000e+00
      0.553      0.084    11.5305     97.204     40.888  26.929102     4.6800     4.1151     0.0426     0.8883 1.1444e+02     1.8913      0.542      0.786     7.9447 0.0000e+00
      0.577      0.088    11.5328     97.133     40.886  26.924883     4.5900     4.1151     0.0426     1.0152 1.0417e+02     1.8161      0.566      0.821     7.9420 0.0000e+00
      0.602      0.090    11.5350     97.042     40.890  26.925867     4.5900     4.1074     0.0426     1.0152 1.0231e+02     1.9363      0.591      0.857     7.9377 0.0000e+00
      0.626      0.089    11.5348     96.944     40.902  26.932317     4.5900     4.0884     0.0426     1.0152 1.0063e+02     1.8311      0.614      0.890     7.9328 0.0000e+00
      0.648      0.085    11.5308     96.850     40.912  26.938033     4.5900     4.4660     0.0426     1.0152 1.0286e+02     1.9514      0.636      0.922     7.9285 0.0000e+00
      0.670      0.080    11.5232     96.774     40.910  26.936619     4.5900     4.5004     0.0426     0.9306 9.6706e+01     1.8762      0.656      0.952     7.9252 0.0000e+00
      0.690      0.075    11.5132     96.727     40.896  26.927700     4.5900     4.4775     0.0426     0.9306 9.6580e+01     1.8762      0.676      0.981     7.9226 0.0000e+00
      0.708      0.069    11.5021     96.716     40.885  26.920775     4.5900     4.4660     0.0426     0.9306 9.6622e+01     1.9213      0.695      1.007     7.9208 0.0000e+00
      0.725      0.064    11.4911     96.742     40.886  26.921917     4.5900     4.7102     0.0426     0.9306 9.3931e+01     1.6357      0.711      1.031     7.9202 0.0000e+00
      0.740      0.060    11.4821     96.793     40.894  26.927471     4.5900     4.7102     0.0426     0.9729 9.3972e+01     1.6207      0.726      1.053     7.9202 0.0000e+00
      0.754      0.056    11.4764     96.858     40.899  26.930999     4.5900     4.7102     0.0426     0.9729 9.4648e+01     1.5305      0.739      1.072     7.9206 0.0000e+00
      0.767      0.054    11.4750     96.925     40.896  26.929481     4.5900     4.7025     0.0426     0.9729 9.2212e+01     1.6808      0.752      1.091     7.9210 0.0000e+00
      0.780      0.053    11.4779     96.986     40.892  26.926473     4.5900     4.3096     0.0426     0.9729 9.6622e+01     1.6357      0.765      1.109     7.9215 0.0000e+00
      0.793      0.054    11.4839     97.033     40.890  26.925132     4.5900     4.3096     0.0426     0.9729 9.0584e+01     1.5305      0.778      1.128     7.9220 0.0000e+00
      0.806      0.056    11.4915     97.063     40.885  26.921142     4.5900     4.2867     0.0426     0.9306 9.4258e+01     1.4854      0.791      1.147     7.9222 0.0000e+00
      0.820      0.058    11.4995     97.077     40.880  26.917396     4.5900     4.3173     0.0426     0.9306 9.1295e+01     1.6207      0.804      1.167     7.9222 0.0000e+00
      0.835      0.061    11.5068     97.082     40.886  26.920817     4.5900     4.3516     0.0426     0.9306 9.2312e+01     1.5907      0.819      1.188     7.9221 0.0000e+00
      0.852      0.064    11.5124     97.091     40.893  26.924395     4.5900     4.3745     0.0426     0.9306 9.0191e+01     1.6207      0.835      1.211     7.9218 0.0000e+00
      0.869      0.068    11.5161     97.115     40.888  26.921168     4.5900     4.3745     0.0426     0.9729 8.7469e+01     1.6357      0.852      1.235     7.9211 0.0000e+00
      0.886      0.071    11.5180     97.157     40.885  26.918193     4.5900     4.3592     0.0426     0.9729 8.4941e+01     1.6508      0.869      1.261     7.9203 0.0000e+00
      0.905      0.073    11.5188     97.215     40.892  26.922596     4.5900     4.1227     0.0426     0.9729 8.5626e+01     1.8011      0.888      1.287     7.9195 0.0000e+00
      0.924      0.075    11.5201     97.278     40.900  26.927631     4.5900     4.1227     0.0426     0.9729 8.3277e+01     1.5305      0.906      1.314     7.9188 0.0000e+00
      0.944      0.077    11.5230     97.331     40.905  26.930683     4.5900     4.1189     0.0426     0.9306 7.8771e+01     1.6057      0.926      1.342     7.9182 0.0000e+00
      0.964      0.078    11.5282     97.366     40.909  26.932564     4.5900     4.0769     0.0426     0.9306 8.0870e+01     1.7410      0.945      1.370     7.9177 0.0000e+00
      0.984      0.080    11.5352     97.377     40.905  26.929818     4.5900     4.1647     0.0426     0.9306 8.0694e+01     1.8913      0.965      1.399     7.9172 0.0000e+00
      1.004      0.081    11.5428     97.363     40.899  26.925671     4.5900     4.1685     0.0426     0.9306 7.6511e+01     1.9514      0.985      1.428     7.9168 0.0000e+00
      1.025      0.082    11.5493     97.325     40.895  26.922976     4.5900     4.1799     0.0426     0.9306 7.7212e+01     1.8762      1.005      1.457     7.9164 0.0000e+00
      1.046      0.083    11.5535     97.265     40.898  26.924975     4.5000     4.1761     0.0852     0.9729 7.2670e+01     1.7560      1.026      1.488     7.9161 0.0000e+00
      1.067      0.084    11.5549     97.192     40.902  26.928241     4.5000     4.2486     0.0852     0.9729 6.9564e+01     1.5305      1.047      1.519     7.9159 0.0000e+00
      1.089      0.084    11.5532     97.128     40.898  26.925727     4.5000     4.2524     0.0852     0.9729 7.0600e+01     1.5907      1.069      1.549     7.9157 0.0000e+00
      1.111      0.085    11.5488     97.086     40.891  26.920720     4.5000     4.2524     0.0852     0.9729 6.8291e+01     1.5907      1.090      1.580     7.9155 0.0000e+00
      1.132      0.085    11.5416     97.072     40.883  26.915846     4.5900     4.2562     0.0852     1.0152 6.8768e+01     1.7560      1.111      1.610     7.9155 0.0000e+00
      1.154      0.086    11.5330     97.079     40.874  26.909805     4.5900     4.2219     0.0852     1.0152 6.7100e+01     1.6057      1.132      1.641     7.9157 0.0000e+00
      1.176      0.087    11.5253     97.098     40.860  26.900985     4.5900     4.2448     0.0852     1.0152 6.5174e+01     1.6658      1.153      1.672     7.9159 0.0000e+00
      1.198      0.088    11.5203     97.120     40.850  26.894955     4.5900     4.2448     0.0852     1.0152 6.3455e+01     1.5907      1.175      1.704     7.9161 0.0000e+00
      1.221      0.089    11.5186     97.135     40.854  26.898024     4.5000     4.2257     0.0426     0.9306 6.0889e+01     1.6207      1.197      1.737     7.9162 0.0000e+00
      1.244      0.090    11.5193     97.137     40.868  26.907052     4.5000     4.1303     0.0426     0.9306 5.9554e+01     1.7259      1.220      1.770     7.9165 0.0000e+00
      1.268      0.089    11.5215     97.125     40.882  26.916527     4.5000     4.0922     0.0426     0.9306 5.7569e+01     1.6508      1.243      1.803     7.9169 0.0000e+00
      1.291      0.088    11.5239     97.102     40.894  26.925016     4.5000     4.1570     0.0426     0.9306 5.5145e+01     1.6508      1.266      1.836     7.9174 0.0000e+00
      1.314      0.087    11.5256     97.076     40.903  26.930824     4.5000     4.0884     0.0852     0.8883 5.4277e+01     1.5005      1.288      1.868     7.9177 0.0000e+00
      1.336      0.084    11.5258     97.052     40.904  26.931540     4.5000     4.4431     0.0852     0.8883 5.3156e+01     1.8913      1.310      1.900     7.9179 0.0000e+00
      1.357      0.082    11.5244     97.038     40.904  26.931314     4.5000     4.4088     0.0852     0.8883 5.1485e+01     1.8913      1.331      1.930     7.9180 0.0000e+00
      1.377      0.078    11.5216     97.033     40.903  26.930086     4.5000     4.3974     0.0852     0.8883 5.1575e+01     1.8913      1.351      1.959     7.9182 0.0000e+00
      1.397      0.074    11.5184     97.032     40.899  26.927529     4.5000     4.4050     0.0852     0.8883 5.0763e+01     1.7710      1.370      1.987     7.9183 0.0000e+00
      1.416      0.069    11.5156     97.033     40.898  26.926919     4.5000     4.2295     0.0426     0.9306 4.7456e+01     1.8462      1.389      2.014     7.9183 0.0000e+00
      1.434      0.064    11.5140     97.035     40.894  26.924136     4.5000     4.2066     0.0426     0.9306 4.7291e+01     1.8011      1.406      2.040     7.9181 0.0000e+00
      1.450      0.058    11.5134     97.031     40.885  26.918436     4.5000     4.2295     0.0426     0.9306 4.6994e+01     1.8762      1.422      2.063     7.9179 0.0000e+00
      1.464      0.051    11.5133     97.020     40.881  26.916220     4.5000     4.2295     0.0426     0.9306 4.7954e+01     1.8011      1.435      2.082     7.9177 0.0000e+00
      1.475      0.046    11.5136     97.002     40.882  26.916895     4.5000     4.6568     0.0852     1.0998 4.6719e+01     1.6658      1.446      2.098     7.9176 0.0000e+00
      1.485      0.041    11.5137     96.981     40.875  26.912723     4.5000     4.6377     0.0852     1.0998 4.7148e+01     1.5305      1.456      2.112     7.9176 0.0000e+00
      1.494      0.039    11.5132     96.960     40.866  26.906550     4.5000     4.6415     0.0852     1.0998 4.6275e+01     1.5606      1.465      2.125     7.9178 0.0000e+00
      1.503      0.039    11.5119     96.948     40.864  26.904650     4.5000     4.6606     0.0852     1.0998 4.6770e+01     1.6357      1.474      2.137     7.9181 0.0000e+00
      1.512      0.040    11.5097     96.941     40.867  26.906517     4.5000     4.4813     0.0000     1.0152 4.6215e+01     1.5155      1.483      2.150     7.9184 0.0000e+00
      1.522      0.043    11.5070     96.930     40.878  26.912647     4.5000     4.4737     0.0000     1.0152 4.5755e+01     1.6207      1.492      2.164     7.9187 0.0000e+00
      1.533      0.045    11.5046     96.915     40.886  26.916757     4.5000     4.4927     0.0000     1.0152 4.5418e+01     1.5756      1.503      2.180     7.9186 0.0000e+00
      1.545      0.047    11.5033     96.899     40.886  26.915982     4.5000     4.4775     0.0000     1.0152 4.4163e+01     1.6808      1.516      2.198     7.9182 0.0000e+00
      1.559      0.048    11.5026     96.894     40.891  26.918035     4.5000     4.4813     0.0852     0.9306 4.1728e+01     1.5606      1.529      2.217     7.9175 0.0000e+00
      1.573      0.048    11.5017     96.904     40.901  26.923465     4.5000     4.4660     0.0852     0.9306 4.1646e+01     1.6658      1.542      2.237     7.9164 0.0000e+00
      1.585      0.047    11.5002     96.929     40.912  26.929758     4.5000     4.4584     0.0852     0.9306 4.1241e+01     1.6508      1.555      2.255     7.9149 0.0000e+00
      1.597      0.045    11.4989     96.966     40.920  26.934634     4.5000     4.4660     0.0852     0.9306 4.0716e+01     1.5907      1.566      2.271     7.9134 0.0000e+00
      1.608      0.042    11.4985     97.023     40.921  26.935433     4.5000     4.6873     0.0852     0.9306 4.0565e+01     1.5907      1.577      2.286     7.9122 0.0000e+00
      1.618      0.041    11.5001     97.102     40.922  26.936328     4.5000     4.6720     0.0426     0.9729 4.0521e+01     1.5606      1.586      2.301     7.9111 0.0000e+00
      1.627      0.040    11.5033     97.186     40.923  26.937558     4.5000     4.7102     0.0426     0.9729 4.0075e+01     1.5606      1.596      2.315     7.9101 0.0000e+00
      1.637      0.041    11.5078     97.261     40.919  26.935491     4.5000     4.7140     0.0426     0.9729 4.0548e+01     1.6057      1.606      2.329     7.9096 0.0000e+00
      1.647      0.042    11.5146     97.316     40.915  26.933536     4.5000     4.5080     0.0426     0.9729 4.0232e+01     1.5606      1.616      2.343     7.9097 0.0000e+00
      1.658      0.043    11.5238     97.346     40.918  26.935131     4.5000     4.5500     0.0426     1.0998 4.0451e+01     1.6508      1.626      2.358     7.9102 0.0000e+00
      1.670      0.045    11.5336     97.357     40.921  26.936742     4.5000     4.5500     0.0426     1.0998 3.9513e+01     1.5907      1.638      2.375     7.9108 0.0000e+00
      1.682      0.046    11.5423     97.355     40.918  26.934838     4.5000     4.5385     0.0426     1.0998 3.8739e+01     1.5606      1.650      2.392     7.9114 0.0000e+00
      1.694      0.047    11.5487     97.344     40.916  26.932872     4.5000     4.5576     0.0426     1.0998 3.9035e+01     1.6959      1.661      2.410     7.9119 0.0000e+00
      1.706      0.048    11.5524     97.326     40.920  26.934278     4.5000     4.5767     0.0426     0.9306 3.8933e+01     1.7109      1.673      2.426     7.9119 0.0000e+00
      1.717      0.050    11.5537     97.306     40.923  26.935472     4.5000     4.5156     0.0426     0.9306 3.9316e+01     1.5907      1.684      2.443     7.9115 0.0000e+00
      1.729      0.053    11.5536     97.284     40.921  26.932813     4.5000     4.5728     0.0426     0.9306 3.8588e+01     1.5756      1.696      2.460     7.9110 0.0000e+00
      1.742      0.057    11.5525     97.260     40.918  26.929551     4.5000     4.6301     0.0426     0.9306 3.8672e+01     1.6808      1.709      2.479     7.9104 0.0000e+00
