Data/DataNotYetUploadedToEDI/Raw_CTD/RawDownloads/112822_bvr50_S7809007.cnv
* Sea-Bird SBE19plus  Data File:
* FileName = C:\R\Reservoirs\Data\DataNotYetUploadedToEDI\Raw_CTD\RawDownloads\112822_bvr50_S7809_0007.hex
* Software version 2.8.0.119
* Temperature SN = 7809
* Conductivity SN = 7809
* System UpLoad Time = Nov 28 2022 16:47:44
* <ApplicationData>
* <Seaterm232>
# nquan = 15
# nvalues = 1075                        
# units = specified
# name 0 = depFM: Depth [fresh water, m]
# name 1 = dz/dtM: Descent Rate [m/s]
# name 2 = sbeox0Mg/L: Oxygen, SBE 43 [mg/l]
# name 3 = sbeox0PS: Oxygen, SBE 43 [% saturation]
# name 4 = specc: Specific Conductance [uS/cm]
# name 5 = c0uS/cm: Conductivity [uS/cm]
# name 6 = flECO-AFL: Fluorescence, WET Labs ECO-AFL/FL [mg/m^3]
# name 7 = ph: pH
# name 8 = orp: Oxidation Reduction Potential [mV]
# name 9 = par/sat/log: PAR/Logarithmic, Satlantic
# name 10 = turbWETntu0: Turbidity, WET Labs ECO [NTU]
# name 11 = prdM: Pressure, Strain Gauge [db]
# name 12 = prdE: Pressure, Strain Gauge [psi]
# name 13 = tv290C: Temperature [ITS-90, deg C]
# name 14 = flag:  0.000e+00
# span 0 =     -0.806,      7.598       
# span 1 =     -0.420,      0.315       
# span 2 =     6.2842,     9.1579       
# span 3 =     51.656,     74.991       
# span 4 =      3.545,     40.785       
# span 5 =   2.518162,  26.510647       
# span 6 =    -0.8172,   227.2877       
# span 7 =      1.877,      8.124       
# span 8 = -1235.3393,   519.3025       
# span 9 = 1.2367e-01, 2.6574e+03       
# span 10 =    -0.3496,    10.3774      
# span 11 =     -0.791,      7.452      
# span 12 =     -1.147,     10.808      
# span 13 =     6.5134,    10.5893      
# span 14 = 0.0000e+00, 0.0000e+00      
# interval = seconds: 0.25
# start_time = Nov 28 2022 08:05:51 [Instrument's time stamp, header]
# bad_flag = -9.990e-29
*END*
[from data line 290]
      1.965      0.064     7.9382     64.795     37.183  23.451539     1.9083      7.957   285.4957 2.0827e+01    10.0334      1.927      2.794     6.5426 0.0000e+00
      1.967      0.066     7.9588     64.690     37.204  23.462996     1.9262      7.957   285.4923 2.0694e+01    10.0646      1.929      2.798     6.5444 0.0000e+00
      1.972      0.065     7.9650     64.595     37.185  23.451417     1.9142      7.959   285.7820 2.0500e+01    10.0439      1.932      2.802     6.5448 0.0000e+00
      1.983      0.059     7.9609     64.610     37.164  23.438284     1.8887      7.962   285.9005 2.0297e+01    10.0220      1.939      2.812     6.5460 0.0000e+00
      2.006      0.048     7.9675     64.725     37.154  23.430961     1.8501      7.963   285.7207 1.9885e+01     9.9704      1.964      2.848     6.5486 0.0000e+00
      2.036      0.036     7.9624     64.824     37.146  23.426248     1.8304      7.961   285.5877 1.9548e+01     9.9322      2.002      2.902     6.5489 0.0000e+00
      2.060      0.030     7.9459     64.847     37.173  23.444673     1.8253      7.959   285.5826 1.9449e+01     9.9018      2.025      2.937     6.5452 0.0000e+00
      2.071      0.028     7.9580     64.862     37.200  23.463613     1.8303      7.957   285.5728 1.9377e+01     9.9110      2.033      2.949     6.5388 0.0000e+00
      2.076      0.029     7.9648     64.907     37.200  23.465133     1.8492      7.956   285.6412 1.9297e+01    10.0093      2.034      2.950     6.5331 0.0000e+00
      2.085      0.030     7.9424     64.938     37.196  23.463047     1.8544      7.953   285.8067 1.9113e+01    10.0648      2.041      2.961     6.5311 0.0000e+00
      2.100      0.034     7.9273     64.884     37.157  23.438387     1.8506      7.952   285.9398 1.8802e+01    10.0356      2.063      2.992     6.5319 0.0000e+00
      2.109      0.040     7.9282     64.740     37.132  23.420476     1.8538      7.951   285.9596 1.8684e+01    10.0326      2.072      3.006     6.5317 0.0000e+00
      2.110      0.046     7.9503     64.658     37.162  23.436607     1.8597      7.951   285.9599 1.8796e+01    10.0619      2.068      2.999     6.5301 0.0000e+00
      2.112      0.048     7.9669     64.669     37.175  23.443303     1.8639      7.951   286.0294 1.8761e+01    10.0829      2.069      3.000     6.5300 0.0000e+00
      2.119      0.047     7.9626     64.665     37.169  23.438058     1.8634      7.953   286.1114 1.8560e+01    10.0809      2.076      3.013     6.5328 0.0000e+00
      2.129      0.043     7.9619     64.674     37.168  23.436566     1.8535      7.954   286.1776 1.8470e+01    10.0715      2.086      3.026     6.5362 0.0000e+00
      2.143      0.036     7.9708     64.665     37.151  23.425262     1.8522      7.954   286.2274 1.8338e+01    10.0721      2.099      3.045     6.5379 0.0000e+00
      2.159      0.030     7.9758     64.633     37.156  23.428124     1.8635      7.955   286.1970 1.8102e+01    10.0548      2.118      3.072     6.5391 0.0000e+00
      2.174      0.027     7.9751     64.676     37.223  23.471168     1.8658      7.956   286.0690 1.7926e+01    10.0670      2.133      3.095     6.5386 0.0000e+00
      2.184      0.026     7.9448     64.730     37.272  23.502079     1.8563      7.958   286.1421 1.7769e+01    10.1170      2.142      3.107     6.5352 0.0000e+00
      2.194      0.027     7.9321     64.708     37.244  23.484995     1.8318      7.960   286.3926 1.7534e+01    10.1134      2.150      3.119     6.5314 0.0000e+00
      2.203      0.027     7.9491     64.697     37.196  23.454731     1.8016      7.960   286.5160 1.7232e+01    10.0915      2.161      3.135     6.5290 0.0000e+00
      2.210      0.027     7.9376     64.753     37.194  23.453041     1.7911      7.960   286.6021 1.7060e+01    10.0915      2.168      3.145     6.5272 0.0000e+00
      2.214      0.026     7.9449     64.810     37.212  23.464556     1.7961      7.960   286.5731 1.7004e+01    10.0788      2.171      3.149     6.5258 0.0000e+00
      2.217      0.022     7.9472     64.834     37.216  23.467209     1.7786      7.960   286.2517 1.6825e+01    10.0744      2.173      3.151     6.5251 0.0000e+00
      2.224      0.017     7.9306     64.794     37.244  23.485120     1.7382      7.960   286.0709 1.6523e+01    10.1079      2.178      3.160     6.5251 0.0000e+00
      2.234      0.012     7.9437     64.726     37.253  23.490995     1.7148      7.960   286.3666 1.6316e+01    10.1414      2.191      3.177     6.5256 0.0000e+00
      2.244      0.009     7.9568     64.710     37.226  23.474864     1.7118      7.961   286.6436 1.6277e+01    10.1374      2.202      3.193     6.5262 0.0000e+00
      2.251      0.008     7.9464     64.732     37.231  23.480195     1.7192      7.961   286.6667 1.6289e+01    10.0262      2.209      3.204     6.5269 0.0000e+00
      2.255      0.008     7.9399     64.792     37.247  23.492089     1.7370      7.962   286.4738 1.6342e+01     9.8895      2.211      3.207     6.5269 0.0000e+00
      2.259      0.011     7.9556     64.853     37.243  23.491929     1.7533      7.963   286.1179 1.6358e+01     9.9195      2.215      3.213     6.5266 0.0000e+00
      2.259      0.020     7.9597     64.824     37.219  23.478263     1.7574      7.967   286.2354 1.6258e+01     9.9789      2.218      3.217     6.5266 0.0000e+00
      2.258      0.034     7.9666     64.723     37.180  23.453598     1.7794      7.973   286.8628 1.6196e+01     9.9931      2.212      3.208     6.5268 0.0000e+00
      2.259      0.048     7.9612     64.714     37.172  23.447209     1.8271      7.979   287.3368 1.6222e+01    10.0569      2.211      3.208     6.5270 0.0000e+00
      2.264      0.058     7.9436     64.805     37.203  23.464388     1.8594      7.983   287.4058 1.6249e+01    10.1007      2.223      3.223     6.5271 0.0000e+00
      2.269      0.063     7.9483     64.833     37.217  23.471178     1.8699      7.983   287.1812 1.6238e+01    10.1131      2.228      3.231     6.5283 0.0000e+00
      2.270      0.063     7.9463     64.790     37.209  23.465931     1.8631      7.981   286.7722 1.6290e+01    10.1041      2.225      3.227     6.5312 0.0000e+00
      2.273      0.059     7.9556     64.777     37.207  23.464317     1.8196      7.979   286.5041 1.6390e+01    10.0257      2.226      3.228     6.5350 0.0000e+00
      2.284      0.049     7.9675     64.830     37.187  23.451661     1.7508      7.977   286.6926 1.6205e+01     9.9167      2.235      3.241     6.5373 0.0000e+00
      2.309      0.039     7.9661     64.886     37.169  23.439658     1.7063      7.975   286.8150 1.5700e+01     9.8456      2.261      3.279     6.5391 0.0000e+00
      2.340      0.033     7.9398     64.875     37.179  23.445943     1.6968      7.973   286.7791 1.5330e+01     9.8153      2.300      3.335     6.5400 0.0000e+00
      2.362      0.033     7.9378     64.809     37.209  23.464273     1.7356      7.971   287.0327 1.5245e+01     9.8578      2.324      3.371     6.5369 0.0000e+00
      2.371      0.036     7.9656     64.783     37.220  23.471169     1.8178      7.970   287.2994 1.5093e+01     9.9830      2.326      3.374     6.5328 0.0000e+00
      2.374      0.038     7.9654     64.808     37.210  23.465941     1.8675      7.968   287.4229 1.4783e+01    10.0657      2.327      3.375     6.5309 0.0000e+00
      2.378      0.038     7.9546     64.813     37.207  23.464440     1.8616      7.966   287.4078 1.4610e+01    10.0721      2.333      3.383     6.5306 0.0000e+00
      2.384      0.034     7.9510     64.793     37.188  23.453021     1.8371      7.964   287.2880 1.4555e+01    10.0947      2.336      3.389     6.5303 0.0000e+00
      2.394      0.029     7.9617     64.740     37.190  23.454628     1.8221      7.963   287.1796 1.4371e+01    10.1336      2.347      3.404     6.5300 0.0000e+00
      2.406      0.026     7.9724     64.708     37.237  23.483863     1.8218      7.963   287.1300 1.4131e+01    10.1326      2.361      3.424     6.5300 0.0000e+00
      2.419      0.025     7.9716     64.755     37.246  23.489624     1.8255      7.963   287.3761 1.3936e+01    10.1163      2.372      3.439     6.5296 0.0000e+00
      2.431      0.026     7.9566     64.742     37.200  23.460913     1.8496      7.963   287.6606 1.3835e+01    10.1075      2.386      3.460     6.5290 0.0000e+00
      2.440      0.026     7.9518     64.672     37.189  23.453589     1.8966      7.963   287.6443 1.3876e+01    10.0954      2.394      3.472     6.5292 0.0000e+00
      2.445      0.026     7.9630     64.649     37.206  23.464452     1.9192      7.963   287.5231 1.3836e+01    10.1064      2.398      3.479     6.5301 0.0000e+00
      2.447      0.025     7.9590     64.617     37.207  23.465499     1.9075      7.962   287.4865 1.3743e+01    10.1040      2.401      3.482     6.5313 0.0000e+00
      2.449      0.022     7.9588     64.590     37.206  23.466255     1.8970      7.962   287.2866 1.3817e+01    10.0661      2.399      3.480     6.5320 0.0000e+00
      2.455      0.017     7.9528     64.604     37.214  23.473595     1.9004      7.963   286.9131 1.3745e+01    10.0578      2.405      3.487     6.5318 0.0000e+00
      2.467      0.015     7.9359     64.617     37.236  23.490879     1.9145      7.965   286.9286 1.3409e+01    10.0722      2.419      3.507     6.5317 0.0000e+00
      2.480      0.020     7.9595     64.639     37.224  23.485108     1.9341      7.968   287.3016 1.3249e+01    10.0691      2.435      3.532     6.5319 0.0000e+00
      2.487      0.030     7.9556     64.681     37.196  23.467196     1.9377      7.972   287.6381 1.3327e+01    10.0550      2.442      3.542     6.5316 0.0000e+00
      2.488      0.041     7.9339     64.697     37.196  23.464426     1.9247      7.974   287.7275 1.3323e+01    10.0385      2.440      3.538     6.5312 0.0000e+00
      2.488      0.047     7.9440     64.707     37.179  23.451620     1.9263      7.974   287.6070 1.3223e+01    10.0399      2.439      3.537     6.5314 0.0000e+00
      2.490      0.048     7.9343     64.757     37.159  23.439096     1.9406      7.973   287.4722 1.3176e+01    10.0728      2.443      3.544     6.5321 0.0000e+00
      2.491      0.047     7.9278     64.811     37.157  23.439760     1.9319      7.972   287.1309 1.3163e+01    10.0941      2.442      3.544     6.5337 0.0000e+00
      2.494      0.046     7.9344     64.822     37.186  23.459654     1.8959      7.974   286.6633 1.3058e+01    10.0931      2.441      3.542     6.5370 0.0000e+00
      2.509      0.048     7.9331     64.796     37.233  23.489499     1.8622      7.978   286.7231 1.2739e+01    10.0941      2.456      3.563     6.5416 0.0000e+00
      2.534      0.053     7.9328     64.765     37.226  23.483737     1.8581      7.982   287.3373 1.2366e+01    10.1058      2.486      3.606     6.5452 0.0000e+00
      2.555      0.061     7.9434     64.731     37.182  23.453360     1.8711      7.985   287.8092 1.2228e+01    10.0987      2.511      3.642     6.5444 0.0000e+00
      2.566      0.068     7.9445     64.690     37.163  23.439081     1.8528      7.986   287.8688 1.2265e+01    10.0424      2.519      3.654     6.5403 0.0000e+00
      2.568      0.069     7.9416     64.681     37.163  23.437844     1.8111      7.986   287.7135 1.2267e+01    10.0401      2.519      3.654     6.5363 0.0000e+00
      2.570      0.063     7.9519     64.703     37.164  23.438401     1.8002      7.984   287.5660 1.2169e+01    10.1042      2.518      3.652     6.5363 0.0000e+00
      2.578      0.053     7.9595     64.750     37.176  23.445818     1.8127      7.982   287.5486 1.1953e+01    10.1345      2.523      3.659     6.5400 0.0000e+00
      2.598      0.039     7.9607     64.809     37.205  23.464148     1.8130      7.981   287.5893 1.1615e+01    10.0982      2.543      3.689     6.5426 0.0000e+00
      2.631      0.026     7.9545     64.807     37.214  23.469910     1.8040      7.980   287.5418 1.1258e+01    10.0419      2.580      3.744     6.5437 0.0000e+00
      2.662      0.019     7.9510     64.731     37.185  23.452102     1.8117      7.980   287.2316 1.1008e+01    10.0691      2.617      3.795     6.5417 0.0000e+00
      2.679      0.022     7.9503     64.646     37.163  23.438965     1.8308      7.981   287.0225 1.0889e+01    10.1196      2.633      3.818     6.5372 0.0000e+00
      2.683      0.035     7.9410     64.627     37.161  23.437824     1.8934      7.985   287.3366 1.0852e+01    10.1056      2.634      3.819     6.5336 0.0000e+00
      2.681      0.050     7.9419     64.647     37.162  23.438296     2.0106      7.989   287.7602 1.0861e+01    10.0706      2.628      3.812     6.5320 0.0000e+00
      2.682      0.060     7.9458     64.646     37.173  23.444675     2.0750      7.991   287.9282 1.0864e+01    10.0725      2.626      3.809     6.5319 0.0000e+00
      2.689      0.063     7.9482     64.655     37.185  23.451580     2.0811      7.991   287.9904 1.0796e+01    10.0940      2.636      3.823     6.5321 0.0000e+00
      2.697      0.060     7.9639     64.694     37.196  23.458399     2.0851      7.989   287.9967 1.0719e+01    10.0576      2.647      3.839     6.5322 0.0000e+00
      2.702      0.053     7.9616     64.747     37.204  23.463751     2.0647      7.987   287.8324 1.0682e+01    10.0079      2.649      3.843     6.5325 0.0000e+00
      2.710      0.041     7.9503     64.769     37.185  23.452917     2.0342      7.985   287.7250 1.0548e+01    10.0738      2.652      3.846     6.5327 0.0000e+00
      2.730      0.026     7.9338     64.759     37.184  23.454163     2.0322      7.983   287.6439 1.0195e+01    10.1714      2.673      3.876     6.5339 0.0000e+00
      2.761      0.013     7.9329     64.763     37.220  23.478814     2.0312      7.982   287.1956 9.8192e+00    10.1294      2.711      3.932     6.5349 0.0000e+00
      2.787      0.011     7.9426     64.801     37.249  23.497471     1.9894      7.984   286.6070 9.6987e+00    10.0437      2.741      3.975     6.5342 0.0000e+00
      2.798      0.025     7.9360     64.846     37.238  23.489625     1.9357      7.992   286.2910 9.7512e+00    10.0230      2.747      3.983     6.5331 0.0000e+00
      2.798      0.050     7.9394     64.872     37.174  23.447313     1.9147      8.003   286.3870 9.7735e+00    10.0504      2.745      3.981     6.5322 0.0000e+00
      2.797      0.080     7.9428     64.887     37.149  23.429506     1.9174      8.016   286.8220 9.7623e+00    10.1011      2.743      3.978     6.5318 0.0000e+00
      2.797      0.110     7.9535     64.893     37.208  23.464437     1.8935      8.028   287.2482 9.7702e+00    10.1578      2.742      3.977     6.5319 0.0000e+00
      2.797      0.133     7.9560     64.847     37.249  23.489417     1.8337      8.038   287.4105 9.7527e+00    10.2574      2.744      3.979     6.5333 0.0000e+00
      2.798      0.144     7.9504     64.734     37.232  23.478026     1.8016      8.041   287.4070 9.6527e+00    10.3491      2.743      3.977     6.5366 0.0000e+00
      2.804      0.140     7.9500     64.650     37.193  23.453465     1.8136      8.041   287.4643 9.4516e+00    10.3451      2.745      3.980     6.5392 0.0000e+00
      2.826      0.120     7.9558     64.634     37.181  23.445953     1.8289      8.037   287.5870 9.1400e+00    10.2426      2.764      4.009     6.5398 0.0000e+00
      2.867      0.091     7.9636     64.624     37.188  23.450573     1.8369      8.032   287.6003 8.7223e+00    10.1002      2.808      4.072     6.5392 0.0000e+00
      2.919      0.061     7.9658     64.623     37.180  23.445953     1.8438      8.027   287.2807 8.2318e+00    10.0241      2.863      4.153     6.5364 0.0000e+00
      2.969      0.038     7.9681     64.640     37.190  23.453465     1.8541      8.022   286.7337 7.7892e+00    10.0396      2.915      4.228     6.5326 0.0000e+00
