Data/DataNotYetUploadedToEDI/Raw_CTD/RawDownloads/112822_fcr50_S8188008.cnv
* Sea-Bird SBE19plus  Data File:
* FileName = C:\R\Reservoirs\Data\DataNotYetUploadedToEDI\Raw_CTD\RawDownloads\112822_bvr50_S8188_0008.hex
* Software version 2.8.0.119
* Temperature SN = 8188
* Conductivity SN = 8188
* System UpLoad Time = Nov 28 2022 17:04:38
* <ApplicationData>
* <Seaterm232>
# nquan = 16
# nvalues = 1211                        
# units = specified
# name 0 = depFM: Depth [fresh water, m]
# name 1 = dz/dtM: Descent Rate [m/s]
# name 2 = sbeox0Mg/L: Oxygen, SBE 43 [mg/l]
# name 3 = sbeox0PS: Oxygen, SBE 43 [% saturation]
# name 4 = specc: Specific Conductance [uS/cm]
# name 5 = c0uS/cm: Conductivity [uS/cm]
# name 6 = wetCDOM: Fluorescence, WET Labs CDOM [mg/m^3]
# name 7 = flECO-AFL: Fluorescence, WET Labs ECO-AFL/FL [mg/m^3]
# name 8 = flECO-AFL1: Fluorescence, WET Labs ECO-AFL/FL, 2 [mg/m^3]
# name 9 = flECO-AFL2: Fluorescence, WET Labs ECO-AFL/FL, 3 [mg/m^3]
# name 10 = par/sat/log: PAR/Logarithmic, Satlantic
# name 11 = turbWETntu0: Turbidity, WET Labs ECO [NTU]
# name 12 = prdM: Pressure, Strain Gauge [db]
# name 13 = prdE: Pressure, Strain Gauge [psi]
# name 14 = tv290C: Temperature [ITS-90, deg C]
# name 15 = flag:  0.000e+00
# span 0 =     -0.706,      9.590       
# span 1 =     -0.292,      0.115       
# span 2 =     2.2654,    13.3696       
# span 3 =     18.827,    112.844       
# span 4 =      0.572,    612.375       
# span 5 =   0.401172, 403.622512       
# span 6 =    -4.5000,    43.2900       
# span 7 =    -0.1460,     9.1811       
# span 8 =    -2.1300,     0.8520       
# span 9 =    -2.0304,    12.8169       
# span 10 = 1.1595e-01, 4.1184e+02      
# span 11 =    -0.4685,   269.2774      
# span 12 =     -0.693,      9.404      
# span 13 =     -1.005,     13.640      
# span 14 =     7.2861,    10.0678      
# span 15 = 0.0000e+00, 0.0000e+00      
# interval = seconds: 0.25
# start_time = Nov 28 2022 10:13:03 [Instrument's time stamp, header]
# bad_flag = -9.990e-29
*END*
[from data line 633]
      6.586      0.075    11.3282     93.860     40.954  26.453664     4.6800     7.2165     0.0426     1.0575 2.8041e-01     1.7860      6.458      9.367     7.2970 0.0000e+00
      6.604      0.075    11.3251     93.802     40.966  26.461198     4.6800     7.2279     0.0852     1.1421 2.9293e-01     1.8462      6.476      9.393     7.2962 0.0000e+00
      6.623      0.073    11.3212     93.756     40.967  26.461133     4.6800     7.2279     0.0852     1.1421 3.1856e-01     1.8462      6.495      9.420     7.2955 0.0000e+00
      6.642      0.072    11.3159     93.721     40.967  26.461369     4.6800     7.2355     0.0852     1.1421 2.9774e-01     1.8161      6.513      9.447     7.2951 0.0000e+00
      6.661      0.069    11.3092     93.691     40.973  26.465929     4.6800     8.0443     0.0852     1.1421 2.5012e-01     1.9514      6.532      9.475     7.2948 0.0000e+00
      6.679      0.066    11.3023     93.666     40.970  26.464150     4.6800     8.0328     0.0852     1.1421 2.3767e-01     1.8762      6.550      9.500     7.2944 0.0000e+00
      6.696      0.063    11.2968     93.649     40.956  26.455558     4.6800     8.0252     0.0426     1.3113 2.5982e-01     1.7860      6.566      9.523     7.2942 0.0000e+00
      6.710      0.061    11.2925     93.651     40.941  26.445781     4.6800     8.0023     0.0426     1.3113 2.4990e-01     1.8762      6.580      9.544     7.2942 0.0000e+00
      6.724      0.061    11.2888     93.671     40.938  26.444089     4.6800     7.3462     0.0426     1.3113 2.4157e-01     1.8612      6.594      9.564     7.2946 0.0000e+00
      6.738      0.062    11.2856     93.699     40.943  26.446072     4.6800     7.3500     0.0426     1.3113 2.5340e-01     1.9965      6.608      9.584     7.2953 0.0000e+00
      6.754      0.065    11.2834     93.722     40.936  26.440380     4.6800     7.3385     0.0852     1.2690 2.8292e-01     1.8612      6.624      9.606     7.2959 0.0000e+00
      6.771      0.068    11.2836     93.744     40.933  26.437375     4.6800     7.3538     0.0852     1.2690 2.5495e-01     1.8612      6.640      9.630     7.2961 0.0000e+00
      6.789      0.071    11.2861     93.764     40.945  26.444172     4.6800     7.3881     0.0852     1.2690 2.4453e-01     1.9664      6.658      9.657     7.2957 0.0000e+00
      6.808      0.074    11.2898     93.772     40.963  26.454667     4.6800     7.4072     0.0852     1.2690 2.4512e-01     2.0866      6.677      9.684     7.2946 0.0000e+00
      6.828      0.076    11.2930     93.754     40.978  26.463738     4.6800     7.4072     0.0852     1.1421 2.0241e-01     2.1017      6.696      9.712     7.2931 0.0000e+00
      6.848      0.077    11.2960     93.709     40.988  26.469845     4.6800     7.4034     0.0852     1.1421 2.2618e-01     2.1017      6.716      9.740     7.2916 0.0000e+00
      6.868      0.077    11.2989     93.653     40.990  26.470657     4.6800     7.4797     0.0852     1.1421 2.0210e-01     2.0115      6.735      9.768     7.2903 0.0000e+00
      6.887      0.077    11.3000     93.602     40.977  26.462432     4.6800     7.4682     0.0852     1.1421 2.0259e-01     2.1317      6.754      9.796     7.2893 0.0000e+00
      6.907      0.076    11.2981     93.564     40.960  26.450895     4.6800     7.4759     0.0852     1.1844 1.7941e-01     2.1017      6.773      9.824     7.2886 0.0000e+00
      6.927      0.075    11.2929     93.536     40.945  26.440887     4.6800     7.4873     0.0852     1.1844 1.9372e-01     2.0416      6.793      9.852     7.2881 0.0000e+00
      6.946      0.073    11.2862     93.515     40.934  26.433701     4.6800     6.8502     0.0852     1.1844 1.8459e-01     2.0566      6.812      9.880     7.2877 0.0000e+00
      6.965      0.071    11.2802     93.506     40.936  26.435337     4.6800     6.8541     0.0852     1.1844 1.9133e-01     2.0716      6.830      9.906     7.2874 0.0000e+00
      6.982      0.070    11.2756     93.511     40.953  26.446233     4.6800     6.8464     0.0852     1.1844 1.9380e-01     2.1167      6.847      9.931     7.2871 0.0000e+00
      6.999      0.069    11.2723     93.526     40.971  26.457416     4.7700     6.8693     0.0852     1.1844 1.6091e-01     2.0416      6.864      9.955     7.2869 0.0000e+00
      7.016      0.068    11.2698     93.554     40.981  26.463950     4.7700     6.7205     0.0852     1.1844 1.9030e-01     1.8161      6.881      9.979     7.2868 0.0000e+00
      7.033      0.069    11.2688     93.593     40.986  26.467576     4.7700     6.7396     0.0852     1.1844 1.7309e-01     1.8612      6.897     10.004     7.2866 0.0000e+00
      7.051      0.070    11.2693     93.636     40.989  26.469262     4.7700     6.7244     0.0852     1.1844 1.6656e-01     1.8462      6.914     10.028     7.2865 0.0000e+00
      7.068      0.071    11.2712     93.678     40.982  26.465497     4.6800     6.7472     0.0426     1.1421 1.7193e-01     1.8462      6.932     10.053     7.2864 0.0000e+00
      7.087      0.073    11.2746     93.718     40.966  26.455278     4.6800     6.7320     0.0426     1.1421 1.7598e-01     2.1017      6.950     10.079     7.2864 0.0000e+00
      7.106      0.073    11.2793     93.750     40.954  26.447758     4.6800     6.7015     0.0426     1.1421 1.4425e-01     2.1167      6.969     10.107     7.2865 0.0000e+00
      7.125      0.074    11.2844     93.766     40.956  26.448851     4.6800     6.7358     0.0426     1.1421 1.6430e-01     2.1017      6.988     10.135     7.2866 0.0000e+00
      7.145      0.074    11.2893     93.766     40.965  26.454887     4.6800     6.7282     0.0426     1.1844 1.5521e-01     2.1017      7.007     10.162     7.2869 0.0000e+00
      7.164      0.074    11.2941     93.755     40.967  26.455600     4.6800     6.7549     0.0426     1.1844 1.2659e-01     2.0115      7.025     10.189     7.2872 0.0000e+00
      7.182      0.074    11.2979     93.742     40.960  26.451178     4.6800     6.9799     0.0426     1.1844 1.5290e-01     2.0416      7.043     10.215     7.2874 0.0000e+00
      7.200      0.073    11.2998     93.737     40.962  26.452322     4.6800     6.9532     0.0426     1.1844 1.5514e-01     2.1167      7.061     10.242     7.2876 0.0000e+00
      7.219      0.074    11.2998     93.741     40.967  26.455376     4.6800     6.9799     0.0426     1.1844 1.3198e-01     2.1017      7.080     10.268     7.2876 0.0000e+00
      7.238      0.074    11.2984     93.755     40.970  26.457195     4.6800     6.9799     0.0426     1.1844 1.4350e-01     2.1768      7.098     10.295     7.2877 0.0000e+00
      7.257      0.074    11.2969     93.779     40.978  26.462224     4.6800     7.0448     0.0426     1.1844 1.3772e-01     2.1167      7.117     10.322     7.2876 0.0000e+00
      7.277      0.074    11.2964     93.811     40.981  26.463886     4.6800     7.0486     0.0426     1.1844 1.3204e-01     2.0566      7.136     10.350     7.2875 0.0000e+00
      7.296      0.073    11.2970     93.841     40.973  26.458663     4.6800     7.0486     0.0426     1.1844 1.3464e-01     2.0566      7.155     10.377     7.2873 0.0000e+00
      7.315      0.071    11.2988     93.860     40.964  26.453083     4.6800     7.0219     0.0426     1.1421 1.2322e-01     2.0416      7.173     10.404     7.2870 0.0000e+00
      7.333      0.068    11.3017     93.862     40.959  26.449615     4.6800     7.0524     0.0426     1.1421 1.1788e-01     2.0566      7.191     10.430     7.2868 0.0000e+00
      7.351      0.065    11.3055     93.844     40.949  26.443377     4.6800     7.0334     0.0426     1.1421 1.2026e-01     2.0265      7.208     10.455     7.2866 0.0000e+00
      7.367      0.061    11.3092     93.807     40.932  26.432705     4.6800     7.0257     0.0426     1.1421 1.1770e-01     2.1768      7.224     10.478     7.2865 0.0000e+00
      7.382      0.057    11.3115     93.754     40.923  26.426630     4.6800     7.0295     0.0852     1.2267 1.2338e-01     2.1768      7.239     10.499     7.2863 0.0000e+00
      7.395      0.054    11.3118     93.693     40.925  26.427493     4.6800     7.9718     0.0852     1.2267 1.2013e-01     2.0416      7.252     10.518     7.2862 0.0000e+00
      7.407      0.052    11.3096     93.630     40.931  26.431565     4.6800     7.9603     0.0852     1.2267 1.2000e-01     2.1768      7.264     10.536     7.2861 0.0000e+00
      7.419      0.051    11.3051     93.571     40.950  26.443889     4.6800     7.9413     0.0852     1.2267 1.1655e-01     2.0866      7.276     10.553     7.2861 0.0000e+00
      7.432      0.052    11.2988     93.519     40.974  26.459835     4.6800     7.9298     0.0426     1.0575 1.1620e-01     2.1768      7.288     10.570     7.2861 0.0000e+00
      7.445      0.055    11.2914     93.479     40.987  26.467816     4.6800     7.4186     0.0426     1.0575 1.3447e-01     2.0566      7.301     10.589     7.2861 0.0000e+00
      7.459      0.057    11.2839     93.453     40.996  26.473921     4.6800     7.3958     0.0426     1.0575 1.5507e-01     2.0716      7.315     10.609     7.2861 0.0000e+00
      7.474      0.061    11.2767     93.431     41.005  26.479777     4.6800     7.4301     0.0426     1.0575 1.2656e-01     2.1167      7.329     10.630     7.2862 0.0000e+00
      7.490      0.064    11.2704     93.407     41.004  26.479026     4.6800     7.4148     0.0426     1.2267 1.3447e-01     2.0115      7.345     10.653     7.2863 0.0000e+00
      7.507      0.066    11.2656     93.375     40.999  26.475429     4.6800     7.1020     0.0426     1.2267 1.2018e-01     1.9814      7.362     10.677     7.2864 0.0000e+00
      7.525      0.068    11.2624     93.343     40.993  26.471986     4.6800     7.0944     0.0426     1.2267 1.2338e-01     1.8161      7.379     10.702     7.2864 0.0000e+00
      7.542      0.070    11.2598     93.324     40.993  26.471736     4.6800     7.0677     0.0426     1.2267 1.1612e-01     1.7860      7.396     10.727     7.2865 0.0000e+00
      7.560      0.070    11.2569     93.333     40.991  26.470656     4.6800     7.0753     0.0426     1.2267 1.1610e-01     1.8462      7.414     10.753     7.2865 0.0000e+00
      7.578      0.070    11.2531     93.374     40.976  26.460537     4.6800     6.9113     0.0852     1.3113 1.2031e-01     1.8011      7.432     10.779     7.2864 0.0000e+00
      7.597      0.069    11.2492     93.448     40.960  26.450560     4.6800     6.9189     0.0852     1.3113 1.1610e-01     1.9063      7.450     10.805     7.2864 0.0000e+00
      7.615      0.068    11.2470     93.550     40.959  26.449942     4.6800     6.9380     0.0852     1.3113 1.3135e-01     1.8462      7.468     10.831     7.2863 0.0000e+00
      7.632      0.068    11.2480     93.670     40.966  26.454558     4.6800     6.9227     0.0852     1.3113 1.1617e-01     1.7710      7.484     10.855     7.2863 0.0000e+00
      7.648      0.067    11.2530     93.793     40.977  26.461681     4.6800     6.5069     0.0426     1.2690 1.1595e-01     1.7410      7.500     10.878     7.2863 0.0000e+00
      7.664      0.066    11.2618     93.907     40.989  26.469251     4.6800     6.4650     0.0426     1.2690 1.1640e-01     1.8762      7.516     10.901     7.2864 0.0000e+00
      7.682      0.065    11.2741     94.001     40.992  26.471367     4.6800     6.4917     0.0426     1.2690 1.1623e-01     1.8311      7.533     10.926     7.2865 0.0000e+00
      7.699      0.063    11.2886     94.069     40.988  26.468594     4.6800     6.4802     0.0426     1.2690 1.1643e-01     1.8011      7.550     10.951     7.2865 0.0000e+00
      7.716      0.060    11.3034     94.115     40.981  26.464151     4.7700     7.4873     0.0426     1.2267 1.1615e-01     1.7109      7.567     10.975     7.2865 0.0000e+00
      7.731      0.057    11.3172     94.142     40.976  26.460814     4.7700     7.4721     0.0426     1.2267 1.1635e-01     1.8462      7.582     10.997     7.2864 0.0000e+00
      7.745      0.054    11.3285     94.151     40.983  26.465610     4.7700     7.4797     0.0426     1.2267 1.1630e-01     1.7259      7.595     11.016     7.2864 0.0000e+00
      7.757      0.052    11.3367     94.145     40.999  26.475861     4.7700     7.4759     0.0426     1.2267 1.1612e-01     1.8462      7.607     11.034     7.2864 0.0000e+00
      7.769      0.050    11.3422     94.124     41.010  26.482420     4.7700     7.2928     0.0426     1.2267 1.1615e-01     1.7560      7.619     11.050     7.2865 0.0000e+00
      7.781      0.049    11.3454     94.082     41.011  26.483078     4.6800     7.2813     0.0426     1.0575 1.1607e-01     1.8462      7.631     11.068     7.2865 0.0000e+00
      7.794      0.049    11.3465     94.024     41.003  26.478010     4.6800     7.2813     0.0426     1.0575 1.1607e-01     1.8311      7.644     11.086     7.2866 0.0000e+00
      7.807      0.048    11.3458     93.955     40.984  26.465865     4.6800     7.2661     0.0426     1.0575 1.1628e-01     1.8762      7.657     11.105     7.2867 0.0000e+00
      7.820      0.047    11.3432     93.878     40.964  26.453303     4.6800     7.1631     0.0426     1.0575 1.1635e-01     1.8612      7.669     11.123     7.2866 0.0000e+00
      7.832      0.045    11.3381     93.798     40.967  26.454791     4.6800     7.1554     0.0426     1.2690 1.1612e-01     1.9213      7.681     11.140     7.2866 0.0000e+00
      7.843      0.044    11.3311     93.725     40.988  26.468746     4.6800     7.1554     0.0426     1.2690 1.1628e-01     1.7560      7.691     11.155     7.2865 0.0000e+00
      7.853      0.043    11.3228     93.667     41.000  26.477112     4.6800     7.1745     0.0426     1.2690 1.1612e-01     1.8612      7.701     11.170     7.2865 0.0000e+00
      7.863      0.043    11.3135     93.635     40.996  26.474202     4.6800     7.2012     0.0426     1.2690 1.1623e-01     1.7710      7.711     11.184     7.2866 0.0000e+00
      7.874      0.044    11.3039     93.633     40.991  26.471117     4.6800     7.2203     0.0426     1.1844 1.1625e-01     1.8462      7.722     11.199     7.2867 0.0000e+00
      7.885      0.046    11.2950     93.660     40.997  26.474955     4.6800     7.2394     0.0426     1.1844 1.1612e-01     1.7259      7.733     11.215     7.2869 0.0000e+00
      7.897      0.048    11.2880     93.706     41.003  26.478820     4.6800     7.2088     0.0426     1.1844 1.1612e-01     1.8462      7.745     11.233     7.2871 0.0000e+00
      7.910      0.051    11.2841     93.761     40.998  26.475824     4.6800     7.6056     0.0426     1.1844 1.1612e-01     1.9514      7.758     11.251     7.2871 0.0000e+00
      7.923      0.054    11.2840     93.813     40.994  26.473086     4.6800     7.6094     0.0852     1.2690 1.1617e-01     1.8161      7.770     11.269     7.2870 0.0000e+00
      7.936      0.057    11.2872     93.855     40.995  26.473836     4.6800     7.5865     0.0852     1.2690 1.1615e-01     1.8612      7.783     11.288     7.2870 0.0000e+00
      7.951      0.062    11.2928     93.883     40.996  26.474313     4.6800     7.5941     0.0852     1.2690 1.1612e-01     1.8762      7.797     11.308     7.2870 0.0000e+00
      7.967      0.066    11.2994     93.898     41.003  26.478606     4.6800     7.2470     0.0852     1.2690 1.1605e-01     1.7860      7.813     11.331     7.2870 0.0000e+00
      7.984      0.071    11.3057     93.905     41.017  26.487859     4.6800     7.1974     0.0852     1.2690 1.1612e-01     1.8161      7.830     11.356     7.2870 0.0000e+00
      8.004      0.076    11.3107     93.907     41.024  26.492661     4.7700     7.2394     0.0426     1.1421 1.1607e-01     1.7259      7.849     11.384     7.2870 0.0000e+00
      8.025      0.080    11.3140     93.905     41.020  26.490333     4.7700     7.2317     0.0426     1.1421 1.1617e-01     1.8462      7.870     11.414     7.2871 0.0000e+00
      8.046      0.084    11.3158     93.901     41.017  26.488172     4.7700     7.5369     0.0426     1.1421 1.1628e-01     1.8762      7.890     11.444     7.2872 0.0000e+00
