Data/DataNotYetUploadedToEDI/Raw_CTD/RawDownloads/112822_bvr50_S8188007.cnv
* Sea-Bird SBE19plus  Data File:
* FileName = C:\R\Reservoirs\Data\DataNotYetUploadedToEDI\Raw_CTD\RawDownloads\112822_bvr50_S8188_0007.hex
* Software version 2.8.0.119
* Temperature SN = 8188
* Conductivity SN = 8188
* System UpLoad Time = Nov 28 2022 17:04:19
* <ApplicationData>
* <Seaterm232>
# nquan = 16
# nvalues = 934                         
# units = specified
# name 0 = depFM: Depth [fresh water, m]
# name 1 = dz/dtM: Descent Rate [m/s]
# name 2 = sbeox0Mg/L: Oxygen, SBE 43 [mg/l]
# name 3 = sbeox0PS: Oxygen, SBE 43 [% saturation]
# name 4 = specc: Specific Conductance [uS/cm]
# name 5 = c0uS/cm: Conductivity [uS/cm]
# name 6 = wetCDOM: Fluorescence, WET Labs CDOM [mg/m^3]
# name 7 = flECO-AFL: Fluorescence, WET Labs ECO-AFL/FL [mg/m^3]
# name 8 = flECO-AFL1: Fluorescence, WET Labs ECO-AFL/FL, 2 [mg/m^3]
# name 9 = flECO-AFL2: Fluorescence, WET Labs ECO-AFL/FL, 3 [mg/m^3]
# name 10 = par/sat/log: PAR/Logarithmic, Satlantic
# name 11 = turbWETntu0: Turbidity, WET Labs ECO [NTU]
# name 12 = prdM: Pressure, Strain Gauge [db]
# name 13 = prdE: Pressure, Strain Gauge [psi]
# name 14 = tv290C: Temperature [ITS-90, deg C]
# name 15 = flag:  0.000e+00
# span 0 =     -0.807,      6.455       
# span 1 =     -0.199,      0.150       
# span 2 =     7.2561,    11.6896       
# span 3 =     60.013,     95.217       
# span 4 =      0.582,     40.089       
# span 5 =   0.422575,  25.280639       
# span 6 =    -0.7200,     7.2900       
# span 7 =    -0.5580,     5.2557       
# span 8 =    -1.0650,     0.7668       
# span 9 =    -0.8460,     3.6801       
# span 10 = 1.1597e-01, 2.6377e+03      
# span 11 =    -2.8132,   338.5513      
# span 12 =     -0.792,      6.331      
# span 13 =     -1.148,      9.182      
# span 14 =     6.5107,    11.2986      
# span 15 = 0.0000e+00, 0.0000e+00      
# interval = seconds: 0.25
# start_time = Nov 28 2022 07:49:52 [Instrument's time stamp, header]
# bad_flag = -9.990e-29
*END*
[from data line 814]
      2.302     -0.136    10.0979     82.211     37.706  23.776248     7.0200     1.3456     0.3408     0.3384 1.2613e+01    10.8041      2.258      3.275     6.5278 0.0000e+00
      2.267     -0.135    10.0980     82.207     37.727  23.789195     7.0200     1.3150     0.3408     0.3384 1.3176e+01    10.7741      2.223      3.225     6.5276 0.0000e+00
      2.232     -0.134    10.0976     82.201     37.748  23.802563     7.0200     1.3417     0.3408     0.2961 1.3548e+01    10.7290      2.189      3.175     6.5274 0.0000e+00
      2.198     -0.132    10.0972     82.196     37.762  23.811999     7.0200     1.3532     0.3408     0.2961 1.3896e+01    10.8192      2.156      3.127     6.5272 0.0000e+00
      2.165     -0.130    10.0971     82.196     37.762  23.812100     7.0200     1.3494     0.3408     0.2961 1.4701e+01     9.9925      2.123      3.079     6.5269 0.0000e+00
      2.132     -0.128    10.0967     82.203     37.747  23.802893     7.0200     1.3150     0.3408     0.2961 1.5053e+01    10.1428      2.091      3.033     6.5269 0.0000e+00
      2.100     -0.127    10.0960     82.214     37.732  23.793801     7.0200     1.3456     0.3408     0.2115 1.5073e+01    10.0677      2.060      2.987     6.5270 0.0000e+00
      2.068     -0.127    10.0952     82.230     37.720  23.786357     7.0200     1.3303     0.3408     0.2115 1.5852e+01     9.9925      2.029      2.942     6.5274 0.0000e+00
      2.036     -0.128    10.0951     82.253     37.708  23.778577     7.0200     1.4295     0.3408     0.2115 1.6474e+01     9.9324      1.997      2.897     6.5279 0.0000e+00
      2.004     -0.129    10.0958     82.283     37.704  23.776304     7.0200     1.4142     0.3408     0.2115 1.6549e+01     9.9023      1.965      2.850     6.5283 0.0000e+00
      1.971     -0.130    10.0972     82.314     37.709  23.778931     7.0200     1.3990     0.3408     0.2538 1.7618e+01     9.7670      1.933      2.804     6.5285 0.0000e+00
      1.938     -0.132    10.0991     82.334     37.709  23.779242     7.0200     1.3875     0.3408     0.2538 1.8103e+01     9.9174      1.900      2.756     6.5285 0.0000e+00
      1.904     -0.133    10.1019     82.338     37.707  23.777319     7.0200     1.2807     0.3408     0.2538 1.8638e+01     9.5416      1.867      2.708     6.5284 0.0000e+00
      1.870     -0.134    10.1057     82.330     37.712  23.780567     7.0200     1.2654     0.3408     0.2538 1.9678e+01     9.7670      1.834      2.659     6.5281 0.0000e+00
      1.835     -0.134    10.1096     82.313     37.721  23.785894     7.0200     1.2464     0.3408     0.2538 1.9989e+01     9.6618      1.800      2.610     6.5279 0.0000e+00
      1.801     -0.134    10.1122     82.287     37.722  23.786803     7.0200     1.2921     0.3408     0.2115 2.0795e+01     9.6017      1.766      2.562     6.5276 0.0000e+00
      1.767     -0.134    10.1126     82.258     37.717  23.783535     7.0200     1.3570     0.3408     0.2115 2.1994e+01     9.6769      1.733      2.513     6.5274 0.0000e+00
      1.733     -0.133    10.1117     82.233     37.710  23.779178     7.0200     1.3494     0.3408     0.2115 2.1479e+01     9.5867      1.699      2.465     6.5272 0.0000e+00
      1.699     -0.132    10.1097     82.216     37.705  23.776530     7.0200     1.3608     0.3408     0.2115 2.3242e+01     9.4815      1.666      2.417     6.5270 0.0000e+00
      1.665     -0.130    10.1065     82.206     37.702  23.774885     7.0200     1.3379     0.3408     0.1692 2.3126e+01     9.5416      1.633      2.369     6.5270 0.0000e+00
      1.632     -0.129    10.1029     82.195     37.700  23.773803     7.0200     1.3646     0.3408     0.1692 2.2966e+01     9.5717      1.600      2.321     6.5272 0.0000e+00
      1.599     -0.126    10.0998     82.184     37.699  23.772995     7.0200     1.3456     0.3408     0.1692 2.4301e+01     9.5566      1.568      2.275     6.5275 0.0000e+00
      1.567     -0.124    10.0976     82.177     37.704  23.776206     7.0200     1.3608     0.3408     0.1692 2.4428e+01     9.6468      1.537      2.229     6.5278 0.0000e+00
      1.536     -0.122    10.0962     82.173     37.711  23.780334     7.0200     1.3532     0.2982     0.2538 2.3919e+01     9.5867      1.506      2.184     6.5281 0.0000e+00
      1.505     -0.120    10.0949     82.170     37.709  23.778560     7.0200     1.4600     0.2982     0.2538 2.5095e+01     9.6618      1.476      2.141     6.5283 0.0000e+00
      1.476     -0.120    10.0935     82.166     37.703  23.774370     7.0200     1.4714     0.2982     0.2538 2.5871e+01     9.6769      1.447      2.099     6.5282 0.0000e+00
      1.446     -0.121    10.0928     82.160     37.704  23.774566     7.0200     1.4714     0.2982     0.2538 2.5353e+01     9.7220      1.418      2.057     6.5280 0.0000e+00
      1.416     -0.122    10.0924     82.153     37.717  23.783159     7.0200     1.4562     0.2982     0.2961 2.7250e+01     9.4664      1.388      2.014     6.5276 0.0000e+00
      1.384     -0.125    10.0920     82.147     37.735  23.794522     7.0200     1.2044     0.2982     0.2961 2.7488e+01    10.2781      1.358      1.969     6.5272 0.0000e+00
      1.352     -0.129    10.0917     82.141     37.749  23.803767     7.0200     1.2006     0.2982     0.2961 2.6261e+01    10.3683      1.326      1.923     6.5268 0.0000e+00
      1.319     -0.133    10.0910     82.140     37.764  23.813359     7.0200     1.2120     0.2982     0.2961 2.9035e+01    10.3232      1.294      1.876     6.5266 0.0000e+00
      1.285     -0.137    10.0902     82.147     37.777  23.821899     7.0200     1.2159     0.2982     0.2961 2.7649e+01    10.2480      1.260      1.827     6.5265 0.0000e+00
      1.249     -0.139    10.0894     82.162     37.779  23.823745     7.0200     1.2807     0.3834     0.2538 2.7386e+01    10.9995      1.225      1.776     6.5267 0.0000e+00
      1.212     -0.141    10.0885     82.178     37.765  23.815430     7.0200     1.2921     0.3834     0.2538 2.8448e+01    11.0747      1.188      1.723     6.5271 0.0000e+00
      1.175     -0.141    10.0882     82.193     37.744  23.802656     7.0200     1.2807     0.3834     0.2538 2.8915e+01    11.0596      1.152      1.671     6.5277 0.0000e+00
      1.138     -0.140    10.0890     82.203     37.730  23.793892     7.0200     1.2769     0.3834     0.2538 2.8367e+01    11.0897      1.116      1.619     6.5284 0.0000e+00
      1.103     -0.140    10.0906     82.208     37.725  23.790761     7.0200     1.3074     0.3408     0.2538 2.8609e+01     9.5717      1.081      1.568     6.5292 0.0000e+00
      1.068     -0.139    10.0924     82.208     37.727  23.792428     7.0200     1.2616     0.3408     0.2538 2.9448e+01     9.6318      1.047      1.519     6.5299 0.0000e+00
      1.033     -0.139    10.0940     82.198     37.732  23.795379     7.0200     1.2693     0.3408     0.2538 2.9016e+01     9.6017      1.013      1.470     6.5303 0.0000e+00
      0.998     -0.140    10.0952     82.181     37.727  23.792481     7.0200     1.2578     0.3408     0.2538 2.9397e+01     9.6017      0.979      1.420     6.5304 0.0000e+00
      0.963     -0.142    10.0959     82.168     37.718  23.786923     7.0200     1.2845     0.3408     0.2961 2.9218e+01    10.5787      0.944      1.369     6.5304 0.0000e+00
      0.926     -0.143    10.0958     82.165     37.715  23.785138     7.0200     1.2921     0.3408     0.2961 2.9828e+01    10.5336      0.908      1.317     6.5304 0.0000e+00
      0.889     -0.145    10.0947     82.167     37.717  23.786652     7.0200     1.2578     0.3408     0.2961 2.9873e+01    10.6087      0.872      1.264     6.5305 0.0000e+00
      0.852     -0.147    10.0926     82.168     37.724  23.791867     7.0200     1.2921     0.3408     0.2961 2.9867e+01    10.5186      0.835      1.211     6.5306 0.0000e+00
      0.814     -0.147    10.0909     82.165     37.734  23.798217     7.0200     1.2960     0.3408     0.2961 3.0656e+01     9.8723      0.798      1.157     6.5307 0.0000e+00
      0.776     -0.147    10.0904     82.167     37.735  23.799475     7.0200     1.2731     0.3408     0.2961 3.1452e+01     9.8572      0.761      1.103     6.5310 0.0000e+00
      0.738     -0.146    10.0906     82.180     37.722  23.792019     7.0200     1.2654     0.3408     0.2961 3.1126e+01     9.8121      0.724      1.049     6.5314 0.0000e+00
      0.700     -0.144    10.0906     82.201     37.698  23.777820     7.0200     1.2693     0.3408     0.2961 3.1768e+01     9.8121      0.686      0.995     6.5320 0.0000e+00
      0.663     -0.141    10.0901     82.220     37.671  23.761009     7.0200     1.2921     0.3408     0.2961 3.1962e+01     9.8873      0.650      0.943     6.5327 0.0000e+00
      0.627     -0.138    10.0900     82.233     37.651  23.748979     7.0200     1.2998     0.3408     0.4230 3.2778e+01     9.8873      0.615      0.892     6.5335 0.0000e+00
      0.593     -0.135    10.0914     82.242     37.646  23.746441     7.0200     1.2921     0.3408     0.4230 3.2487e+01     9.9624      0.582      0.844     6.5344 0.0000e+00
      0.560     -0.133    10.0938     82.242     37.655  23.752718     7.0200     1.2807     0.3408     0.4230 3.3136e+01     9.8272      0.549      0.796     6.5352 0.0000e+00
      0.527     -0.131    10.0959     82.230     37.668  23.761566     7.0200     1.4104     0.3408     0.4230 3.3316e+01     9.8272      0.517      0.749     6.5361 0.0000e+00
      0.494     -0.129    10.0973     82.204     37.671  23.763468     7.0200     1.3913     0.3408     0.2538 3.2820e+01     9.9174      0.484      0.702     6.5369 0.0000e+00
      0.460     -0.127    10.0981     82.167     37.663  23.758931     7.0200     1.4028     0.3408     0.2538 3.3996e+01     9.8873      0.451      0.655     6.5377 0.0000e+00
      0.427     -0.123    10.0980     82.130     37.655  23.754663     7.0200     1.4066     0.3408     0.2538 3.4181e+01     9.9925      0.419      0.607     6.5384 0.0000e+00
      0.395     -0.118    10.0964     82.102     37.653  23.753485     7.0200     1.3341     0.3408     0.2538 3.4092e+01    10.4434      0.387      0.561     6.5391 0.0000e+00
      0.365     -0.110    10.0931     82.080     37.649  23.751124     7.0200     1.3265     0.3408     0.2961 3.5553e+01    10.3081      0.357      0.518     6.5396 0.0000e+00
      0.337     -0.102    10.0884     82.058     37.642  23.746951     7.0200     1.3456     0.3408     0.2961 3.6826e+01    10.3833      0.330      0.479     6.5401 0.0000e+00
      0.312     -0.092    10.0838     82.042     37.643  23.747769     7.0200     1.3303     0.3408     0.2961 3.6683e+01    10.3532      0.306      0.443     6.5406 0.0000e+00
      0.290     -0.083    10.0803     82.038     37.652  23.753798     7.0200     1.3951     0.3408     0.2961 3.7505e+01     9.9023      0.284      0.412     6.5410 0.0000e+00
      0.271     -0.076    10.0774     82.047     37.666  23.762687     7.0200     1.4219     0.3408     0.2961 3.7464e+01     9.9324      0.266      0.386     6.5413 0.0000e+00
      0.254     -0.070    10.0746     82.070     37.681  23.772846     7.0200     1.4180     0.3408     0.2538 3.7832e+01     9.7971      0.250      0.362     6.5417 0.0000e+00
      0.239     -0.068    10.0725     82.101     37.691  23.779067     7.0200     1.4066     0.3408     0.2538 3.8521e+01     9.8572      0.234      0.339     6.5420 0.0000e+00
      0.223     -0.070    10.0719     82.134     37.697  23.783008     7.0200     1.4409     0.3408     0.2538 3.8196e+01     9.6318      0.219      0.317     6.5423 0.0000e+00
      0.206     -0.076    10.0730     82.162     37.707  23.789681     7.0200     1.4524     0.3408     0.2538 3.8354e+01     9.7670      0.203      0.294     6.5427 0.0000e+00
      0.188     -0.087    10.0757     82.179     37.713  23.792945     7.0200     1.4524     0.2982     0.2961 3.7709e+01     9.6318      0.185      0.268     6.5430 0.0000e+00
      0.167     -0.100    10.0794     82.177     37.714  23.793673     7.0200     1.4676     0.2982     0.2961 3.7497e+01     9.6618      0.164      0.238     6.5433 0.0000e+00
      0.141     -0.115    10.0834     82.151     37.729  23.803935     7.0200     1.3456     0.2982     0.2961 4.2074e+01    12.4124      0.138      0.201     6.5434 0.0000e+00
      0.108     -0.128    10.0869     82.103     37.752  23.818550     7.0200     1.3379     0.2982     0.2961 4.9381e+01    12.5627      0.106      0.154     6.5435 0.0000e+00
      0.070     -0.138    10.0890     82.043     37.763  23.825579     7.0200     1.3417     0.2982     0.2538 4.7954e+01    12.5176      0.069      0.101     6.5436 0.0000e+00
      0.030     -0.144    10.0887     81.983     37.758  23.822938     7.0200     1.3417     0.2982     0.2538 5.3574e+01    12.4424      0.030      0.043     6.5437 0.0000e+00
     -0.010     -0.148    10.0854     81.933     37.744  23.813881     7.0200     1.3303     0.2982     0.2538 6.3676e+01    14.5767     -0.010     -0.014     6.5441 0.0000e+00
     -0.047     -0.151    10.0794     81.896     37.722  23.799953     7.0200     1.3189     0.2982     0.2538 5.7407e+01    14.5917     -0.046     -0.067     6.5446 0.0000e+00
     -0.083     -0.155    10.0719     81.873     37.693  23.781398     7.0200     1.3417     0.3408     0.2961 6.1916e+01    14.6518     -0.082     -0.118     6.5450 0.0000e+00
     -0.119     -0.161    10.0645     81.862     37.655  23.757226     7.0200     1.3379     0.3408     0.2961 5.4786e+01    14.6819     -0.117     -0.170     6.5452 0.0000e+00
     -0.159     -0.169    10.0584     81.859     37.592  23.717034     7.0200     1.1090     0.3408     0.2961 6.9203e+01    20.2130     -0.156     -0.226     6.5450 0.0000e+00
     -0.204     -0.179    10.0540     81.856     37.485  23.650102     7.0200     1.0785     0.3408     0.2961 1.6476e+02    20.1679     -0.200     -0.290     6.5446 0.0000e+00
     -0.253     -0.189    10.0513     81.839     37.314  23.542543     7.0200     1.0747     0.3408     0.2961 1.4896e+02    20.2130     -0.248     -0.360     6.5441 0.0000e+00
     -0.304     -0.196    10.0500     81.793     37.032  23.365674     7.0200     1.1281     0.3408     0.1269 1.7260e+02    20.2431     -0.299     -0.433     6.5440 0.0000e+00
     -0.357     -0.199    10.0496     81.717     36.560  23.068369     7.0200     1.2006     0.3408     0.1269 2.5247e+02    20.2280     -0.350     -0.508     6.5441 0.0000e+00
     -0.411     -0.197    10.0491     81.608     35.759  22.563432     7.0200     1.2349     0.3408     0.1269 1.5999e+03    20.2881     -0.403     -0.585     6.5446 0.0000e+00
     -0.463     -0.191    10.0469     81.446     34.410  21.712252     7.0200     1.2349     0.3408     0.1269 1.6980e+03    20.3934     -0.455     -0.659     6.5452 0.0000e+00
     -0.512     -0.181    10.0411     81.204     32.143  20.281909     7.1100     1.2044     0.3408     0.2961 1.6633e+03    20.2130     -0.503     -0.729     6.5460 0.0000e+00
     -0.558     -0.168    10.0315     80.874     28.322  17.871186     7.1100     0.7238     0.3408     0.2961 7.3331e+02     9.3161     -0.547     -0.793     6.5468 0.0000e+00
     -0.599     -0.152    10.0180     80.466     23.146  14.605028     7.1100     0.7161     0.3408     0.2961 8.6480e+02     9.4063     -0.588     -0.853     6.5475 0.0000e+00
     -0.637     -0.134     9.9980     80.007     18.438  11.634688     7.1100     0.7276     0.3408     0.2961 1.7754e+03     9.3312     -0.625     -0.906     6.5480 0.0000e+00
     -0.670     -0.116     9.9683     79.542     15.813   9.978276     7.2900     0.7543     0.3408     0.6345 1.5607e+03     9.4063     -0.657     -0.953     6.5485 0.0000e+00
     -0.697     -0.098     9.9278     79.130     15.752   9.939718     7.2900    -0.5580     0.3408     0.6345 1.7327e+03     1.8011     -0.684     -0.992     6.5488 0.0000e+00
