Data/DataNotYetUploadedToEDI/Raw_CTD/RawDownloads/112822_fcr50_S8188008.cnv
* Sea-Bird SBE19plus  Data File:
* FileName = C:\R\Reservoirs\Data\DataNotYetUploadedToEDI\Raw_CTD\RawDownloads\112822_bvr50_S8188_0008.hex
* Software version 2.8.0.119
* Temperature SN = 8188
* Conductivity SN = 8188
* System UpLoad Time = Nov 28 2022 17:04:38
* <ApplicationData>
* <Seaterm232>
# nquan = 16
# nvalues = 1211                        
# units = specified
# name 0 = depFM: Depth [fresh water, m]
# name 1 = dz/dtM: Descent Rate [m/s]
# name 2 = sbeox0Mg/L: Oxygen, SBE 43 [mg/l]
# name 3 = sbeox0PS: Oxygen, SBE 43 [% saturation]
# name 4 = specc: Specific Conductance [uS/cm]
# name 5 = c0uS/cm: Conductivity [uS/cm]
# name 6 = wetCDOM: Fluorescence, WET Labs CDOM [mg/m^3]
# name 7 = flECO-AFL: Fluorescence, WET Labs ECO-AFL/FL [mg/m^3]
# name 8 = flECO-AFL1: Fluorescence, WET Labs ECO-AFL/FL, 2 [mg/m^3]
# name 9 = flECO-AFL2: Fluorescence, WET Labs ECO-AFL/FL, 3 [mg/m^3]
# name 10 = par/sat/log: PAR/Logarithmic, Satlantic
# name 11 = turbWETntu0: Turbidity, WET Labs ECO [NTU]
# name 12 = prdM: Pressure, Strain Gauge [db]
# name 13 = prdE: Pressure, Strain Gauge [psi]
# name 14 = tv290C: Temperature [ITS-90, deg C]
# name 15 = flag:  0.000e+00
# span 0 =     -0.706,      9.590       
# span 1 =     -0.292,      0.115       
# span 2 =     2.2654,    13.3696       
# span 3 =     18.827,    112.844       
# span 4 =      0.572,    612.375       
# span 5 =   0.401172, 403.622512       
# span 6 =    -4.5000,    43.2900       
# span 7 =    -0.1460,     9.1811       
# span 8 =    -2.1300,     0.8520       
# span 9 =    -2.0304,    12.8169       
# span 10 = 1.1595e-01, 4.1184e+02      
# span 11 =    -0.4685,   269.2774      
# span 12 =     -0.693,      9.404      
# span 13 =     -1.005,     13.640      
# span 14 =     7.2861,    10.0678      
# span 15 = 0.0000e+00, 0.0000e+00      
# interval = seconds: 0.25
# start_time = Nov 28 2022 10:13:03 [Instrument's time stamp, header]
# bad_flag = -9.990e-29
*END*
[from data line 452]
      3.437      0.092    11.5223     96.620     40.916  26.740865     4.5000     5.8584     0.0426     1.1421 6.7485e+00     1.8462      3.371      4.889     7.6831 0.0000e+00
      3.462      0.090    11.5255     96.617     40.913  26.737713     4.5000     5.7402     0.0426     1.1421 6.5720e+00     1.9213      3.395      4.924     7.6812 0.0000e+00
      3.485      0.086    11.5288     96.599     40.907  26.733398     4.5000     5.7363     0.0426     1.1421 6.4000e+00     1.8161      3.418      4.957     7.6792 0.0000e+00
      3.507      0.080    11.5313     96.572     40.904  26.730729     4.5000     5.7363     0.0426     1.0152 6.2557e+00     1.8311      3.439      4.988     7.6773 0.0000e+00
      3.527      0.073    11.5328     96.541     40.901  26.728994     4.5000     5.7440     0.0426     1.0152 6.1026e+00     1.9514      3.459      5.016     7.6756 0.0000e+00
      3.544      0.066    11.5328     96.511     40.892  26.723772     4.5000     5.6524     0.0426     1.0152 6.0209e+00     1.6207      3.476      5.041     7.6744 0.0000e+00
      3.560      0.060    11.5309     96.494     40.894  26.725548     4.5000     5.6448     0.0426     1.0152 6.0590e+00     1.6057      3.491      5.063     7.6737 0.0000e+00
      3.573      0.054    11.5277     96.497     40.913  26.738756     4.5000     5.6105     0.0426     0.9729 6.0327e+00     1.5606      3.504      5.082     7.6735 0.0000e+00
      3.585      0.050    11.5239     96.518     40.925  26.747119     4.5000     5.6219     0.0426     0.9729 6.0524e+00     1.6207      3.516      5.099     7.6737 0.0000e+00
      3.597      0.047    11.5203     96.554     40.921  26.744950     4.5000     5.9462     0.0426     0.9729 6.0235e+00     1.9063      3.528      5.116     7.6742 0.0000e+00
      3.609      0.046    11.5180     96.603     40.912  26.739588     4.5000     5.9156     0.0426     0.9729 5.8405e+00     1.8612      3.539      5.133     7.6749 0.0000e+00
      3.621      0.045    11.5181     96.658     40.902  26.733563     4.5000     5.9004     0.0426     0.9729 5.8405e+00     1.8913      3.551      5.150     7.6757 0.0000e+00
      3.632      0.044    11.5204     96.713     40.895  26.729229     4.5900     5.9347     0.0426     0.9306 5.7900e+00     1.8462      3.562      5.166     7.6764 0.0000e+00
      3.643      0.044    11.5246     96.759     40.894  26.729388     4.5900     5.6372     0.0426     0.9306 5.6852e+00     1.8612      3.573      5.181     7.6770 0.0000e+00
      3.654      0.044    11.5302     96.787     40.894  26.730125     4.5900     5.6181     0.0426     0.9306 5.6877e+00     1.8612      3.583      5.197     7.6775 0.0000e+00
      3.664      0.045    11.5366     96.799     40.896  26.731634     4.5900     5.6105     0.0426     0.9306 5.6828e+00     1.8762      3.593      5.212     7.6780 0.0000e+00
      3.675      0.048    11.5430     96.797     40.907  26.738280     4.5900     5.6143     0.0426     1.0152 5.6717e+00     1.8762      3.604      5.227     7.6787 0.0000e+00
      3.687      0.051    11.5483     96.782     40.925  26.747873     4.5900     5.8432     0.0426     1.0152 5.6717e+00     1.8762      3.616      5.244     7.6796 0.0000e+00
      3.700      0.054    11.5515     96.753     40.936  26.753073     4.5900     5.8508     0.0426     1.0152 5.5727e+00     1.8462      3.629      5.263     7.6804 0.0000e+00
      3.715      0.057    11.5528     96.720     40.938  26.753288     4.5900     5.8737     0.0426     1.0152 5.3195e+00     1.7860      3.644      5.284     7.6805 0.0000e+00
      3.732      0.058    11.5529     96.696     40.946  26.758473     4.5900     5.8584     0.0852     0.9729 5.0888e+00     1.8011      3.659      5.308     7.6795 0.0000e+00
      3.748      0.057    11.5517     96.688     40.960  26.768031     4.5900     5.6219     0.0852     0.9729 4.9762e+00     1.6357      3.675      5.331     7.6774 0.0000e+00
      3.763      0.056    11.5489     96.693     40.972  26.776591     4.5900     5.6333     0.0852     0.9729 4.9396e+00     1.6658      3.690      5.352     7.6752 0.0000e+00
      3.776      0.055    11.5454     96.708     40.981  26.784457     4.5900     5.6333     0.0852     0.9729 4.8958e+00     1.5907      3.703      5.371     7.6735 0.0000e+00
      3.789      0.054    11.5427     96.729     40.985  26.787788     4.5900     5.6524     0.0852     0.9729 4.8692e+00     1.6808      3.716      5.390     7.6730 0.0000e+00
      3.802      0.054    11.5414     96.753     40.980  26.785492     4.5900     5.5418     0.0426     1.0998 4.8915e+00     1.5606      3.728      5.407     7.6737 0.0000e+00
      3.814      0.057    11.5416     96.774     40.972  26.778937     4.5900     5.5609     0.0426     1.0998 4.8366e+00     1.6808      3.741      5.426     7.6752 0.0000e+00
      3.828      0.061    11.5429     96.779     40.956  26.766374     4.5900     5.5570     0.0426     1.0998 4.8303e+00     1.6057      3.754      5.445     7.6771 0.0000e+00
      3.844      0.066    11.5450     96.767     40.941  26.752373     4.5900     5.5532     0.0426     1.0998 4.7791e+00     1.6057      3.770      5.468     7.6786 0.0000e+00
      3.861      0.071    11.5477     96.741     40.936  26.745077     4.5000     5.4312     0.0426     0.9729 4.6662e+00     1.8462      3.787      5.493     7.6791 0.0000e+00
      3.881      0.076    11.5504     96.706     40.932  26.738581     4.5000     5.4502     0.0426     0.9729 4.3946e+00     1.8462      3.806      5.521     7.6780 0.0000e+00
      3.902      0.080    11.5520     96.668     40.921  26.727195     4.5000     5.4350     0.0426     0.9729 4.2750e+00     1.8311      3.827      5.551     7.6749 0.0000e+00
      3.924      0.083    11.5519     96.627     40.911  26.715799     4.5000     5.4502     0.0426     0.9729 4.1758e+00     1.8913      3.848      5.582     7.6701 0.0000e+00
      3.945      0.085    11.5502     96.583     40.911  26.709275     4.5900     6.0072     0.0000     1.1844 4.1424e+00     1.9063      3.869      5.612     7.6648 0.0000e+00
      3.967      0.087    11.5475     96.531     40.925  26.709842     4.5900     6.0224     0.0000     1.1844 4.1155e+00     1.9814      3.890      5.643     7.6600 0.0000e+00
      3.989      0.089    11.5443     96.466     40.940  26.709731     4.5900     5.9881     0.0000     1.1844 4.0322e+00     1.8161      3.912      5.674     7.6551 0.0000e+00
      4.012      0.091    11.5411     96.390     40.944  26.700995     4.5900     5.9881     0.0000     1.1844 3.8809e+00     1.8612      3.935      5.707     7.6491 0.0000e+00
      4.036      0.092    11.5382     96.309     40.945  26.689221     4.5900     6.3658     0.0426     1.0575 3.8298e+00     1.8311      3.958      5.741     7.6411 0.0000e+00
      4.061      0.092    11.5348     96.233     40.948  26.679188     4.5900     6.3505     0.0426     1.0575 3.6646e+00     1.8762      3.982      5.776     7.6309 0.0000e+00
      4.085      0.091    11.5305     96.173     40.941  26.664262     4.5900     6.3658     0.0426     1.0575 3.5049e+00     1.8011      4.006      5.810     7.6189 0.0000e+00
      4.109      0.090    11.5254     96.136     40.922  26.640462     4.5900     6.3429     0.0426     1.0575 3.4355e+00     1.8161      4.029      5.844     7.6049 0.0000e+00
      4.131      0.088    11.5201     96.115     40.903  26.613320     4.5900     6.3391     0.0426     1.0575 3.4288e+00     1.7259      4.052      5.876     7.5898 0.0000e+00
      4.153      0.087    11.5151     96.094     40.897  26.591434     4.5900     6.3391     0.0426     1.1421 3.3955e+00     1.8462      4.073      5.907     7.5753 0.0000e+00
      4.174      0.085    11.5117     96.054     40.910  26.580847     4.5900     6.3314     0.0426     1.1421 3.3311e+00     1.9063      4.093      5.937     7.5620 0.0000e+00
      4.196      0.082    11.5111     95.980     40.937  26.582694     4.5900     6.3505     0.0426     1.1421 3.2341e+00     1.9213      4.115      5.968     7.5479 0.0000e+00
      4.217      0.079    11.5136     95.876     40.968  26.593506     4.5900     7.1745     0.0426     1.1421 3.0838e+00     1.8462      4.136      5.999     7.5301 0.0000e+00
      4.238      0.075    11.5175     95.759     40.990  26.604288     4.6800     7.1631     0.0426     1.1421 2.9849e+00     1.7860      4.156      6.028     7.5079 0.0000e+00
      4.257      0.071    11.5192     95.654     40.992  26.606038     4.6800     7.1478     0.0426     1.1421 2.9888e+00     1.8462      4.175      6.055     7.4849 0.0000e+00
      4.273      0.066    11.5157     95.584     40.986  26.603182     4.6800     7.1745     0.0426     1.1421 2.9772e+00     1.8462      4.191      6.078     7.4661 0.0000e+00
      4.288      0.063    11.5065     95.564     40.986  26.602877     4.6800     6.4344     0.0426     1.1421 3.0110e+00     1.7860      4.206      6.100     7.4545 0.0000e+00
      4.303      0.061    11.4937     95.600     40.990  26.605042     4.6800     6.4306     0.0426     1.2267 2.9662e+00     1.7860      4.220      6.121     7.4503 0.0000e+00
      4.318      0.060    11.4810     95.679     40.997  26.606296     4.6800     6.4459     0.0426     1.2267 2.8968e+00     1.8462      4.235      6.142     7.4509 0.0000e+00
      4.333      0.061    11.4722     95.773     40.996  26.599052     4.6800     6.4535     0.0426     1.2267 2.9043e+00     1.7560      4.249      6.163     7.4521 0.0000e+00
      4.348      0.064    11.4698     95.852     40.994  26.589300     4.6800     6.8159     0.0426     1.2267 2.8836e+00     1.9363      4.264      6.185     7.4521 0.0000e+00
      4.364      0.067    11.4744     95.897     41.008  26.590274     4.6800     6.8274     0.0426     1.1421 2.8039e+00     1.8762      4.280      6.208     7.4510 0.0000e+00
      4.382      0.070    11.4850     95.905     41.025  26.594316     4.6800     6.7930     0.0426     1.1421 2.7484e+00     1.8311      4.297      6.232     7.4470 0.0000e+00
      4.401      0.073    11.4986     95.881     41.021  26.586665     4.6800     6.8159     0.0426     1.1421 2.6625e+00     1.9213      4.316      6.259     7.4389 0.0000e+00
      4.420      0.076    11.5110     95.833     41.002  26.569241     4.6800     6.8274     0.0426     1.1421 2.6121e+00     1.8462      4.335      6.287     7.4285 0.0000e+00
      4.440      0.078    11.5193     95.777     40.978  26.549276     4.6800     6.8808     0.0426     1.1421 2.6002e+00     1.8913      4.354      6.315     7.4185 0.0000e+00
      4.460      0.079    11.5225     95.730     40.959  26.533323     4.5900     6.8235     0.0426     1.0998 2.5889e+00     1.8913      4.374      6.343     7.4104 0.0000e+00
      4.481      0.079    11.5214     95.698     40.951  26.525047     4.5900     6.8693     0.0426     1.0998 2.4398e+00     1.8462      4.394      6.373     7.4040 0.0000e+00
      4.502      0.078    11.5173     95.680     40.944  26.518282     4.5900     7.0067     0.0426     1.0998 2.3616e+00     1.7560      4.415      6.403     7.3984 0.0000e+00
      4.522      0.076    11.5121     95.671     40.935  26.511223     4.5900     6.9761     0.0426     1.0998 2.3452e+00     1.8311      4.435      6.432     7.3930 0.0000e+00
      4.542      0.074    11.5078     95.662     40.928  26.505948     4.6800     6.9952     0.0426     1.2690 2.2948e+00     1.9063      4.454      6.459     7.3882 0.0000e+00
      4.559      0.072    11.5050     95.645     40.928  26.505009     4.6800     6.9990     0.0426     1.2690 2.3356e+00     1.8161      4.471      6.485     7.3845 0.0000e+00
      4.577      0.072    11.5036     95.627     40.934  26.508157     4.6800     7.1707     0.0426     1.2690 2.2968e+00     1.8762      4.488      6.509     7.3819 0.0000e+00
      4.594      0.073    11.5030     95.605     40.937  26.508311     4.6800     7.1745     0.0426     1.2690 2.2631e+00     1.9213      4.505      6.533     7.3803 0.0000e+00
      4.611      0.075    11.5022     95.575     40.942  26.509472     4.5900     7.1745     0.0426     1.1844 2.2484e+00     1.7860      4.522      6.558     7.3793 0.0000e+00
      4.631      0.078    11.5004     95.547     40.954  26.515909     4.5900     7.1631     0.0426     1.1844 2.2275e+00     1.8311      4.541      6.586     7.3785 0.0000e+00
      4.652      0.081    11.4985     95.538     40.965  26.521419     4.5900     7.2012     0.0426     1.1844 2.1369e+00     1.8011      4.562      6.616     7.3774 0.0000e+00
      4.674      0.082    11.4964     95.552     40.969  26.523513     4.5900     7.2126     0.0426     1.1844 2.0077e+00     1.8612      4.584      6.648     7.3756 0.0000e+00
      4.697      0.081    11.4935     95.587     40.974  26.526708     4.6800     7.2241     0.0426     1.2267 1.9633e+00     1.8462      4.606      6.680     7.3733 0.0000e+00
      4.718      0.079    11.4907     95.637     40.988  26.535816     4.6800     7.2394     0.0426     1.2267 1.9132e+00     1.8311      4.627      6.711     7.3710 0.0000e+00
      4.737      0.078    11.4900     95.696     41.002  26.545346     4.6800     7.2889     0.0426     1.2267 1.9459e+00     1.8612      4.646      6.738     7.3694 0.0000e+00
      4.755      0.076    11.4920     95.758     41.003  26.545961     4.6800     7.3118     0.0426     1.2267 1.9379e+00     1.8311      4.664      6.764     7.3685 0.0000e+00
      4.773      0.076    11.4963     95.812     40.993  26.537827     4.6800     7.2813     0.0426     1.2267 1.9450e+00     1.8462      4.681      6.789     7.3683 0.0000e+00
      4.792      0.076    11.5022     95.850     40.978  26.526692     4.5900     7.2928     0.0852     1.3113 1.9061e+00     1.9363      4.700      6.816     7.3686 0.0000e+00
      4.813      0.076    11.5092     95.869     40.960  26.513546     4.5900     7.2737     0.0852     1.3113 1.7967e+00     1.8462      4.720      6.845     7.3690 0.0000e+00
      4.834      0.075    11.5167     95.874     40.939  26.498844     4.5900     7.3118     0.0852     1.3113 1.7448e+00     1.8462      4.741      6.875     7.3687 0.0000e+00
      4.854      0.072    11.5237     95.878     40.922  26.486582     4.5900     7.2966     0.0852     1.3113 1.6504e+00     1.8762      4.761      6.904     7.3673 0.0000e+00
      4.873      0.067    11.5288     95.884     40.914  26.481411     4.6800     7.3004     0.0852     1.2267 1.6457e+00     1.8462      4.779      6.931     7.3653 0.0000e+00
      4.890      0.060    11.5317     95.892     40.920  26.485911     4.6800     7.4301     0.0852     1.2267 1.6322e+00     1.9063      4.795      6.955     7.3633 0.0000e+00
      4.904      0.054    11.5328     95.897     40.929  26.493362     4.6800     7.4072     0.0852     1.2267 1.6522e+00     1.8913      4.809      6.975     7.3617 0.0000e+00
      4.916      0.049    11.5335     95.894     40.926  26.493874     4.6800     7.4263     0.0852     1.2267 1.6648e+00     1.8612      4.821      6.992     7.3608 0.0000e+00
      4.926      0.045    11.5343     95.883     40.925  26.495501     4.5900     7.4148     0.0426     1.2267 1.6414e+00     1.9063      4.831      7.007     7.3607 0.0000e+00
      4.936      0.044    11.5350     95.867     40.932  26.502639     4.5900     7.4721     0.0426     1.2267 1.6219e+00     1.6658      4.841      7.022     7.3615 0.0000e+00
      4.946      0.045    11.5350     95.846     40.928  26.501352     4.5900     7.4568     0.0426     1.2267 1.6446e+00     1.8011      4.851      7.036     7.3632 0.0000e+00
      4.957      0.048    11.5339     95.821     40.914  26.491297     4.5900     7.5064     0.0426     1.2267 1.6128e+00     1.9664      4.861      7.051     7.3658 0.0000e+00
      4.969      0.053    11.5317     95.789     40.902  26.481672     4.5900     7.4606     0.0426     1.2267 1.6082e+00     1.8161      4.873      7.068     7.3688 0.0000e+00
      4.982      0.059    11.5289     95.744     40.901  26.477828     4.5900     7.2432     0.0426     1.3536 1.6283e+00     1.8762      4.886      7.087     7.3716 0.0000e+00
