Data/DataNotYetUploadedToEDI/Raw_CTD/RawDownloads/112822_bvr50_S7809007.cnv
* Sea-Bird SBE19plus  Data File:
* FileName = C:\R\Reservoirs\Data\DataNotYetUploadedToEDI\Raw_CTD\RawDownloads\112822_bvr50_S7809_0007.hex
* Software version 2.8.0.119
* Temperature SN = 7809
* Conductivity SN = 7809
* System UpLoad Time = Nov 28 2022 16:47:44
* <ApplicationData>
* <Seaterm232>
# nquan = 15
# nvalues = 1075                        
# units = specified
# name 0 = depFM: Depth [fresh water, m]
# name 1 = dz/dtM: Descent Rate [m/s]
# name 2 = sbeox0Mg/L: Oxygen, SBE 43 [mg/l]
# name 3 = sbeox0PS: Oxygen, SBE 43 [% saturation]
# name 4 = specc: Specific Conductance [uS/cm]
# name 5 = c0uS/cm: Conductivity [uS/cm]
# name 6 = flECO-AFL: Fluorescence, WET Labs ECO-AFL/FL [mg/m^3]
# name 7 = ph: pH
# name 8 = orp: Oxidation Reduction Potential [mV]
# name 9 = par/sat/log: PAR/Logarithmic, Satlantic
# name 10 = turbWETntu0: Turbidity, WET Labs ECO [NTU]
# name 11 = prdM: Pressure, Strain Gauge [db]
# name 12 = prdE: Pressure, Strain Gauge [psi]
# name 13 = tv290C: Temperature [ITS-90, deg C]
# name 14 = flag:  0.000e+00
# span 0 =     -0.806,      7.598       
# span 1 =     -0.420,      0.315       
# span 2 =     6.2842,     9.1579       
# span 3 =     51.656,     74.991       
# span 4 =      3.545,     40.785       
# span 5 =   2.518162,  26.510647       
# span 6 =    -0.8172,   227.2877       
# span 7 =      1.877,      8.124       
# span 8 = -1235.3393,   519.3025       
# span 9 = 1.2367e-01, 2.6574e+03       
# span 10 =    -0.3496,    10.3774      
# span 11 =     -0.791,      7.452      
# span 12 =     -1.147,     10.808      
# span 13 =     6.5134,    10.5893      
# span 14 = 0.0000e+00, 0.0000e+00      
# interval = seconds: 0.25
# start_time = Nov 28 2022 08:05:51 [Instrument's time stamp, header]
# bad_flag = -9.990e-29
*END*
[from data line 964]
      1.762     -0.381     7.9948     65.176     37.250  23.493363     1.8101      8.032   292.9770 2.7223e+01    10.0956      1.737      2.520     6.5287 0.0000e+00
      1.728     -0.336     7.9926     65.169     37.251  23.493475     1.8028      8.035   293.0102 2.9983e+01    10.0840      1.714      2.487     6.5284 0.0000e+00
      1.644     -0.260     7.9884     65.169     37.252  23.494145     1.8173      8.035   293.0207 3.4318e+01    10.1625      1.629      2.363     6.5282 0.0000e+00
      1.516     -0.170     7.9897     65.166     37.264  23.501469     1.8523      8.034   293.0185 3.9239e+01    10.2595      1.492      2.164     6.5280 0.0000e+00
      1.371     -0.087     7.9925     65.146     37.292  23.518658     1.8683      8.031   293.0693 4.5077e+01    10.2662      1.345      1.951     6.5285 0.0000e+00
      1.233     -0.026     7.9964     65.122     37.282  23.511850     1.8603      8.029   293.2911 4.9361e+01    10.2092      1.195      1.734     6.5298 0.0000e+00
      1.135     -0.001     7.9987     65.119     37.236  23.482530     1.8730      8.027   293.5496 5.0475e+01    10.1507      1.086      1.575     6.5312 0.0000e+00
      1.100     -0.019     8.0044     65.128     37.233  23.481015     1.9060      8.023   293.6136 5.2267e+01    10.0715      1.066      1.545     6.5324 0.0000e+00
      1.104     -0.077     8.0046     65.136     37.253  23.493537     1.9178      8.020   293.4626 5.2695e+01    10.0370      1.081      1.568     6.5330 0.0000e+00
      1.115     -0.162     8.0021     65.131     37.274  23.507192     1.9073      8.019   293.0142 4.9606e+01    10.0756      1.095      1.589     6.5327 0.0000e+00
      1.121     -0.253     8.0031     65.139     37.293  23.519371     1.8622      8.023   292.4939 4.7233e+01    10.1278      1.101      1.598     6.5319 0.0000e+00
      1.124     -0.323     8.0038     65.177     37.284  23.514038     1.7888      8.030   292.1624 4.6048e+01    10.1554      1.101      1.597     6.5312 0.0000e+00
      1.124     -0.357     8.0014     65.195     37.270  23.506087     1.7527      8.036   291.9306 4.5143e+01    10.1027      1.104      1.602     6.5309 0.0000e+00
      1.121     -0.348     7.9954     65.185     37.239  23.486612     1.7498      8.038   292.0151 4.4811e+01    10.0363      1.102      1.600     6.5307 0.0000e+00
      1.099     -0.298     7.9973     65.178     37.210  23.468701     1.7364      8.037   292.4088 4.5233e+01    10.1047      1.096      1.590     6.5306 0.0000e+00
      1.024     -0.216     7.9977     65.181     37.228  23.479647     1.7157      8.035   292.7338 4.5451e+01    10.2800      1.032      1.496     6.5307 0.0000e+00
      0.887     -0.121     8.0004     65.194     37.249  23.492217     1.6911      8.034   292.9329 4.4902e+01    10.3461      0.881      1.277     6.5312 0.0000e+00
      0.725     -0.041     7.9984     65.198     37.252  23.493926     1.6713      8.032   293.1813 4.5280e+01    10.2547      0.699      1.013     6.5314 0.0000e+00
      0.596      0.005     7.9960     65.168     37.262  23.500314     1.6679      8.030   293.4144 4.6505e+01    10.1999      0.555      0.804     6.5319 0.0000e+00
      0.536      0.020     8.0062     65.135     37.272  23.506077     1.7092      8.028   293.5138 4.7197e+01    10.1957      0.507      0.735     6.5328 0.0000e+00
      0.527      0.015     8.0078     65.117     37.263  23.500222     1.7881      8.026   293.6089 4.6923e+01    10.1355      0.513      0.744     6.5334 0.0000e+00
      0.538      0.005     8.0035     65.104     37.252  23.492898     1.8135      8.024   293.7034 4.6613e+01    10.0533      0.527      0.764     6.5337 0.0000e+00
      0.552     -0.004     8.0039     65.101     37.234  23.480904     1.7918      8.024   293.7114 4.7172e+01    10.0214      0.542      0.787     6.5335 0.0000e+00
      0.563     -0.009     8.0034     65.105     37.236  23.481951     1.7753      8.025   293.7047 4.8045e+01    10.0565      0.555      0.806     6.5330 0.0000e+00
      0.568     -0.009     8.0061     65.100     37.273  23.505563     1.7561      8.025   293.7089 4.8670e+01    10.0675      0.561      0.813     6.5325 0.0000e+00
      0.568     -0.007     8.0094     65.091     37.284  23.512886     1.7429      8.026   293.6762 4.8896e+01    10.0182      0.556      0.807     6.5320 0.0000e+00
      0.566     -0.002     8.0025     65.099     37.275  23.507116     1.7402      8.028   293.7401 4.9069e+01    10.0068      0.555      0.805     6.5315 0.0000e+00
      0.562      0.004     7.9978     65.107     37.262  23.499173     1.7565      8.030   293.8776 4.9492e+01    10.0663      0.552      0.801     6.5314 0.0000e+00
      0.557      0.010     7.9973     65.080     37.232  23.480223     1.7910      8.032   293.9622 4.9874e+01    10.1232      0.545      0.790     6.5312 0.0000e+00
      0.553      0.015     7.9945     65.051     37.212  23.468125     1.8071      8.033   294.0756 5.0353e+01    10.1147      0.540      0.783     6.5306 0.0000e+00
      0.552      0.018     7.9944     65.056     37.230  23.479647     1.8007      8.032   294.2154 5.1237e+01    10.0651      0.541      0.786     6.5302 0.0000e+00
      0.552      0.018     7.9966     65.068     37.250  23.492785     1.7807      8.032   294.2763 5.1934e+01    10.0360      0.542      0.787     6.5300 0.0000e+00
      0.553      0.016     7.9951     65.075     37.261  23.500221     1.7406      8.033   294.2100 5.1969e+01    10.0696      0.542      0.786     6.5301 0.0000e+00
      0.557      0.012     7.9928     65.061     37.270  23.506180     1.7062      8.033   294.1011 5.2161e+01    10.0968      0.546      0.791     6.5303 0.0000e+00
      0.563      0.008     7.9936     65.043     37.262  23.501466     1.6897      8.033   294.1650 5.2658e+01    10.0574      0.552      0.801     6.5303 0.0000e+00
      0.569     -0.001     7.9992     65.056     37.270  23.506599     1.7074      8.033   294.3801 5.2709e+01    10.0366      0.559      0.810     6.5304 0.0000e+00
      0.575     -0.027     7.9922     65.071     37.268  23.504868     1.7707      8.029   294.3787 5.2306e+01    10.0503      0.564      0.817     6.5308 0.0000e+00
      0.581     -0.080     7.9855     65.051     37.229  23.480538     1.8146      8.025   293.8042 5.1988e+01    10.0179      0.570      0.827     6.5314 0.0000e+00
      0.586     -0.157     7.9904     65.023     37.206  23.465928     1.8133      8.024   292.6820 5.2286e+01     9.9532      0.577      0.837     6.5322 0.0000e+00
      0.584     -0.238     7.9894     65.018     37.188  23.454977     1.8049      8.029   291.8233 5.2597e+01     9.9517      0.574      0.833     6.5331 0.0000e+00
      0.581     -0.299     7.9932     65.005     37.218  23.474882     1.7966      8.035   291.6810 5.2489e+01    10.1012      0.565      0.821     6.5336 0.0000e+00
      0.582     -0.328     7.9896     64.975     37.282  23.516467     1.7796      8.039   291.8230 5.2570e+01    10.2917      0.568      0.825     6.5339 0.0000e+00
      0.583     -0.321     7.9848     64.939     37.277  23.514162     1.7650      8.039   291.9914 5.3434e+01    10.3077      0.577      0.836     6.5339 0.0000e+00
      0.563     -0.277     7.9881     64.909     37.270  23.510381     1.7535      8.039   291.9964 5.7799e+01    10.2616      0.571      0.830     6.5337 0.0000e+00
      0.490     -0.202     7.9937     64.892     37.307  23.534134     1.7495      8.039   291.8830 6.9795e+01    10.2462      0.506      0.735     6.5336 0.0000e+00
      0.357     -0.114     7.9886     64.892     37.328  23.547858     1.7579      8.037   291.9967 8.9430e+01    10.1554      0.358      0.519     6.5334 0.0000e+00
      0.205     -0.039     7.9822     64.913     37.330  23.549558     1.7549      8.035   292.2530 1.0897e+02    10.0529      0.184      0.268     6.5336 0.0000e+00
      0.092      0.005     7.9856     64.949     37.338  23.554699     1.7464      8.035   292.2289 1.1885e+02     9.9968      0.061      0.090     6.5345 0.0000e+00
      0.044      0.020     7.9826     64.997     37.327  23.546644     1.7714      8.037   291.8769 1.2052e+02    10.0575      0.027      0.039     6.5357 0.0000e+00
      0.039      0.023     7.9787     65.044     37.278  23.515524     1.8248      8.040   291.6968 1.2062e+02    10.2403      0.040      0.057     6.5368 0.0000e+00
      0.040      0.024     7.9730     65.079     37.247  23.495308     1.8588      8.040   291.8581 1.2069e+02    10.3284      0.041      0.058     6.5380 0.0000e+00
      0.040      0.023     7.9693     65.114     37.243  23.492341     1.8583      8.038   292.0205 1.2064e+02    10.3038      0.034      0.049     6.5390 0.0000e+00
      0.050      0.019     7.9666     65.139     37.223  23.479656     1.8264      8.036   292.1110 1.1793e+02    10.2502      0.045      0.067     6.5397 0.0000e+00
      0.065      0.014     7.9661     65.139     37.206  23.468690     1.7816      8.033   292.1781 1.1309e+02    10.1577      0.068      0.098     6.5402 0.0000e+00
      0.072      0.009     7.9696     65.130     37.234  23.486498     1.7572      8.030   292.1440 1.1101e+02    10.1080      0.075      0.109     6.5408 0.0000e+00
      0.072      0.002     7.9736     65.127     37.262  23.504839     1.7566      8.026   291.9555 1.0937e+02    10.0929      0.068      0.099     6.5407 0.0000e+00
      0.073     -0.005     7.9805     65.127     37.254  23.500325     1.7407      8.024   291.7063 1.0537e+02    10.0437      0.068      0.099     6.5396 0.0000e+00
      0.081     -0.008     7.9873     65.122     37.245  23.495296     1.6989      8.024   291.5403 1.0362e+02    10.0260      0.081      0.117     6.5387 0.0000e+00
      0.088     -0.005     7.9903     65.102     37.264  23.507414     1.6832      8.024   291.4968 1.0359e+02    10.0495      0.090      0.129     6.5379 0.0000e+00
      0.092      0.003     7.9951     65.087     37.284  23.520090     1.6837      8.023   291.5252 1.0245e+02    10.0200      0.091      0.131     6.5373 0.0000e+00
      0.092      0.009     8.0006     65.098     37.288  23.521809     1.6721      8.023   291.4539 1.0396e+02     9.9762      0.091      0.132     6.5373 0.0000e+00
      0.089      0.008     7.9980     65.110     37.298  23.528189     1.6847      8.022   291.1511 1.0864e+02     9.9990      0.090      0.130     6.5375 0.0000e+00
      0.080     -0.007     7.9966     65.097     37.308  23.533855     1.7200      8.022   290.8753 1.1665e+02    10.0567      0.082      0.118     6.5378 0.0000e+00
      0.069     -0.032     7.9968     65.066     37.296  23.526951     1.7405      8.022   290.8719 1.2432e+02    10.1273      0.063      0.091     6.5385 0.0000e+00
      0.067     -0.057     7.9960     65.030     37.265  23.508095     1.7411      8.024   290.9384 1.2489e+02    10.1348      0.059      0.086     6.5394 0.0000e+00
      0.079     -0.074     7.9969     65.003     37.245  23.495992     1.7359      8.028   290.9910 1.2017e+02    10.0797      0.077      0.112     6.5399 0.0000e+00
      0.097     -0.079     7.9933     64.977     37.263  23.507362     1.7349      8.030   291.0771 1.1409e+02    10.0753      0.097      0.141     6.5402 0.0000e+00
      0.107     -0.071     7.9889     64.937     37.281  23.518819     1.7382      8.032   291.0331 1.1211e+02    10.0815      0.111      0.160     6.5401 0.0000e+00
      0.102     -0.051     7.9933     64.892     37.264  23.507763     1.7427      8.034   290.8895 1.1657e+02    10.0530      0.109      0.158     6.5394 0.0000e+00
      0.073     -0.024     7.9961     64.878     37.252  23.500438     1.7563      8.036   290.8899 1.2620e+02    10.0380      0.082      0.119     6.5385 0.0000e+00
      0.024      0.000     7.9936     64.900     37.242  23.493629     1.7777      8.036   290.9518 1.3889e+02    10.0708      0.020      0.029     6.5380 0.0000e+00
     -0.018      0.012     7.9898     64.927     37.234  23.488811     1.8009      8.037   291.2070 1.4792e+02    10.1077     -0.031     -0.045     6.5386 0.0000e+00
     -0.032      0.006     7.9830     64.962     37.261  23.505562     1.8114      8.038   291.3953 1.4845e+02    10.0743     -0.038     -0.057     6.5401 0.0000e+00
     -0.025     -0.016     7.9814     65.021     37.262  23.506032     1.7716      8.037   291.1626 1.4285e+02    10.0088     -0.026     -0.038     6.5412 0.0000e+00
     -0.015     -0.049     7.9775     65.092     37.244  23.494501     1.7117      8.034   292.5241 1.3814e+02     9.9989     -0.012     -0.016     6.5417 0.0000e+00
     -0.011     -0.092     7.9742     65.154     37.240  23.492895     1.6946      8.032   295.4669 1.3707e+02    10.0225     -0.010     -0.014     6.5412 0.0000e+00
     -0.008     -0.137     7.9649     65.208     37.228  23.486618     1.6979      8.033   296.8882 1.3498e+02    10.0213     -0.012     -0.016     6.5406 0.0000e+00
     -0.003     -0.174     7.9635     65.224     37.218  23.481983     1.6599      8.036   296.7175 1.3218e+02    10.0179     -0.002     -0.004     6.5404 0.0000e+00
     -0.001     -0.193     7.9692     65.211     37.244  23.500219     1.5930      8.038   295.9835 1.3368e+02    10.0160      0.002      0.003     6.5403 0.0000e+00
     -0.009     -0.187     7.9709     65.210     37.268  23.516988     1.5635      8.038   295.6713 1.4530e+02    10.0324     -0.005     -0.007     6.5404 0.0000e+00
     -0.031     -0.160     7.9751     65.205     37.232  23.494614     1.5701      8.036   296.6424 1.7800e+02    10.0464     -0.023     -0.033     6.5406 0.0000e+00
     -0.076     -0.122     7.9817     65.176     37.213  23.483196     1.5722      8.033   297.6585 2.6683e+02    10.0143     -0.066     -0.095     6.5403 0.0000e+00
     -0.142     -0.090     7.9940     65.141     37.248  23.505685     1.5976      8.030   298.0620 6.2093e+02    10.0192     -0.134     -0.196     6.5402 0.0000e+00
     -0.218     -0.083     7.9978     65.121     37.260  23.513029     1.6946      8.029   297.6495 1.2133e+03    10.0710     -0.217     -0.316     6.5409 0.0000e+00
     -0.285     -0.108     8.0087     65.095     37.254  23.508623     2.2031      8.029   295.8543 1.5942e+03    10.0946     -0.290     -0.420     6.5424 0.0000e+00
     -0.325     -0.158     8.0091     65.053     37.265  23.515783     7.4386      8.033   291.8437 1.6803e+03     9.9633     -0.328     -0.476     6.5447 0.0000e+00
     -0.339     -0.215     8.0032     65.009     37.296  23.536230    64.9214      8.044   286.4989 1.6759e+03     8.6199     -0.338     -0.490     6.5472 0.0000e+00
     -0.335     -0.260     8.0055     64.958     37.341  23.565714   170.2694      8.058   282.4234 1.6417e+03     6.2517     -0.331     -0.480     6.5493 0.0000e+00
     -0.325     -0.275     8.0047     64.898     37.425  23.618772   227.2877      8.068   280.0804 1.5843e+03     5.0012     -0.313     -0.454     6.5507 0.0000e+00
     -0.331     -0.257     8.0010     64.786     37.507  23.670742   227.2471      8.076   279.5937 1.5118e+03     4.7397     -0.309     -0.448     6.5516 0.0000e+00
     -0.379     -0.211     7.9936     64.614     37.533  23.687074   169.7362      8.081   281.0136 1.4803e+03     3.3967     -0.354     -0.514     6.5515 0.0000e+00
     -0.468     -0.151     7.9942     64.404     37.537  23.689496    63.4756      8.085   283.4819 1.4806e+03     1.0604     -0.453     -0.658     6.5506 0.0000e+00
     -0.574     -0.091     7.9919     64.103     37.553  23.700017     5.5031      8.086   285.4322 1.4064e+03    -0.1773     -0.565     -0.820     6.5500 0.0000e+00
     -0.674     -0.044     7.9837     63.736     37.533  23.687529     0.2347      8.086   288.3332 1.3184e+03    -0.2277     -0.668     -0.969     6.5508 0.0000e+00
     -0.749     -0.015     7.9810     63.366     37.096  23.411762    -0.3735      8.089   288.9600 1.3336e+03    -0.2314     -0.751     -1.089     6.5520 0.0000e+00
     -0.788     -0.003     7.9717     62.984     32.471  20.492493    -0.6612      8.089   272.1892 1.2538e+03    -0.2564     -0.783     -1.136     6.5529 0.0000e+00
