Data/DataNotYetUploadedToEDI/Raw_CTD/RawDownloads/112822_fcr50_S7809008.cnv
* Sea-Bird SBE19plus  Data File:
* FileName = C:\R\Reservoirs\Data\DataNotYetUploadedToEDI\Raw_CTD\RawDownloads\112822_bvr50_S7809_0008.hex
* Software version 2.8.0.119
* Temperature SN = 7809
* Conductivity SN = 7809
* System UpLoad Time = Nov 28 2022 16:48:19
* <ApplicationData>
* <Seaterm232>
# nquan = 15
# nvalues = 1313                        
# units = specified
# name 0 = depFM: Depth [fresh water, m]
# name 1 = dz/dtM: Descent Rate [m/s]
# name 2 = sbeox0Mg/L: Oxygen, SBE 43 [mg/l]
# name 3 = sbeox0PS: Oxygen, SBE 43 [% saturation]
# name 4 = specc: Specific Conductance [uS/cm]
# name 5 = c0uS/cm: Conductivity [uS/cm]
# name 6 = flECO-AFL: Fluorescence, WET Labs ECO-AFL/FL [mg/m^3]
# name 7 = ph: pH
# name 8 = orp: Oxidation Reduction Potential [mV]
# name 9 = par/sat/log: PAR/Logarithmic, Satlantic
# name 10 = turbWETntu0: Turbidity, WET Labs ECO [NTU]
# name 11 = prdM: Pressure, Strain Gauge [db]
# name 12 = prdE: Pressure, Strain Gauge [psi]
# name 13 = tv290C: Temperature [ITS-90, deg C]
# name 14 = flag:  0.000e+00
# span 0 =     -0.713,      9.599       
# span 1 =     -0.283,      0.273       
# span 2 =     0.4624,     9.1032       
# span 3 =      3.933,     76.706       
# span 4 =      1.442,    720.160       
# span 5 =   1.032065, 466.855174       
# span 6 =    -1.6519,   227.2272       
# span 7 =      7.220,     11.867       
# span 8 =   161.1774,  1240.2295       
# span 9 = 1.2367e-01, 1.5161e+03       
# span 10 =    -1.0488,    85.2887      
# span 11 =     -0.701,      9.413      
# span 12 =     -1.016,     13.653      
# span 13 =     7.2867,    10.8015      
# span 14 = 0.0000e+00, 0.0000e+00      
# interval = seconds: 0.25
# start_time = Nov 28 2022 09:42:31 [Instrument's time stamp, header]
# bad_flag = -9.990e-29
*END*
[from data line 1254]
     -0.188     -0.146     6.4716     54.067     40.712  26.641614     3.5790      8.167   251.4600 2.4325e+02     7.5947     -0.181     -0.263     7.6701 0.0000e+00
     -0.229     -0.161     6.4706     54.026     40.797  26.700704     3.4645      8.168   250.1257 2.6688e+02     9.6177     -0.224     -0.326     7.6772 0.0000e+00
     -0.267     -0.176     6.4716     54.042     40.887  26.762963     3.3546      8.170   249.4416 3.9748e+02     9.5758     -0.266     -0.387     7.6845 0.0000e+00
     -0.294     -0.182     6.4720     54.163     41.074  26.887298     2.2928      8.172   249.9865 5.4432e+02     7.0882     -0.293     -0.425     7.6916 0.0000e+00
     -0.310     -0.174     6.4718     54.506     42.986  28.140646     0.3980      8.169   251.0353 5.6397e+02     2.4946     -0.302     -0.440     7.6980 0.0000e+00
     -0.332     -0.150     6.4718     55.263     44.853  29.365030    -0.1708      8.166   251.7983 4.7966e+02     0.0132     -0.314     -0.456     7.7039 0.0000e+00
     -0.379     -0.120     6.4671     56.618     43.245  28.315144     5.0119      8.168   256.0280 3.2712e+02     0.0411     -0.361     -0.523     7.7091 0.0000e+00
     -0.448     -0.095     6.4558     58.535     40.918  26.794294    63.1027      8.173   264.6625 2.2462e+02     3.0373     -0.443     -0.642     7.7141 0.0000e+00
     -0.515     -0.078     6.4458     60.810     35.638  23.338475   169.5957      8.177   270.7608 2.0820e+02     8.6050     -0.513     -0.744     7.7180 0.0000e+00
     -0.566     -0.067     6.4387     63.231     23.264  15.236195   227.2272      8.179   273.2338 2.0289e+02    11.6793     -0.560     -0.811     7.7216 0.0000e+00
     -0.602     -0.060     6.4392     65.499     11.964   7.835976   227.2173      8.180   274.9468 1.9941e+02    12.1979     -0.598     -0.867     7.7261 0.0000e+00
     -0.619     -0.055     6.4481     67.340      8.311   5.443436   169.3590      8.180   276.3295 1.9391e+02    14.2953     -0.614     -0.892     7.7291 0.0000e+00
     -0.616     -0.049     6.4809     68.630      8.105   5.308273    62.4265      8.180   278.0785 1.8915e+02    18.0460     -0.605     -0.878     7.7307 0.0000e+00
     -0.616     -0.037     6.5594     69.308      7.825   5.125333     4.0753      8.182   280.0042 1.8398e+02    20.1424     -0.587     -0.851     7.7332 0.0000e+00
     -0.647     -0.019     6.7217     69.423      7.833   5.131051    -1.2265      8.185   281.8884 1.7430e+02    20.2068     -0.627     -0.911     7.7362 0.0000e+00
     -0.687     -0.005     6.9639     69.136      8.016   5.250795    -1.6519      8.185   284.2553 1.6806e+02    18.3807     -0.689     -0.999     7.7392 0.0000e+00
     -0.704     -0.000     7.2373     68.600      8.006   5.243484    -1.0437      8.184   286.7686 1.6790e+02    12.7855     -0.693     -1.005     7.7421 0.0000e+00
     -0.704     -0.000     7.5422     68.025      7.893   5.169294     0.1521      8.184   289.0455 1.6462e+02     6.2208     -0.690     -1.000     7.7448 0.0000e+00
     -0.704     -0.001     7.8255     67.585      7.614   4.986938     0.8037      8.184   291.8236 1.6083e+02     3.3629     -0.692     -1.003     7.7468 0.0000e+00
     -0.704     -0.001     8.0463     67.272      7.056   4.621547     0.8582      8.184   295.0635 1.6118e+02     3.8507     -0.690     -1.000     7.7483 0.0000e+00
     -0.704     -0.001     8.2045     67.088      6.464   4.233764     0.8869      8.183   298.7070 1.6098e+02    12.5289     -0.691     -1.002     7.7491 0.0000e+00
     -0.704     -0.001     8.2837     67.042      6.063   3.970571     0.9433      8.182   302.3216 1.8247e+02    28.4935     -0.690     -1.001     7.7492 0.0000e+00
     -0.704     -0.001     8.2873     67.084      5.679   3.718602     0.9822      8.181   304.7817 2.0062e+02    37.1483     -0.690     -1.001     7.7492 0.0000e+00
     -0.704     -0.001     8.2496     67.181      5.004   3.276555     0.9990      8.178   306.0827 1.6469e+02    37.1375     -0.691     -1.002     7.7488 0.0000e+00
     -0.705      0.000     8.1769     67.311      4.476   2.931014     1.1129      8.176   307.2964 1.3571e+02    28.5333     -0.692     -1.003     7.7480 0.0000e+00
     -0.705 -1.863e-08     8.0959     67.435      4.616   3.022811     1.3278      8.176   308.5299 1.5893e+02    12.7073     -0.691     -1.003     7.7472 0.0000e+00
     -0.705 -2.049e-07     8.0510     67.559      5.056   3.310191     1.4414      8.177   308.7787 2.0688e+02     4.0812     -0.692     -1.003     7.7463 0.0000e+00
     -0.705 -2.049e-07     8.0112     67.708      5.336   3.493400     1.4132      8.179   309.0147 2.6127e+02     3.2809     -0.692     -1.003     7.7452 0.0000e+00
     -0.705 -1.863e-08     7.9882     67.850      5.293   3.465255     0.9778      8.179   309.5757 2.9669e+02     3.2022     -0.692     -1.003     7.7439 0.0000e+00
     -0.705 -1.693e-09     7.9871     67.975      4.923   3.223138     0.1647      8.179   308.8512 3.0996e+02     3.1976     -0.692     -1.003     7.7425 0.0000e+00
     -0.706 -1.539e-10     7.9930     68.100      4.443   2.908495    -0.2867      8.179   309.2884 4.2261e+02     3.1914     -0.693     -1.005     7.7411 0.0000e+00
     -0.706 -1.399e-11     8.0049     68.244      4.221   2.763160    -0.3277      8.181   313.8294 6.3776e+02     3.1618     -0.692     -1.004     7.7398 0.0000e+00
     -0.706 -1.251e-12     8.0240     68.405      3.980   2.605496    -0.2887      8.182   318.6718 8.4069e+02     2.4970     -0.691     -1.003     7.7385 0.0000e+00
     -0.706 1.1566e-13     8.0385     68.578      3.465   2.268346    -0.2147      8.181   320.2574 8.2906e+02     1.2002     -0.692     -1.004     7.7372 0.0000e+00
     -0.706 2.5339e-12     8.0498     68.765      3.120   2.042072    -0.1827      8.180   318.2883 5.1239e+02     0.4626     -0.692     -1.004     7.7358 0.0000e+00
     -0.706 2.7988e-11     8.0728     68.930      2.993   1.958822    -0.1839      8.179   314.6530 2.9402e+02     0.3762     -0.692     -1.004     7.7346 0.0000e+00
     -0.706 3.0787e-10     8.0880     69.076      2.992   1.958160    -0.1715      8.177   314.3325 2.9146e+02     0.3608     -0.692     -1.003     7.7335 0.0000e+00
     -0.706 3.3866e-09     8.1039     69.236      3.011   1.970769    -0.0491      8.174   316.3064 2.9268e+02     0.0719     -0.693     -1.004     7.7323 0.0000e+00
     -0.706 3.7253e-08     8.1170     69.390      2.839   1.858048     0.1724      8.170   316.4059 2.8421e+02    -0.4870     -0.692     -1.005     7.7310 0.0000e+00
     -0.706 4.0978e-07     8.1345     69.510      2.650   1.734773     0.2923      8.165   316.5681 3.1695e+02    -0.7605     -0.692     -1.004     7.7299 0.0000e+00
     -0.706      0.000     8.1558     69.598      2.571   1.683098     0.3193      8.161   317.5800 4.2713e+02    -0.7746     -0.692     -1.004     7.7286 0.0000e+00
     -0.706      0.000     8.1737     69.675      2.464   1.613084     0.4653      8.158   317.7132 4.8420e+02    -0.8969     -0.693     -1.005     7.7274 0.0000e+00
     -0.706      0.001     8.2007     69.770      2.324   1.521301     0.7251      8.156   317.1459 4.1974e+02    -1.0439     -0.693     -1.005     7.7262 0.0000e+00
     -0.706      0.001     8.2200     69.850      2.327   1.522950     0.8723      8.155   316.6584 5.1350e+02    -1.0488     -0.692     -1.004     7.7250 0.0000e+00
     -0.706      0.001     8.2342     69.881      2.592   1.696316     0.8638      8.155   316.7232 7.5657e+02    -0.9561     -0.693     -1.005     7.7239 0.0000e+00
     -0.706      0.001     8.2560     69.909      2.819   1.844884     0.6222      8.155   315.8639 8.5677e+02    -0.4697     -0.693     -1.005     7.7230 0.0000e+00
     -0.706      0.000     8.2757     69.948      2.751   1.799923     0.1990      8.156   313.9257 8.6656e+02     0.3907     -0.693     -1.005     7.7222 0.0000e+00
     -0.705 1.8640e-08     8.2896     69.987      2.632   1.722461    -0.0252      8.156   313.8526 8.1433e+02     0.8728     -0.692     -1.003     7.7213 0.0000e+00
     -0.705 2.0504e-07     8.3006     70.040      2.646   1.731285    -0.0492      8.156   315.0660 7.3162e+02     0.9184     -0.692     -1.003     7.7203 0.0000e+00
     -0.705 2.0658e-07     8.3060     70.103      2.721   1.779996    -0.1078      8.156   316.0357 7.3802e+02     0.7713     -0.692     -1.004     7.7194 0.0000e+00
     -0.705 3.7253e-08     8.3205     70.134      2.759   1.804968    -0.1602      8.156   316.6283 6.8994e+02     0.6320     -0.692     -1.003     7.7185 0.0000e+00
     -0.705 -9.990e-29     8.3339 -9.990e-29 -9.990e-29 -9.990e-29 -9.990e-29 -9.990e-29 -9.990e-29 5.0987e+02 -9.990e-29     -0.691     -1.003     7.7176 0.0000e+00
     -0.705 -9.990e-29     8.3321 -9.990e-29 -9.990e-29 -9.990e-29 -9.990e-29 -9.990e-29 -9.990e-29 3.6407e+02 -9.990e-29     -0.692     -1.003     7.7167 0.0000e+00
     -0.705 -9.990e-29     8.3367 -9.990e-29 -9.990e-29 -9.990e-29 -9.990e-29 -9.990e-29 -9.990e-29 3.4593e+02 -9.990e-29     -0.692     -1.003     7.7156 0.0000e+00
     -0.705 -9.990e-29     8.3426 -9.990e-29 -9.990e-29 -9.990e-29 -9.990e-29 -9.990e-29 -9.990e-29 4.3756e+02 -9.990e-29     -0.691     -1.003     7.7146 0.0000e+00
     -0.705 -9.990e-29     8.3459 -9.990e-29 -9.990e-29 -9.990e-29 -9.990e-29 -9.990e-29 -9.990e-29 6.0312e+02 -9.990e-29     -0.692     -1.003     7.7134 0.0000e+00
     -0.705 -9.990e-29     8.3525 -9.990e-29 -9.990e-29 -9.990e-29 -9.990e-29 -9.990e-29 -9.990e-29 7.8213e+02 -9.990e-29     -0.691     -1.003     7.7123 0.0000e+00
     -0.705 -9.990e-29     8.3623 -9.990e-29 -9.990e-29 -9.990e-29 -9.990e-29 -9.990e-29 -9.990e-29 9.1303e+02 -9.990e-29     -0.692     -1.003     7.7112 0.0000e+00
     -0.705 -9.990e-29     8.3689 -9.990e-29 -9.990e-29 -9.990e-29 -9.990e-29 -9.990e-29 -9.990e-29 9.5988e+02 -9.990e-29     -0.692     -1.004     7.7103 0.0000e+00
