Data/DataNotYetUploadedToEDI/Raw_CTD/RawDownloads/112822_bvr50_S7809007.cnv
* Sea-Bird SBE19plus  Data File:
* FileName = C:\R\Reservoirs\Data\DataNotYetUploadedToEDI\Raw_CTD\RawDownloads\112822_bvr50_S7809_0007.hex
* Software version 2.8.0.119
* Temperature SN = 7809
* Conductivity SN = 7809
* System UpLoad Time = Nov 28 2022 16:47:44
* <ApplicationData>
* <Seaterm232>
# nquan = 15
# nvalues = 1075                        
# units = specified
# name 0 = depFM: Depth [fresh water, m]
# name 1 = dz/dtM: Descent Rate [m/s]
# name 2 = sbeox0Mg/L: Oxygen, SBE 43 [mg/l]
# name 3 = sbeox0PS: Oxygen, SBE 43 [% saturation]
# name 4 = specc: Specific Conductance [uS/cm]
# name 5 = c0uS/cm: Conductivity [uS/cm]
# name 6 = flECO-AFL: Fluorescence, WET Labs ECO-AFL/FL [mg/m^3]
# name 7 = ph: pH
# name 8 = orp: Oxidation Reduction Potential [mV]
# name 9 = par/sat/log: PAR/Logarithmic, Satlantic
# name 10 = turbWETntu0: Turbidity, WET Labs ECO [NTU]
# name 11 = prdM: Pressure, Strain Gauge [db]
# name 12 = prdE: Pressure, Strain Gauge [psi]
# name 13 = tv290C: Temperature [ITS-90, deg C]
# name 14 = flag:  0.000e+00
# span 0 =     -0.806,      7.598       
# span 1 =     -0.420,      0.315       
# span 2 =     6.2842,     9.1579       
# span 3 =     51.656,     74.991       
# span 4 =      3.545,     40.785       
# span 5 =   2.518162,  26.510647       
# span 6 =    -0.8172,   227.2877       
# span 7 =      1.877,      8.124       
# span 8 = -1235.3393,   519.3025       
# span 9 = 1.2367e-01, 2.6574e+03       
# span 10 =    -0.3496,    10.3774      
# span 11 =     -0.791,      7.452      
# span 12 =     -1.147,     10.808      
# span 13 =     6.5134,    10.5893      
# span 14 = 0.0000e+00, 0.0000e+00      
# interval = seconds: 0.25
# start_time = Nov 28 2022 08:05:51 [Instrument's time stamp, header]
# bad_flag = -9.990e-29
*END*
[from data line 193]
      0.870      0.085     7.9679     64.842     37.188  23.451690     1.8469      7.931   282.6112 4.3121e+01    10.0626      0.858      1.244     6.5367 0.0000e+00
      0.880      0.089     7.9629     64.815     37.179  23.445928     1.8534      7.931   282.8838 4.2674e+01    10.0324      0.865      1.253     6.5343 0.0000e+00
      0.888      0.088     7.9635     64.809     37.189  23.452111     1.8596      7.927   282.9663 4.2035e+01    10.0670      0.864      1.254     6.5318 0.0000e+00
      0.909      0.081     7.9664     64.790     37.206  23.463067     1.8718      7.922   283.0918 4.0800e+01    10.1059      0.886      1.284     6.5329 0.0000e+00
      0.941      0.071     7.9700     64.780     37.187  23.451647     1.8681      7.917   282.8521 3.9572e+01    10.0924      0.926      1.344     6.5350 0.0000e+00
      0.970      0.065     7.9652     64.807     37.170  23.440786     1.8566      7.916   282.2201 3.8673e+01    10.0745      0.955      1.385     6.5337 0.0000e+00
      0.990      0.067     7.9629     64.828     37.198  23.458498     1.8568      7.922   281.7308 3.7720e+01    10.0945      0.970      1.406     6.5316 0.0000e+00
      1.010      0.079     7.9717     64.819     37.225  23.475668     1.8954      7.938   281.7549 3.6886e+01    10.0947      0.989      1.433     6.5305 0.0000e+00
      1.033      0.098     7.9615     64.808     37.197  23.458272     1.9575      7.957   282.4249 3.6105e+01    10.0768      1.015      1.471     6.5298 0.0000e+00
      1.052      0.117     7.9586     64.757     37.165  23.438282     1.9833      7.973   283.0344 3.5151e+01    10.0497      1.034      1.499     6.5297 0.0000e+00
      1.064      0.130     7.9608     64.710     37.143  23.424102     1.9743      7.982   283.1876 3.4309e+01    10.0397      1.042      1.513     6.5298 0.0000e+00
      1.075      0.134     7.9571     64.736     37.126  23.413572     1.9648      7.986   283.1584 3.3752e+01    10.0590      1.055      1.531     6.5298 0.0000e+00
      1.087      0.128     7.9526     64.763     37.164  23.437712     1.9514      7.987   282.9396 3.3188e+01    10.0435      1.064      1.543     6.5299 0.0000e+00
      1.105      0.114     7.9591     64.705     37.203  23.462480     1.9213      7.985   282.8653 3.2176e+01    10.0237      1.076      1.561     6.5303 0.0000e+00
      1.142      0.097     7.9652     64.640     37.198  23.459537     1.8998      7.982   283.1207 3.0554e+01    10.0246      1.113      1.614     6.5305 0.0000e+00
      1.197      0.082     7.9568     64.663     37.206  23.465506     1.9005      7.979   283.1887 2.8933e+01    10.0540      1.174      1.703     6.5304 0.0000e+00
      1.251      0.077     7.9637     64.741     37.215  23.471278     1.9046      7.976   283.1707 2.8101e+01    10.1051      1.237      1.793     6.5303 0.0000e+00
      1.285      0.081     7.9526     64.815     37.207  23.465938     1.9072      7.973   283.5056 2.7792e+01    10.0963      1.268      1.838     6.5306 0.0000e+00
      1.300      0.088     7.9413     64.852     37.206  23.464315     1.9071      7.972   283.7107 2.7337e+01    10.0848      1.276      1.851     6.5309 0.0000e+00
      1.310      0.088     7.9491     64.835     37.188  23.451660     1.9119      7.970   283.5855 2.6834e+01    10.1363      1.284      1.863     6.5307 0.0000e+00
      1.320      0.082     7.9608     64.815     37.169  23.439665     1.9312      7.967   283.5404 2.6455e+01    10.1387      1.292      1.873     6.5309 0.0000e+00
      1.339      0.068     7.9460     64.853     37.178  23.446045     1.9582      7.962   283.6806 2.5785e+01    10.0794      1.310      1.899     6.5316 0.0000e+00
      1.366      0.052     7.9317     64.879     37.208  23.465424     1.9715      7.957   283.7322 2.4840e+01    10.0341      1.341      1.944     6.5324 0.0000e+00
      1.393      0.037     7.9390     64.854     37.235  23.483850     1.9680      7.953   283.5624 2.4057e+01    10.0346      1.366      1.981     6.5331 0.0000e+00
      1.422      0.026     7.9505     64.817     37.224  23.478707     1.9825      7.949   283.5202 2.3411e+01    10.0857      1.394      2.021     6.5334 0.0000e+00
      1.450      0.022     7.9611     64.793     37.203  23.466616     2.0126      7.945   283.6518 2.2890e+01    10.1052      1.427      2.069     6.5331 0.0000e+00
      1.466      0.024     7.9668     64.798     37.198  23.464417     2.0237      7.943   283.6915 2.2623e+01    10.0658      1.442      2.092     6.5315 0.0000e+00
      1.470      0.029     7.9646     64.829     37.178  23.452121     2.0343      7.940   283.6565 2.2529e+01    10.0534      1.441      2.090     6.5298 0.0000e+00
      1.471      0.034     7.9534     64.858     37.166  23.444693     2.0248      7.938   283.5724 2.2509e+01    10.0921      1.440      2.089     6.5292 0.0000e+00
      1.473      0.039     7.9673     64.851     37.156  23.437978     1.9743      7.937   283.5349 2.2500e+01    10.1240      1.444      2.094     6.5296 0.0000e+00
      1.476      0.044     7.9710     64.824     37.152  23.434312     1.9319      7.936   283.4607 2.2429e+01    10.0975      1.446      2.097     6.5312 0.0000e+00
      1.481      0.049     7.9636     64.839     37.202  23.463738     1.9114      7.936   283.1923 2.2401e+01    10.0445      1.450      2.103     6.5330 0.0000e+00
      1.493      0.055     7.9591     64.909     37.225  23.476884     1.9098      7.936   282.9577 2.2385e+01    10.0295      1.463      2.122     6.5351 0.0000e+00
      1.506      0.063     7.9542     64.997     37.210  23.466514     1.9457      7.936   282.9462 2.2225e+01    10.0190      1.478      2.144     6.5378 0.0000e+00
      1.515      0.072     7.9545     65.037     37.209  23.465098     2.0042      7.936   283.2256 2.2083e+01     9.9853      1.486      2.156     6.5390 0.0000e+00
      1.524      0.077     7.9601     64.957     37.202  23.459766     2.0343      7.936   283.6684 2.1981e+01     9.9640      1.493      2.166     6.5388 0.0000e+00
      1.535      0.077     7.9653     64.846     37.212  23.465415     2.0277      7.935   283.9984 2.1828e+01     9.9674      1.505      2.182     6.5389 0.0000e+00
      1.549      0.071     7.9649     64.804     37.220  23.470023     1.9661      7.934   284.0317 2.1688e+01    10.0254      1.519      2.204     6.5386 0.0000e+00
      1.566      0.060     7.9566     64.783     37.191  23.452110     1.8628      7.933   283.8128 2.1464e+01    10.0854      1.534      2.225     6.5367 0.0000e+00
      1.587      0.046     7.9588     64.751     37.170  23.438960     1.8028      7.931   283.5886 2.1089e+01    10.0777      1.553      2.252     6.5339 0.0000e+00
      1.612      0.032     7.9714     64.762     37.167  23.437779     1.7983      7.930   283.3862 2.0746e+01    10.1024      1.582      2.294     6.5322 0.0000e+00
      1.637      0.023     7.9814     64.808     37.167  23.437827     1.8334      7.929   283.2581 2.0484e+01    10.1447      1.606      2.330     6.5310 0.0000e+00
      1.657      0.021     7.9970     64.826     37.168  23.439540     1.8774      7.929   283.3301 2.0335e+01    10.1116      1.626      2.358     6.5296 0.0000e+00
      1.672      0.026     7.9782     64.870     37.198  23.458490     1.8898      7.930   283.4827 2.0459e+01    10.0438      1.644      2.384     6.5287 0.0000e+00
      1.680      0.034     7.9584     64.899     37.228  23.476822     1.8997      7.931   283.7272 2.0808e+01    10.0082      1.650      2.394     6.5281 0.0000e+00
      1.681      0.042     7.9591     64.848     37.219  23.471070     1.9219      7.931   283.9624 2.1235e+01     9.9882      1.649      2.392     6.5277 0.0000e+00
      1.680      0.047     7.9585     64.814     37.188  23.452310     1.9329      7.931   284.0044 2.1545e+01     9.9392      1.647      2.389     6.5276 0.0000e+00
      1.680      0.048     7.9501     64.799     37.168  23.440125     1.9259      7.932   283.8903 2.1739e+01     9.8930      1.646      2.388     6.5280 0.0000e+00
      1.685      0.046     7.9489     64.760     37.183  23.450496     1.9112      7.933   283.7882 2.1961e+01     9.8744      1.650      2.393     6.5287 0.0000e+00
      1.698      0.042     7.9657     64.738     37.183  23.450948     1.8966      7.933   283.8878 2.2159e+01     9.9524      1.662      2.412     6.5293 0.0000e+00
      1.717      0.039     7.9566     64.744     37.174  23.445597     1.8824      7.934   284.0620 2.2257e+01    10.1191      1.685      2.445     6.5300 0.0000e+00
      1.735      0.037     7.9660     64.764     37.179  23.449167     1.8727      7.934   284.0875 2.2339e+01    10.2161      1.704      2.471     6.5300 0.0000e+00
      1.748      0.035     7.9796     64.790     37.149  23.430740     1.8628      7.934   284.0241 2.2491e+01    10.1694      1.715      2.489     6.5293 0.0000e+00
      1.756      0.033     7.9589     64.802     37.121  23.412924     1.8542      7.934   283.9840 2.2661e+01    10.0672      1.722      2.498     6.5296 0.0000e+00
      1.762      0.029     7.9592     64.793     37.140  23.423879     1.8606      7.933   283.9463 2.2900e+01    10.0042      1.727      2.505     6.5308 0.0000e+00
      1.769      0.024     7.9607     64.795     37.161  23.436449     1.8728      7.933   283.8264 2.3050e+01     9.9545      1.734      2.515     6.5313 0.0000e+00
      1.779      0.018     7.9507     64.808     37.165  23.438158     1.8608      7.933   283.7395 2.2997e+01     9.9110      1.743      2.528     6.5316 0.0000e+00
      1.793      0.012     7.9486     64.785     37.175  23.444547     1.8405      7.933   283.8420 2.2932e+01     9.8880      1.759      2.551     6.5328 0.0000e+00
      1.805      0.009     7.9503     64.746     37.183  23.450318     1.8603      7.933   283.9475 2.2842e+01     9.9490      1.773      2.571     6.5339 0.0000e+00
      1.810      0.009     7.9518     64.761     37.172  23.444558     1.9000      7.934   283.9823 2.2764e+01    10.0685      1.777      2.577     6.5343 0.0000e+00
      1.812      0.010     7.9569     64.800     37.160  23.438274     1.9132      7.935   284.0909 2.2748e+01    10.0690      1.776      2.576     6.5349 0.0000e+00
      1.815      0.013     7.9589     64.764     37.158  23.437716     1.9114      7.935   284.2274 2.2818e+01    10.0230      1.778      2.579     6.5350 0.0000e+00
      1.819      0.017     7.9559     64.647     37.156  23.437820     1.9031      7.934   284.3424 2.2975e+01    10.0587      1.784      2.588     6.5337 0.0000e+00
      1.820      0.022     7.9554     64.563     37.156  23.439530     1.8802      7.933   284.5349 2.2945e+01    10.0909      1.786      2.591     6.5321 0.0000e+00
      1.820      0.024     7.9616     64.537     37.185  23.458386     1.8678      7.932   284.6621 2.2856e+01    10.0708      1.785      2.588     6.5311 0.0000e+00
      1.822      0.024     7.9579     64.531     37.213  23.475680     1.8688      7.932   284.5906 2.3161e+01    10.0548      1.787      2.591     6.5312 0.0000e+00
      1.825      0.023     7.9466     64.535     37.187  23.458500     1.8588      7.933   284.6166 2.3536e+01    10.0679      1.790      2.597     6.5324 0.0000e+00
      1.830      0.021     7.9510     64.517     37.159  23.440797     1.8563      7.933   284.8032 2.3525e+01    10.0929      1.793      2.602     6.5338 0.0000e+00
      1.837      0.018     7.9611     64.501     37.174  23.451758     1.8628      7.932   284.7827 2.3464e+01    10.0843      1.801      2.612     6.5350 0.0000e+00
      1.846      0.016     7.9593     64.544     37.192  23.464283     1.8538      7.931   284.6264 2.3521e+01    10.0319      1.811      2.626     6.5358 0.0000e+00
      1.855      0.015     7.9335     64.627     37.193  23.465482     1.8648      7.931   284.6342 2.3398e+01    10.0053      1.819      2.639     6.5375 0.0000e+00
      1.861      0.015     7.9240     64.681     37.194  23.466252     1.9036      7.931   284.6189 2.3008e+01     9.9676      1.827      2.650     6.5401 0.0000e+00
      1.865      0.016     7.9242     64.686     37.205  23.473593     1.9233      7.931   284.5275 2.2702e+01     9.8839      1.831      2.655     6.5419 0.0000e+00
      1.867      0.019     7.9206     64.675     37.233  23.490877     1.9205      7.932   284.5618 2.2654e+01     9.8134      1.830      2.654     6.5412 0.0000e+00
      1.869      0.022     7.9261     64.687     37.225  23.485107     1.9187      7.932   284.7749 2.2526e+01     9.7648      1.832      2.657     6.5398 0.0000e+00
      1.874      0.023     7.9222     64.708     37.196  23.467196     1.9937      7.930   284.9537 2.2385e+01     9.7739      1.838      2.665     6.5400 0.0000e+00
      1.878      0.023     7.9151     64.688     37.191  23.464439     2.1368      7.930   284.7452 2.2433e+01     9.8211      1.843      2.673     6.5416 0.0000e+00
      1.882      0.023     7.9216     64.637     37.170  23.451773     2.2003      7.930   284.4907 2.2343e+01     9.8230      1.846      2.677     6.5434 0.0000e+00
      1.887      0.023     7.9365     64.630     37.152  23.440808     2.1878      7.931   284.7155 2.1955e+01     9.8306      1.850      2.684     6.5443 0.0000e+00
      1.892      0.023     7.9429     64.657     37.181  23.458615     2.1518      7.931   285.1406 2.1564e+01     9.9139      1.856      2.691     6.5450 0.0000e+00
      1.898      0.021     7.9420     64.676     37.212  23.476947     2.0903      7.931   285.1559 2.1248e+01    10.0096      1.860      2.698     6.5451 0.0000e+00
      1.907      0.019     7.9384     64.693     37.207  23.472328     2.0514      7.931   284.9004 2.0918e+01    10.0320      1.870      2.712     6.5441 0.0000e+00
      1.916      0.018     7.9404     64.725     37.201  23.466147     2.0313      7.933   285.0628 2.0692e+01    10.0132      1.882      2.729     6.5436 0.0000e+00
      1.920      0.019     7.9467     64.775     37.202  23.465590     1.9551      7.934   285.3982 2.0577e+01     9.9873      1.884      2.732     6.5432 0.0000e+00
      1.921      0.020     7.9450     64.822     37.203  23.465582     1.8292      7.936   285.4289 2.0535e+01     9.9588      1.882      2.729     6.5438 0.0000e+00
      1.926      0.018     7.9308     64.824     37.204  23.466052     1.7582      7.937   285.4340 2.0314e+01     9.9412      1.886      2.737     6.5453 0.0000e+00
      1.935      0.015     7.9323     64.780     37.211  23.471279     1.7451      7.937   285.4597 1.9899e+01     9.8775      1.898      2.753     6.5458 0.0000e+00
      1.941      0.013     7.9393     64.744     37.201  23.465404     1.7374      7.936   285.3955 1.9807e+01     9.8371      1.907      2.765     6.5457 0.0000e+00
      1.943      0.011     7.9392     64.714     37.187  23.458396     1.7399      7.935   285.4315 1.9987e+01     9.8967      1.906      2.764     6.5445 0.0000e+00
      1.946      0.008     7.9427     64.719     37.171  23.449921     1.7502      7.935   285.5511 2.0038e+01     9.9156      1.905      2.762     6.5410 0.0000e+00
      1.953      0.005     7.9456     64.798     37.131  23.426309     1.7535      7.935   285.5516 2.0042e+01     9.8601      1.914      2.776     6.5382 0.0000e+00
      1.960      0.004     7.9542     64.856     37.130  23.426394     1.7794      7.937   285.3511 2.0155e+01     9.8406      1.925      2.791     6.5366 0.0000e+00
      1.962      0.007     7.9615     64.869     37.167  23.450958     1.8399      7.940   285.0205 2.0310e+01     9.8506      1.924      2.790     6.5354 0.0000e+00
      1.963      0.016     7.9640     64.879     37.195  23.469805     1.8769      7.943   284.9085 2.0489e+01     9.8438      1.924      2.790     6.5355 0.0000e+00
      1.964      0.031     7.9517     64.841     37.187  23.464148     1.8778      7.948   285.2017 2.0587e+01     9.8614      1.927      2.794     6.5365 0.0000e+00
      1.964      0.046     7.9505     64.787     37.162  23.445928     1.8671      7.952   285.5548 2.0575e+01     9.8919      1.926      2.794     6.5376 0.0000e+00
