Data/DataNotYetUploadedToEDI/Raw_CTD/RawDownloads/112822_bvr50_S8188007.cnv
* Sea-Bird SBE19plus  Data File:
* FileName = C:\R\Reservoirs\Data\DataNotYetUploadedToEDI\Raw_CTD\RawDownloads\112822_bvr50_S8188_0007.hex
* Software version 2.8.0.119
* Temperature SN = 8188
* Conductivity SN = 8188
* System UpLoad Time = Nov 28 2022 17:04:19
* <ApplicationData>
* <Seaterm232>
# nquan = 16
# nvalues = 934                         
# units = specified
# name 0 = depFM: Depth [fresh water, m]
# name 1 = dz/dtM: Descent Rate [m/s]
# name 2 = sbeox0Mg/L: Oxygen, SBE 43 [mg/l]
# name 3 = sbeox0PS: Oxygen, SBE 43 [% saturation]
# name 4 = specc: Specific Conductance [uS/cm]
# name 5 = c0uS/cm: Conductivity [uS/cm]
# name 6 = wetCDOM: Fluorescence, WET Labs CDOM [mg/m^3]
# name 7 = flECO-AFL: Fluorescence, WET Labs ECO-AFL/FL [mg/m^3]
# name 8 = flECO-AFL1: Fluorescence, WET Labs ECO-AFL/FL, 2 [mg/m^3]
# name 9 = flECO-AFL2: Fluorescence, WET Labs ECO-AFL/FL, 3 [mg/m^3]
# name 10 = par/sat/log: PAR/Logarithmic, Satlantic
# name 11 = turbWETntu0: Turbidity, WET Labs ECO [NTU]
# name 12 = prdM: Pressure, Strain Gauge [db]
# name 13 = prdE: Pressure, Strain Gauge [psi]
# name 14 = tv290C: Temperature [ITS-90, deg C]
# name 15 = flag:  0.000e+00
# span 0 =     -0.807,      6.455       
# span 1 =     -0.199,      0.150       
# span 2 =     7.2561,    11.6896       
# span 3 =     60.013,     95.217       
# span 4 =      0.582,     40.089       
# span 5 =   0.422575,  25.280639       
# span 6 =    -0.7200,     7.2900       
# span 7 =    -0.5580,     5.2557       
# span 8 =    -1.0650,     0.7668       
# span 9 =    -0.8460,     3.6801       
# span 10 = 1.1597e-01, 2.6377e+03      
# span 11 =    -2.8132,   338.5513      
# span 12 =     -0.792,      6.331      
# span 13 =     -1.148,      9.182      
# span 14 =     6.5107,    11.2986      
# span 15 = 0.0000e+00, 0.0000e+00      
# interval = seconds: 0.25
# start_time = Nov 28 2022 07:49:52 [Instrument's time stamp, header]
# bad_flag = -9.990e-29
*END*
     -0.807      0.000     9.8614     90.087      0.591   0.428950     0.0000    -0.1155     0.0000     0.1692 1.1617e-01     2.5225     -0.792     -1.148    11.2986 0.0000e+00
     -0.807      0.000     9.8624     90.092      0.594   0.431046     0.0000    -0.1079     0.0000     0.1692 1.1612e-01     2.5376     -0.791     -1.148    11.2984 0.0000e+00
     -0.807      0.000     9.8634     90.092      0.596   0.432449     0.1800    -0.1155     0.0000     0.0846 1.1615e-01     2.4474     -0.791     -1.147    11.2982 0.0000e+00
     -0.807      0.000     9.8647     90.090      0.592   0.429578     0.1800    -0.1575     0.0000     0.0846 1.1605e-01     2.0416     -0.791     -1.147    11.2979 0.0000e+00
     -0.807      0.000     9.8659     90.087      0.586   0.425621     0.1800    -0.1689     0.0000     0.0846 1.1620e-01     2.1167     -0.791     -1.147    11.2977 0.0000e+00
     -0.807      0.000     9.8664     90.086      0.583   0.423477     0.1800    -0.1651     0.0000     0.0846 1.1607e-01     2.0115     -0.791     -1.147    11.2974 0.0000e+00
     -0.807      0.000     9.8666     90.082      0.582   0.422575     0.0000    -0.1803     0.0000     0.0423 1.1600e-01     2.1017     -0.791     -1.147    11.2971 0.0000e+00
     -0.807      0.000     9.8664     90.069      0.582   0.422675     0.0000    -0.1231     0.0000     0.0423 1.1633e-01     2.7780     -0.791     -1.147    11.2968 0.0000e+00
     -0.807      0.000     9.8661     90.052      0.584   0.423803     0.0000    -0.0850     0.0000     0.0423 1.1623e-01     2.8081     -0.791     -1.147    11.2965 0.0000e+00
     -0.806      0.001     9.8661     90.031      0.587   0.426259     0.0000    -0.1193     0.0000     0.0423 1.1605e-01     2.9133     -0.791     -1.147    11.2962 0.0000e+00
     -0.806      0.001     9.8657     90.010      0.594   0.430700     0.0000    -0.1079     0.0000     0.0000 1.1628e-01     2.7480     -0.790     -1.147    11.2958 0.0000e+00
     -0.806      0.001     9.8644     89.991      0.599   0.434354     0.0000    -0.0697     0.0000     0.0000 1.1628e-01     2.9434     -0.790     -1.147    11.2955 0.0000e+00
     -0.806      0.001     9.8626     89.979      0.599   0.434242     0.0000    -0.0697     0.0000     0.0000 1.1612e-01     2.8983     -0.790     -1.146    11.2952 0.0000e+00
     -0.805      0.002     9.8604     89.978      0.599   0.434288     0.0000    -0.0506     0.0000     0.0000 1.1628e-01     2.9734     -0.790     -1.146    11.2949 0.0000e+00
     -0.805      0.002     9.8582     89.991      0.605   0.438459     0.0000    -0.0659     0.0000     0.1692 1.1602e-01     2.9734     -0.789     -1.145    11.2946 0.0000e+00
     -0.804      0.003     9.8561     90.014      0.618   0.447866     0.0000    -0.1498     0.0000     0.1692 1.1612e-01     0.0726     -0.789     -1.144    11.2944 0.0000e+00
     -0.804      0.003     9.8548     90.047      0.642   0.465020     0.0000    -0.1269     0.0000     0.1692 1.1623e-01     0.1478     -0.788     -1.143    11.2942 0.0000e+00
     -0.803      0.004     9.8547     90.087      0.679   0.490539     0.0000    -0.1269     0.0000     0.1692 1.1617e-01     0.1327     -0.787     -1.142    11.2940 0.0000e+00
     -0.802      0.005     9.8563     90.117      0.732   0.527275     0.0000    -0.1079     0.0000     0.1692 1.1628e-01     0.2379     -0.786     -1.141    11.2936 0.0000e+00
     -0.801      0.006     9.8590     90.125      0.815   0.585024     0.0000    -0.1231     0.0426    -0.0423 1.1633e-01     0.0726     -0.785     -1.139    11.2930 0.0000e+00
     -0.799      0.008     9.8628     90.118      0.943   0.673254     0.0000    -0.1269     0.0426    -0.0423 1.1600e-01     0.1177     -0.784     -1.137    11.2920 0.0000e+00
     -0.797      0.010     9.8676     90.101      1.137   0.807584     0.0000    -0.1155     0.0426    -0.0423 1.1610e-01     0.0726     -0.782     -1.134    11.2903 0.0000e+00
     -0.795      0.012     9.8716     90.082      1.443   1.017906     0.0000    -0.1155     0.0426    -0.0423 1.1605e-01     0.1327     -0.779     -1.130    11.2875 0.0000e+00
     -0.791      0.016     9.8736     90.067      1.914   1.340532     0.0000    -0.1079     0.0000    -0.0423 1.1605e-01     0.1027     -0.776     -1.126    11.2830 0.0000e+00
     -0.787      0.020     9.8745     90.058      2.639   1.833815     0.0000    -0.0773     0.0000    -0.0423 1.1633e-01     0.2379     -0.772     -1.120    11.2756 0.0000e+00
     -0.782      0.026     9.8757     90.055      3.788   2.613482     0.0000    -0.1041     0.0000    -0.0423 1.1625e-01    -0.0176     -0.767     -1.113    11.2634 0.0000e+00
     -0.776      0.033     9.8784     90.072      5.658   3.879535     0.0000    -0.1384     0.0000    -0.0423 1.1623e-01     0.1327     -0.761     -1.104    11.2433 0.0000e+00
     -0.767      0.042     9.8847     90.117      8.740   5.965633     0.0000    -0.0049     0.0426    -0.0423 1.1623e-01     1.5756     -0.753     -1.091    11.2107 0.0000e+00
     -0.756      0.054     9.8966     90.192     13.345   9.056308     0.0000    -0.0545     0.0426    -0.0423 1.1612e-01     1.6207     -0.742     -1.076    11.1571 0.0000e+00
     -0.742      0.069     9.9178     90.301     19.107  12.852443     0.0000    -0.0583     0.0426    -0.0423 1.1633e-01     1.5606     -0.728     -1.056    11.0687 0.0000e+00
     -0.724      0.085     9.9553     90.440     24.908  16.576085     0.0000    -0.0392     0.0426    -0.0423 1.1615e-01     1.5606     -0.711     -1.031    10.9218 0.0000e+00
     -0.701      0.102    10.0195     90.600     29.463  19.397852     0.0000     0.5750     0.0426     0.0846 1.1628e-01     9.3913     -0.688     -0.998    10.6775 0.0000e+00
     -0.672      0.119    10.1252     90.790     32.468  21.169789     0.0000     0.5521     0.0426     0.0846 1.1605e-01     9.3462     -0.660     -0.957    10.2766 0.0000e+00
     -0.638      0.133    10.2766     91.028     34.394  22.247620     0.0000     0.5406     0.0426     0.0846 1.1612e-01     9.3462     -0.626     -0.907     9.7068 0.0000e+00
     -0.599      0.144    10.4513     91.330     35.633  22.906883     0.0000     0.5788     0.0426     0.0846 1.1628e-01     9.3011     -0.588     -0.853     9.0647 0.0000e+00
     -0.559      0.150    10.6204     91.713     36.423  23.307540     0.0000     0.7199     0.0426     0.0846 1.1628e-01     9.5416     -0.548     -0.795     8.4673 0.0000e+00
     -0.518      0.150    10.7700     92.185     36.927  23.552473     6.5700     0.7276     0.3834    -0.8460 1.1607e-01     9.5717     -0.508     -0.737     7.9700 0.0000e+00
     -0.478      0.145    10.8986     92.736     37.255  23.706993     6.5700     0.7276     0.3834    -0.8460 1.1612e-01     9.6318     -0.468     -0.679     7.5836 0.0000e+00
     -0.439      0.136    11.0101     93.337     37.478  23.812307     6.5700     0.7505     0.3834    -0.8460 1.1623e-01     9.6167     -0.431     -0.625     7.2976 0.0000e+00
     -0.404      0.123    11.1107     93.942     37.645  23.894518     6.5700     0.8649     0.3834    -0.8460 1.1615e-01     9.5717     -0.397     -0.575     7.0929 0.0000e+00
     -0.374      0.108    11.2062     94.492     37.776  23.963671     6.7500     0.8420     0.3408     0.0846 1.1605e-01     9.7220     -0.367     -0.533     6.9503 0.0000e+00
     -0.349      0.092    11.2994     94.919     37.867  24.016432     6.7500     0.8611     0.3408     0.0846 1.1617e-01     9.5416     -0.342     -0.497     6.8535 0.0000e+00
     -0.329      0.076    11.3901     95.151     37.916  24.047078     6.7500     0.8496     0.3408     0.0846 1.1615e-01     9.6017     -0.322     -0.467     6.7896 0.0000e+00
     -0.312      0.062    11.4752     95.118     37.924  24.051903     6.7500     0.8000     0.3408     0.0846 1.1617e-01     9.5266     -0.306     -0.444     6.7489 0.0000e+00
     -0.299      0.049    11.5488     94.733     37.903  24.036154     6.8400     0.7924     0.2982     0.2538 1.1630e-01     9.3462     -0.293     -0.425     6.7253 0.0000e+00
     -0.289      0.038    11.6036     93.865     37.873  24.015425     6.8400     0.7772     0.2982     0.2538 1.1620e-01     9.3913     -0.283     -0.411     6.7150 0.0000e+00
     -0.281      0.028    11.6326     92.330     37.854  24.003983     6.8400     0.7848     0.2982     0.2538 1.1633e-01     9.3612     -0.276     -0.400     6.7122 0.0000e+00
     -0.276      0.021    11.6289     89.978     37.849  24.002736     6.8400     0.8115     0.2982     0.2538 1.1612e-01     9.4214     -0.271     -0.393     6.7105 0.0000e+00
     -0.273      0.015    11.5827     86.925     37.841  23.999475     6.8400     0.7810     0.2982     0.1692 1.1610e-01     9.4063     -0.267     -0.388     6.7071 0.0000e+00
     -0.270      0.010    11.4775     83.542     37.823  23.989371     6.8400     0.7924     0.2982     0.1692 1.1605e-01     9.4364     -0.265     -0.384     6.7043 0.0000e+00
     -0.268      0.006    11.2897     80.167     37.810  23.981606     6.8400     0.7886     0.2982     0.1692 1.1620e-01     9.3913     -0.263     -0.381     6.7047 0.0000e+00
     -0.267      0.003    11.0014     77.019     37.809  23.982029     6.8400     0.7886     0.2982     0.1692 1.1628e-01     9.3161     -0.262     -0.380     6.7073 0.0000e+00
     -0.267      0.001    10.6274     74.288     37.808  23.982834     6.8400     0.8000     0.2982     0.1692 1.1605e-01     9.3913     -0.262     -0.380     6.7097 0.0000e+00
     -0.268     -0.001    10.2135     72.085     37.802  23.980277     6.7500     0.8191     0.2982     0.2538 7.9794e+00     9.3462     -0.262     -0.381     6.7108 0.0000e+00
     -0.268     -0.003     9.8007     70.426     37.808  23.985552     6.7500     0.7924     0.2982     0.2538 1.2322e+02     9.3763     -0.263     -0.382     6.7116 0.0000e+00
     -0.269     -0.003     9.4156     69.276     37.836  24.004025     6.7500     0.7962     0.2982     0.2538 1.4494e+02     9.3763     -0.264     -0.383     6.7129 0.0000e+00
     -0.270     -0.003     9.0812     68.519     37.873  24.028746     6.7500     0.8000     0.2982     0.2538 1.6787e+02     9.4063     -0.265     -0.385     6.7150 0.0000e+00
     -0.272     -0.001     8.8114     68.038     37.905  24.050471     6.8400     0.7848     0.3408     0.1692 1.6663e+02     9.4063     -0.266     -0.387     6.7170 0.0000e+00
     -0.273      0.001     8.6084     67.835     37.925  24.063117     6.8400     0.8077     0.3408     0.1692 1.5793e+02     9.3612     -0.267     -0.388     6.7183 0.0000e+00
     -0.273      0.003     8.4676     67.936     37.940  24.070057     6.8400     0.7581     0.3408     0.1692 1.5497e+02     9.6618     -0.267     -0.388     6.7194 0.0000e+00
     -0.271      0.005     8.3747     68.295     37.958  24.077099     6.8400     0.7810     0.3408     0.1692 1.5091e+02     9.6017     -0.266     -0.386     6.7211 0.0000e+00
     -0.269      0.007     8.3155     68.837     37.980  24.086121     6.8400     0.7733     0.2982     0.2961 1.3700e+02     9.7069     -0.264     -0.382     6.7229 0.0000e+00
     -0.266      0.007     8.2907     69.455     38.014  24.103488     6.8400     0.7810     0.2982     0.2961 1.3192e+02     9.5266     -0.261     -0.378     6.7230 0.0000e+00
     -0.263      0.007     8.3037     70.010     38.058  24.129873     6.8400     0.8000     0.2982     0.2961 1.3808e+02     9.8873     -0.258     -0.374     6.7197 0.0000e+00
     -0.261      0.005     8.3488     70.393     38.093  24.152515     6.8400     0.7962     0.2982     0.2961 1.3790e+02     9.9624     -0.256     -0.372     6.7138 0.0000e+00
     -0.260      0.003     8.4164     70.554     38.100  24.157658     6.9300     0.8229     0.4260     0.2115 1.3680e+02     9.8723     -0.255     -0.370     6.7073 0.0000e+00
     -0.260      0.001     8.4931     70.493     38.077  24.142716     6.9300     0.7695     0.4260     0.2115 1.1296e+02     9.8422     -0.255     -0.369     6.7022 0.0000e+00
     -0.260      0.000     8.5613     70.257     38.043  24.119538     6.9300     0.8649     0.4260     0.2115 1.3862e+02     9.5717     -0.255     -0.370     6.6999 0.0000e+00
     -0.261     -0.001     8.6081     69.928     38.013  24.097781     6.9300     0.8611     0.4260     0.2115 1.1338e+02     9.6769     -0.256     -0.371     6.7004 0.0000e+00
     -0.262     -0.001     8.6276     69.581     37.984  24.075601     6.9300     0.8725     0.4260     0.2115 1.4761e+02     9.6769     -0.256     -0.372     6.7014 0.0000e+00
     -0.262      0.001     8.6202     69.277     37.951  24.051042     6.8400     0.8573     0.2982     0.1692 1.2231e+02     9.6017     -0.257     -0.373     6.7010 0.0000e+00
     -0.262      0.003     8.5919     69.050     37.922  24.029432     6.8400     0.8802     0.2982     0.1692 1.2170e+02     9.4364     -0.257     -0.373     6.6989 0.0000e+00
     -0.261      0.006     8.5525     68.904     37.906  24.016886     6.8400     0.8649     0.2982     0.1692 1.2293e+02     9.3763     -0.256     -0.372     6.6952 0.0000e+00
     -0.259      0.009     8.5110     68.817     37.899  24.010057     6.8400     0.8496     0.2982     0.1692 1.3605e+02     9.4364     -0.254     -0.369     6.6905 0.0000e+00
     -0.256      0.012     8.4748     68.757     37.891  24.003165     6.8400     0.8763     0.3408     0.1692 1.1365e+02     9.3913     -0.251     -0.364     6.6857 0.0000e+00
     -0.252      0.014     8.4479     68.712     37.885  23.998331     6.8400     0.8496     0.3408     0.1692 1.1143e+02     9.6017     -0.247     -0.358     6.6814 0.0000e+00
     -0.247      0.013     8.4309     68.698     37.876  23.994267     6.8400     0.8496     0.3408     0.1692 9.8874e+01     9.6769     -0.242     -0.351     6.6776 0.0000e+00
     -0.242      0.011     8.4209     68.733     37.852  23.981971     6.8400     0.8420     0.3408     0.1692 9.4443e+01     9.5717     -0.238     -0.345     6.6744 0.0000e+00
     -0.239      0.006     8.4140     68.843     37.819  23.964101     6.8400     0.8496     0.3408     0.2115 8.6336e+01     9.5416     -0.234     -0.339     6.6720 0.0000e+00
     -0.237     -0.001     8.4088     69.070     37.797  23.953709     6.8400     0.8611     0.3408     0.2115 7.7717e+01     9.5717     -0.232     -0.337     6.6714 0.0000e+00
     -0.238     -0.008     8.4066     69.448     37.792  23.953961     6.8400     0.8496     0.3408     0.2115 1.0760e+02     9.6017     -0.233     -0.338     6.6731 0.0000e+00
     -0.242     -0.015     8.4100     69.983     37.800  23.962945     6.8400     0.8458     0.3408     0.2115 1.1512e+02     9.5115     -0.237     -0.344     6.6769 0.0000e+00
     -0.248     -0.020     8.4226     70.645     37.825  23.985037     6.8400     0.8420     0.2982     0.1692 1.3055e+02     9.6468     -0.243     -0.352     6.6814 0.0000e+00
     -0.255     -0.024     8.4495     71.392     37.864  24.020188     6.8400     0.8344     0.2982     0.1692 1.5595e+02     9.5416     -0.250     -0.363     6.6856 0.0000e+00
     -0.263     -0.025     8.4948     72.175     37.895  24.056000     6.8400     0.8496     0.2982     0.1692 1.5734e+02     9.6618     -0.257     -0.373     6.6899 0.0000e+00
     -0.270     -0.025     8.5589     72.944     37.897  24.080247     6.8400     0.8420     0.2982     0.1692 1.5986e+02     9.4815     -0.264     -0.383     6.6954 0.0000e+00
     -0.276     -0.023     8.6382     73.652     37.872  24.091479     6.8400     0.8267     0.2982     0.1692 1.5724e+02     9.6468     -0.271     -0.392     6.7035 0.0000e+00
     -0.282     -0.020     8.7264     74.245     37.837  24.096651     6.8400     0.9870     0.3408     0.2115 1.5164e+02     9.4063     -0.276     -0.401     6.7171 0.0000e+00
     -0.287     -0.015     8.8172     74.680     37.797  24.097143     6.8400     0.9450     0.3408     0.2115 1.7245e+02     9.3312     -0.281     -0.408     6.7388 0.0000e+00
     -0.291     -0.009     8.9044     74.932     37.747  24.089128     6.8400     0.9870     0.3408     0.2115 1.7253e+02     9.3462     -0.285     -0.414     6.7690 0.0000e+00
