Data/DataNotYetUploadedToEDI/Raw_CTD/RawDownloads/112822_fcr50_S7809008.cnv
* Sea-Bird SBE19plus  Data File:
* FileName = C:\R\Reservoirs\Data\DataNotYetUploadedToEDI\Raw_CTD\RawDownloads\112822_bvr50_S7809_0008.hex
* Software version 2.8.0.119
* Temperature SN = 7809
* Conductivity SN = 7809
* System UpLoad Time = Nov 28 2022 16:48:19
* <ApplicationData>
* <Seaterm232>
# nquan = 15
# nvalues = 1313                        
# units = specified
# name 0 = depFM: Depth [fresh water, m]
# name 1 = dz/dtM: Descent Rate [m/s]
# name 2 = sbeox0Mg/L: Oxygen, SBE 43 [mg/l]
# name 3 = sbeox0PS: Oxygen, SBE 43 [% saturation]
# name 4 = specc: Specific Conductance [uS/cm]
# name 5 = c0uS/cm: Conductivity [uS/cm]
# name 6 = flECO-AFL: Fluorescence, WET Labs ECO-AFL/FL [mg/m^3]
# name 7 = ph: pH
# name 8 = orp: Oxidation Reduction Potential [mV]
# name 9 = par/sat/log: PAR/Logarithmic, Satlantic
# name 10 = turbWETntu0: Turbidity, WET Labs ECO [NTU]
# name 11 = prdM: Pressure, Strain Gauge [db]
# name 12 = prdE: Pressure, Strain Gauge [psi]
# name 13 = tv290C: Temperature [ITS-90, deg C]
# name 14 = flag:  0.000e+00
# span 0 =     -0.713,      9.599       
# span 1 =     -0.283,      0.273       
# span 2 =     0.4624,     9.1032       
# span 3 =      3.933,     76.706       
# span 4 =      1.442,    720.160       
# span 5 =   1.032065, 466.855174       
# span 6 =    -1.6519,   227.2272       
# span 7 =      7.220,     11.867       
# span 8 =   161.1774,  1240.2295       
# span 9 = 1.2367e-01, 1.5161e+03       
# span 10 =    -1.0488,    85.2887      
# span 11 =     -0.701,      9.413      
# span 12 =     -1.016,     13.653      
# span 13 =     7.2867,    10.8015      
# span 14 = 0.0000e+00, 0.0000e+00      
# interval = seconds: 0.25
# start_time = Nov 28 2022 09:42:31 [Instrument's time stamp, header]
# bad_flag = -9.990e-29
*END*
[from data line 482]
      3.341      0.047     8.9612     74.858     40.628  26.494234     6.3965      8.173   277.5833 2.1699e+01     1.6074      3.276      4.750     7.6457 0.0000e+00
      3.358      0.043     8.9606     74.851     40.625  26.489314     6.1983      8.170   277.6426 2.1413e+01     1.6563      3.295      4.779     7.6429 0.0000e+00
      3.371      0.041     8.9576     74.854     40.595  26.467192     6.0886      8.169   277.5298 2.1268e+01     1.6620      3.309      4.800     7.6339 0.0000e+00
      3.378      0.041     8.9653     74.855     40.617  26.480294     6.0691      8.171   277.3379 2.1036e+01     1.6774      3.310      4.801     7.6270 0.0000e+00
      3.390      0.044     8.9651     74.887     40.679  26.520960     6.0623      8.173   277.2160 2.0625e+01     1.7397      3.317      4.812     7.6239 0.0000e+00
      3.410      0.053     8.9566     74.941     40.668  26.515189     6.1640      8.176   277.3461 2.0319e+01     1.8347      3.349      4.857     7.6230 0.0000e+00
      3.424      0.066     8.9576     74.954     40.608  26.473901     6.3667      8.179   277.5335 2.0241e+01     1.8689      3.364      4.879     7.6197 0.0000e+00
      3.429      0.075     8.9546     74.924     40.606  26.465442     6.4747      8.181   277.5895 2.0136e+01     1.8460      3.360      4.873     7.6094 0.0000e+00
      3.434      0.078     8.9488     74.900     40.632  26.476297     6.4710      8.182   277.7642 1.9976e+01     1.8653      3.368      4.884     7.6023 0.0000e+00
      3.442      0.075     8.9510     74.890     40.642  26.478365     6.4295      8.182   278.0116 1.9807e+01     1.8623      3.375      4.895     7.6000 0.0000e+00
      3.452      0.066     8.9528     74.892     40.665  26.490445     6.3561      8.181   277.9999 1.9537e+01     1.7424      3.383      4.905     7.5974 0.0000e+00
      3.470      0.054     8.9509     74.897     40.675  26.495587     6.3076      8.181   277.8806 1.9118e+01     1.6454      3.399      4.928     7.5948 0.0000e+00
      3.499      0.043     8.9543     74.892     40.645  26.477149     6.3012      8.180   277.8602 1.8540e+01     1.6459      3.429      4.972     7.5944 0.0000e+00
      3.534      0.036     8.9649     74.896     40.613  26.457662     6.3452      8.179   277.7529 1.8071e+01     1.7136      3.471      5.034     7.5997 0.0000e+00
      3.557      0.036     8.9665     74.918     40.599  26.450129     6.4317      8.179   277.7023 1.7926e+01     1.8158      3.497      5.071     7.5978 0.0000e+00
      3.566      0.040     8.9614     74.933     40.596  26.449448     6.4728      8.179   277.8498 1.7844e+01     1.8568      3.496      5.070     7.5854 0.0000e+00
      3.571      0.042     8.9618     74.935     40.595  26.449438     6.4758      8.178   277.9017 1.7708e+01     1.8337      3.500      5.076     7.5766 0.0000e+00
      3.577      0.040     8.9610     74.932     40.597  26.450004     6.5758      8.175   277.9856 1.7673e+01     1.8098      3.511      5.093     7.5735 0.0000e+00
      3.582      0.036     8.9620     74.919     40.608  26.456290     6.7673      8.173   278.0902 1.7607e+01     1.8413      3.512      5.094     7.5700 0.0000e+00
      3.591      0.030     8.9650     74.904     40.618  26.462051     6.8763      8.173   277.8764 1.7344e+01     1.8723      3.517      5.101     7.5676 0.0000e+00
      3.607      0.027     8.9623     74.878     40.610  26.456279     6.8787      8.175   277.8097 1.7063e+01     1.8435      3.538      5.132     7.5692 0.0000e+00
      3.622      0.029     8.9612     74.839     40.602  26.449890     6.8127      8.179   278.0579 1.6883e+01     1.7660      3.553      5.154     7.5709 0.0000e+00
      3.632      0.034     8.9661     74.811     40.607  26.448180     6.7114      8.182   277.9519 1.6742e+01     1.6862      3.562      5.166     7.5728 0.0000e+00
      3.642      0.039     8.9672     74.784     40.598  26.435598     6.6684      8.183   277.9046 1.6671e+01     1.6647      3.576      5.185     7.5753 0.0000e+00
      3.647      0.048     8.9657     74.747     40.591  26.424527     6.6591      8.183   278.2603 1.6656e+01     1.6431      3.579      5.190     7.5762 0.0000e+00
      3.648      0.055     8.9675     74.722     40.628  26.441082     6.6410      8.184   278.8969 1.6617e+01     1.5952      3.576      5.187     7.5750 0.0000e+00
      3.650      0.060     8.9646     74.713     40.653  26.445597     6.6743      8.184   279.7512 1.6567e+01     1.5645      3.578      5.190     7.5728 0.0000e+00
      3.656      0.062     8.9638     74.698     40.623  26.415729     6.7627      8.184   280.2430 1.6361e+01     1.5789      3.579      5.192     7.5729 0.0000e+00
      3.674      0.062     8.9620     74.661     40.601  26.396862     6.8186      8.184   280.1120 1.5985e+01     1.6329      3.600      5.221     7.5724 0.0000e+00
      3.695      0.059     8.9543     74.625     40.619  26.407619     6.8178      8.182   279.5439 1.5757e+01     1.6362      3.629      5.264     7.5716 0.0000e+00
      3.707      0.055     8.9540     74.607     40.635  26.419020     6.7691      8.180   279.3105 1.5619e+01     1.5846      3.635      5.271     7.5660 0.0000e+00
      3.719      0.049     8.9543     74.592     40.613  26.407947     6.6877      8.179   279.4411 1.5313e+01     1.5903      3.642      5.282     7.5543 0.0000e+00
      3.737      0.043     8.9488     74.576     40.594  26.400506     6.6492      8.178   279.5744 1.5018e+01     1.6364      3.667      5.319     7.5493 0.0000e+00
      3.754      0.040     8.9477     74.580     40.579  26.392448     6.6779      8.178   280.2335 1.4803e+01     1.6642      3.682      5.342     7.5414 0.0000e+00
      3.769      0.042     8.9514     74.610     40.563  26.373906     6.9264      8.178   280.9573 1.4477e+01     1.7214      3.693      5.357     7.5236 0.0000e+00
      3.786      0.047     8.9547     74.636     40.576  26.366455     7.3821      8.178   281.0123 1.4162e+01     1.8162      3.715      5.388     7.5087 0.0000e+00
      3.801      0.053     8.9495     74.640     40.598  26.365727     7.6434      8.177   280.8126 1.4018e+01     1.8872      3.733      5.415     7.5031 0.0000e+00
      3.807      0.062     8.9434     74.625     40.611  26.365085     7.6882      8.176   280.7801 1.3909e+01     1.8972      3.735      5.416     7.5052 0.0000e+00
      3.810      0.071     8.9431     74.610     40.611  26.358690     7.8825      8.177   280.7919 1.3702e+01     1.8679      3.734      5.415     7.5054 0.0000e+00
      3.818      0.077     8.9407     74.595     40.610  26.351776     8.2454      8.179   280.7832 1.3428e+01     1.8406      3.744      5.430     7.5079 0.0000e+00
      3.828      0.078     8.9357     74.564     40.610  26.344871     8.4474      8.180   281.0190 1.3043e+01     1.8408      3.751      5.440     7.5165 0.0000e+00
      3.846      0.073     8.9338     74.522     40.608  26.338586     8.4595      8.179   281.3195 1.2510e+01     1.8702      3.768      5.465     7.5229 0.0000e+00
      3.871      0.065     8.9420     74.478     40.614  26.339154     8.3995      8.178   281.4054 1.2000e+01     1.8192      3.800      5.511     7.5129 0.0000e+00
      3.891      0.055     8.9511     74.443     40.636  26.351735     8.2891      8.178   281.5414 1.1606e+01     1.6697      3.819      5.539     7.4867 0.0000e+00
      3.905      0.045     8.9562     74.436     40.653  26.363940     8.2321      8.178   281.7585 1.1220e+01     1.5990      3.828      5.552     7.4674 0.0000e+00
      3.925      0.032     8.9555     74.470     40.643  26.359947     8.2336      8.178   281.1918 1.0776e+01     1.6480      3.845      5.576     7.4574 0.0000e+00
      3.951      0.021     8.9545     74.537     40.648  26.366852     8.2164      8.177   280.1101 1.0430e+01     1.6809      3.876      5.623     7.4506 0.0000e+00
      3.972      0.017     8.9565     74.599     40.669  26.384043     8.0399      8.177   279.7787 1.0332e+01     1.6900      3.900      5.657     7.4435 0.0000e+00
      3.983      0.021     8.9537     74.649     40.658  26.377653     7.7317      8.177   279.8514 1.0372e+01     1.7577      3.906      5.666     7.4336 0.0000e+00
      3.991      0.030     8.9498     74.708     40.623  26.352981     7.5686      8.177   280.2149 1.0460e+01     1.8506      3.914      5.677     7.4266 0.0000e+00
      3.996      0.040     8.9453     74.763     40.608  26.339266     7.5578      8.176   280.9904 1.0620e+01     1.9247      3.920      5.686     7.4236 0.0000e+00
      3.997      0.050     8.9400     74.802     40.611  26.338586     7.4848      8.175   281.3121 1.0812e+01     1.9363      3.919      5.684     7.4218 0.0000e+00
      3.997      0.057     8.9386     74.807     40.622  26.344758     7.3438      8.175   280.8352 1.1001e+01     1.8889      3.920      5.685     7.4228 0.0000e+00
      3.999      0.058     8.9415     74.773     40.631  26.350510     7.2680      8.174   280.0425 1.1156e+01     1.8634      3.920      5.686     7.4267 0.0000e+00
      4.004      0.053     8.9514     74.728     40.622  26.344746     7.2674      8.173   279.6433 1.1195e+01     1.8679      3.922      5.689     7.4315 0.0000e+00
      4.019      0.043     8.9581     74.678     40.613  26.338461     7.3119      8.173   279.4498 1.1066e+01     1.8065      3.938      5.711     7.4366 0.0000e+00
      4.040      0.033     8.9613     74.614     40.613  26.337894     7.3813      8.173   278.9938 1.0876e+01     1.6685      3.962      5.747     7.4385 0.0000e+00
      4.061      0.029     8.9710     74.554     40.616  26.337885     7.4326      8.176   278.8620 1.0752e+01     1.5994      3.985      5.779     7.4346 0.0000e+00
      4.077      0.035     8.9790     74.495     40.619  26.338348     7.4905      8.180   279.3190 1.0685e+01     1.6531      4.001      5.802     7.4286 0.0000e+00
      4.088      0.045     8.9854     74.448     40.631  26.343490     7.8817      8.185   279.6154 1.0646e+01     1.7721      4.010      5.816     7.4249 0.0000e+00
      4.097      0.060     8.9871     74.446     40.627  26.336671     8.5828      8.190   279.5197 1.0625e+01     1.8762      4.018      5.828     7.4242 0.0000e+00
      4.104      0.078     8.9805     74.469     40.609  26.319281     8.9594      8.195   279.7963 1.0628e+01     1.8882      4.025      5.839     7.4240 0.0000e+00
      4.106      0.096     8.9745     74.504     40.628  26.323377     8.9823      8.199   280.2073 1.0667e+01     1.8821      4.027      5.841     7.4244 0.0000e+00
      4.107      0.107     8.9710     74.542     40.643  26.322803     8.9089      8.199   280.0147 1.0692e+01     1.9731      4.027      5.839     7.4251 0.0000e+00
      4.113      0.105     8.9598     74.566     40.640  26.312318     8.7719      8.198   279.7045 1.0577e+01     2.0670      4.028      5.843     7.4247 0.0000e+00
      4.134      0.094     8.9551     74.580     40.665  26.323369     8.6909      8.197   279.7256 1.0272e+01     2.0951      4.048      5.872     7.4212 0.0000e+00
      4.165      0.079     8.9489     74.583     40.677  26.329654     8.6783      8.197   280.5289 9.9747e+00     2.1077      4.088      5.929     7.4192 0.0000e+00
      4.193      0.066     8.9392     74.571     40.669  26.324921     8.6687      8.197   281.6735 9.7732e+00     2.0823      4.114      5.968     7.4183 0.0000e+00
      4.221      0.054     8.9443     74.558     40.677  26.329531     8.5254      8.196   281.8639 9.4800e+00     2.0267      4.132      5.993     7.4113 0.0000e+00
      4.259      0.043     8.9476     74.539     40.668  26.322002     8.2604      8.194   281.2820 9.1217e+00     1.9483      4.177      6.057     7.4042 0.0000e+00
      4.293      0.040     8.9544     74.495     40.631  26.297274     8.1197      8.194   280.6603 8.9509e+00     1.8518      4.221      6.123     7.3952 0.0000e+00
      4.306      0.050     8.9642     74.451     40.612  26.284077     8.1235      8.196   280.6281 8.9303e+00     1.8166      4.226      6.130     7.3796 0.0000e+00
      4.307      0.063     8.9681     74.417     40.624  26.289216     8.2479      8.198   281.3228 8.8667e+00     1.8637      4.221      6.121     7.3684 0.0000e+00
      4.313      0.069     8.9715     74.385     40.642  26.296017     8.4669      8.199   282.0046 8.7572e+00     1.9095      4.228      6.131     7.3629 0.0000e+00
      4.325      0.069     8.9726     74.377     40.659  26.302922     8.5820      8.198   282.3333 8.6149e+00     1.8920      4.240      6.150     7.3620 0.0000e+00
      4.339      0.064     8.9692     74.391     40.672  26.309312     8.5744      8.196   282.1996 8.4612e+00     1.8567      4.257      6.175     7.3647 0.0000e+00
      4.349      0.057     8.9678     74.396     40.674  26.309897     8.4668      8.195   281.7637 8.3408e+00     1.8595      4.267      6.189     7.3633 0.0000e+00
      4.359      0.051     8.9689     74.391     40.673  26.309993     8.2877      8.195   281.6232 8.1895e+00     1.8568      4.271      6.194     7.3595 0.0000e+00
      4.379      0.046     8.9613     74.378     40.672  26.310474     8.1979      8.195   281.8777 7.9143e+00     1.8242      4.287      6.218     7.3591 0.0000e+00
      4.411      0.044     8.9548     74.373     40.681  26.315713     8.1967      8.196   282.0011 7.5858e+00     1.8412      4.328      6.277     7.3598 0.0000e+00
      4.440      0.047     8.9544     74.372     40.675  26.309952     8.3149      8.197   281.8249 7.3783e+00     1.8913      4.363      6.328     7.3561 0.0000e+00
      4.450      0.053     8.9487     74.361     40.668  26.304188     8.5541      8.197   281.8123 7.2853e+00     1.9173      4.366      6.332     7.3487 0.0000e+00
      4.450      0.059     8.9496     74.339     40.677  26.309408     8.6835      8.196   281.9349 7.1895e+00     1.9165      4.363      6.327     7.3432 0.0000e+00
      4.450      0.064     8.9547     74.308     40.678  26.309679     8.6888      8.196   281.7587 7.0710e+00     1.8819      4.365      6.331     7.3405 0.0000e+00
      4.455      0.067     8.9537     74.289     40.675  26.307469     8.7509      8.196   281.4884 6.8865e+00     1.8739      4.364      6.329     7.3397 0.0000e+00
      4.473      0.069     8.9542     74.289     40.639  26.282692     8.8774      8.197   281.6789 6.6122e+00     1.8881      4.381      6.354     7.3416 0.0000e+00
      4.500      0.070     8.9502     74.292     40.611  26.263635     8.9454      8.197   281.9107 6.3737e+00     1.8831      4.417      6.406     7.3436 0.0000e+00
      4.522      0.070     8.9502     74.283     40.617  26.267197     8.9400      8.195   281.7095 6.2352e+00     1.8485      4.440      6.439     7.3421 0.0000e+00
      4.532      0.068     8.9524     74.275     40.610  26.262378     8.9123      8.194   281.3967 6.1110e+00     1.7774      4.445      6.446     7.3391 0.0000e+00
      4.542      0.066     8.9501     74.283     40.620  26.268749     8.7760      8.194   280.8821 5.9504e+00     1.7746      4.451      6.456     7.3378 0.0000e+00
      4.558      0.070     8.9489     74.290     40.639  26.280848     8.5405      8.197   280.3058 5.7961e+00     1.8488      4.470      6.483     7.3376 0.0000e+00
      4.578      0.083     8.9431     74.277     40.641  26.281897     8.4124      8.202   280.5383 5.6542e+00     1.8542      4.489      6.510     7.3375 0.0000e+00
      4.600      0.101     8.9405     74.257     40.642  26.281426     8.4011      8.207   281.3702 5.4714e+00     1.8053      4.508      6.537     7.3368 0.0000e+00
      4.627      0.115     8.9421     74.239     40.635  26.275159     8.4367      8.208   281.8458 5.3054e+00     1.8725      4.541      6.586     7.3351 0.0000e+00
      4.645      0.123     8.9435     74.200     40.628  26.269502     8.5172      8.207   282.0718 5.2459e+00     2.0518      4.564      6.618     7.3337 0.0000e+00
      4.650      0.125     8.9422     74.133     40.638  26.276407     8.5763      8.205   282.2963 5.2241e+00     2.1629      4.558      6.611     7.3332 0.0000e+00
