Data/DataNotYetUploadedToEDI/Raw_CTD/RawDownloads/112822_fcr50_S7809008.cnv
* Sea-Bird SBE19plus  Data File:
* FileName = C:\R\Reservoirs\Data\DataNotYetUploadedToEDI\Raw_CTD\RawDownloads\112822_bvr50_S7809_0008.hex
* Software version 2.8.0.119
* Temperature SN = 7809
* Conductivity SN = 7809
* System UpLoad Time = Nov 28 2022 16:48:19
* <ApplicationData>
* <Seaterm232>
# nquan = 15
# nvalues = 1313                        
# units = specified
# name 0 = depFM: Depth [fresh water, m]
# name 1 = dz/dtM: Descent Rate [m/s]
# name 2 = sbeox0Mg/L: Oxygen, SBE 43 [mg/l]
# name 3 = sbeox0PS: Oxygen, SBE 43 [% saturation]
# name 4 = specc: Specific Conductance [uS/cm]
# name 5 = c0uS/cm: Conductivity [uS/cm]
# name 6 = flECO-AFL: Fluorescence, WET Labs ECO-AFL/FL [mg/m^3]
# name 7 = ph: pH
# name 8 = orp: Oxidation Reduction Potential [mV]
# name 9 = par/sat/log: PAR/Logarithmic, Satlantic
# name 10 = turbWETntu0: Turbidity, WET Labs ECO [NTU]
# name 11 = prdM: Pressure, Strain Gauge [db]
# name 12 = prdE: Pressure, Strain Gauge [psi]
# name 13 = tv290C: Temperature [ITS-90, deg C]
# name 14 = flag:  0.000e+00
# span 0 =     -0.713,      9.599       
# span 1 =     -0.283,      0.273       
# span 2 =     0.4624,     9.1032       
# span 3 =      3.933,     76.706       
# span 4 =      1.442,    720.160       
# span 5 =   1.032065, 466.855174       
# span 6 =    -1.6519,   227.2272       
# span 7 =      7.220,     11.867       
# span 8 =   161.1774,  1240.2295       
# span 9 = 1.2367e-01, 1.5161e+03       
# span 10 =    -1.0488,    85.2887      
# span 11 =     -0.701,      9.413      
# span 12 =     -1.016,     13.653      
# span 13 =     7.2867,    10.8015      
# span 14 = 0.0000e+00, 0.0000e+00      
# interval = seconds: 0.25
# start_time = Nov 28 2022 09:42:31 [Instrument's time stamp, header]
# bad_flag = -9.990e-29
*END*
[from data line 579]
      4.676      0.104     8.9422     73.967     40.685  26.307377     8.5485      8.202   282.5890 4.9783e+00     2.0076      4.577      6.638     7.3329 0.0000e+00
      4.720      0.080     8.9440     73.927     40.667  26.296070     8.5001      8.201   282.3076 4.7062e+00     1.9011      4.619      6.699     7.3330 0.0000e+00
      4.780      0.057     8.9414     73.965     40.649  26.285320     8.4833      8.200   282.0186 4.4465e+00     1.8261      4.693      6.806     7.3330 0.0000e+00
      4.829      0.046     8.9382     73.991     40.678  26.304179     8.4864      8.198   282.1918 4.3550e+00     1.8178      4.751      6.891     7.3314 0.0000e+00
      4.849      0.046     8.9387     73.936     40.724  26.333934     8.5799      8.196   282.5092 4.3888e+00     1.8343      4.761      6.905     7.3290 0.0000e+00
      4.854      0.050     8.9351     73.898     40.716  26.328163     8.7562      8.196   282.6721 4.4045e+00     1.8549      4.754      6.896     7.3275 0.0000e+00
      4.867      0.053     8.9246     73.915     40.670  26.297775     8.8532      8.196   282.8709 4.3644e+00     1.9309      4.769      6.918     7.3273 0.0000e+00
      4.886      0.055     8.9166     73.910     40.649  26.283437     8.8702      8.195   283.1924 4.3340e+00     1.9670      4.795      6.954     7.3283 0.0000e+00
      4.899      0.059     8.9030     73.961     40.646  26.281568     8.8709      8.195   283.2891 4.3595e+00     1.9150      4.809      6.976     7.3291 0.0000e+00
      4.904      0.060     8.8945     74.065     40.637  26.275174     8.9115      8.194   282.6634 4.3879e+00     1.8500      4.808      6.973     7.3290 0.0000e+00
      4.910      0.056     8.9045     74.055     40.630  26.269514     9.0115      8.192   281.7358 4.3636e+00     1.8290      4.810      6.975     7.3292 0.0000e+00
      4.926      0.050     8.9144     73.989     40.641  26.276522     9.0820      8.192   281.2798 4.3070e+00     1.8664      4.830      7.006     7.3308 0.0000e+00
      4.946      0.050     8.8988     73.980     40.671  26.296523     9.1056      8.193   281.1081 4.2505e+00     1.8929      4.853      7.039     7.3313 0.0000e+00
      4.963      0.059     8.8898     73.975     40.710  26.321197     9.1301      8.196   281.2946 4.1792e+00     1.9436      4.867      7.059     7.3298 0.0000e+00
      4.979      0.074     8.9049     73.962     40.712  26.321310     9.1786      8.198   282.0724 4.0774e+00     2.0699      4.881      7.080     7.3284 0.0000e+00
      4.997      0.089     8.8940     73.960     40.677  26.297894     9.2176      8.198   282.7686 3.9787e+00     2.1562      4.902      7.109     7.3280 0.0000e+00
      5.010      0.099     8.8970     73.937     40.668  26.291609     9.2356      8.196   282.5710 3.9203e+00     2.1669      4.918      7.134     7.3279 0.0000e+00
      5.015      0.102     8.9280     73.960     40.694  26.308697     9.3383      8.194   281.7488 3.8905e+00     2.0964      4.918      7.133     7.3270 0.0000e+00
      5.018      0.094     8.9186     74.087     40.703  26.314347     9.5178      8.193   281.2596 3.8422e+00     1.9536      4.916      7.130     7.3259 0.0000e+00
      5.033      0.076     8.9010     74.161     40.675  26.296535     9.6084      8.193   281.1301 3.7432e+00     1.8746      4.930      7.151     7.3262 0.0000e+00
      5.063      0.052     8.9096     74.102     40.652  26.283499     9.5941      8.194   281.1288 3.5900e+00     1.8590      4.960      7.193     7.3265 0.0000e+00
      5.107      0.029     8.9068     74.030     40.650  26.283499     9.2860      8.194   281.2439 3.4196e+00     1.8329      5.008      7.263     7.3259 0.0000e+00
      5.150      0.014     8.9024     73.990     40.669  26.296534     8.6965      8.194   281.1449 3.3108e+00     1.8325      5.058      7.336     7.3252 0.0000e+00
      5.175      0.012     8.9077     74.022     40.695  26.314335     8.3675      8.194   280.6194 3.2864e+00     1.8537      5.083      7.372     7.3241 0.0000e+00
      5.183      0.024     8.9020     74.132     40.685  26.308572     8.3549      8.196   280.0534 3.2964e+00     1.8845      5.085      7.375     7.3229 0.0000e+00
      5.184      0.050     8.8960     74.173     40.657  26.290237     8.5444      8.200   280.1521 3.3165e+00     1.9664      5.084      7.373     7.3222 0.0000e+00
      5.185      0.084     8.9244     74.122     40.648  26.282809     8.8851      8.202   280.7804 3.3466e+00     2.0574      5.085      7.375     7.3222 0.0000e+00
      5.185      0.114     8.9398     74.105     40.650  26.282139     9.0702      8.201   281.1116 3.3768e+00     2.0974      5.085      7.375     7.3232 0.0000e+00
      5.186      0.131     8.9180     74.132     40.653  26.282139     9.1007      8.198   281.0590 3.4077e+00     2.1080      5.085      7.376     7.3254 0.0000e+00
      5.188      0.133     8.9127     74.140     40.656  26.282809     9.1044      8.195   281.0905 3.4325e+00     2.0831      5.086      7.376     7.3278 0.0000e+00
      5.195      0.122     8.9051     74.123     40.668  26.290239     8.9402      8.193   281.7508 3.4220e+00     1.9677      5.091      7.384     7.3289 0.0000e+00
      5.211      0.098     8.9037     74.098     40.696  26.308584     8.6301      8.191   282.8479 3.3431e+00     1.8400      5.102      7.400     7.3292 0.0000e+00
      5.250      0.066     8.9301     74.066     40.705  26.314459     8.4596      8.188   283.3422 3.1794e+00     1.8029      5.137      7.450     7.3302 0.0000e+00
      5.312      0.034     8.9360     74.080     40.678  26.297896     8.4520      8.185   283.0809 2.9862e+00     1.8260      5.211      7.558     7.3305 0.0000e+00
      5.372      0.012     8.9187     74.106     40.677  26.298472     8.4792      8.183   282.6134 2.8625e+00     1.8460      5.282      7.660     7.3284 0.0000e+00
      5.404      0.002     8.9200     74.090     40.711  26.321426     8.5224      8.183   282.3365 2.8357e+00     1.8397      5.309      7.699     7.3251 0.0000e+00
      5.410      0.001     8.9278     74.123     40.710  26.321889     8.5593      8.182   282.2285 2.8507e+00     1.8526      5.306      7.694     7.3227 0.0000e+00
      5.410      0.005     8.9289     74.118     40.680  26.304078     8.5920      8.182   282.5118 2.8646e+00     1.8996      5.304      7.693     7.3215 0.0000e+00
      5.410      0.015     8.9238     74.009     40.665  26.296228     8.7173      8.183   283.3527 2.8703e+00     1.9295      5.308      7.698     7.3209 0.0000e+00
      5.410      0.032     8.9253     73.989     40.653  26.290362     8.9258      8.185   284.1359 2.8722e+00     1.9071      5.305      7.694     7.3206 0.0000e+00
      5.411      0.056     8.9147     74.043     40.663  26.296540     9.0323      8.186   284.4094 2.8789e+00     1.8673      5.306      7.696     7.3209 0.0000e+00
      5.411      0.080     8.9169     74.026     40.684  26.307536     9.0562      8.186   284.3374 2.8864e+00     1.8587      5.307      7.696     7.3223 0.0000e+00
      5.411      0.101     8.9306     73.999     40.674  26.296540     9.2557      8.187   284.2108 2.8997e+00     1.9395      5.305      7.694     7.3238 0.0000e+00
      5.411      0.117     8.9128     73.973     40.670  26.290353     9.6053      8.187   284.1698 2.9182e+00     2.0938      5.306      7.696     7.3247 0.0000e+00
      5.414      0.126     8.9250     73.949     40.682  26.296114     9.7870      8.185   284.4447 2.8997e+00     2.1521      5.307      7.697     7.3263 0.0000e+00
      5.425      0.123     8.9351     73.980     40.693  26.302811     9.7973      8.182   284.6950 2.8319e+00     2.0975      5.315      7.708     7.3289 0.0000e+00
      5.452      0.109     8.8993     73.998     40.703  26.307937     9.7464      8.182   284.5283 2.7346e+00     2.0826      5.340      7.746     7.3315 0.0000e+00
      5.495      0.093     8.9007     73.955     40.683  26.294702     9.6454      8.183   284.3222 2.6166e+00     2.1087      5.389      7.816     7.3339 0.0000e+00
      5.537      0.086     8.9222     73.923     40.644  26.269558     9.5842      8.184   284.5265 2.5246e+00     2.1054      5.436      7.884     7.3344 0.0000e+00
      5.569      0.086     8.9078     73.949     40.626  26.257458     9.5715      8.184   284.9332 2.4693e+00     2.1114      5.462      7.923     7.3309 0.0000e+00
      5.598      0.088     8.9102     74.048     40.653  26.275164     9.5675      8.184   284.5075 2.4053e+00     2.0787      5.488      7.960     7.3235 0.0000e+00
      5.629      0.091     8.9100     74.136     40.682  26.293489     9.5524      8.184   283.5945 2.3392e+00     1.9493      5.521      8.008     7.3186 0.0000e+00
      5.654      0.095     8.8989     74.108     40.674  26.288869     9.5300      8.184   283.4451 2.3050e+00     1.8447      5.551      8.051     7.3178 0.0000e+00
      5.665      0.096     8.9103     74.056     40.665  26.282698     9.5210      8.184   283.4757 2.3023e+00     1.8386      5.560      8.064     7.3168 0.0000e+00
      5.671      0.090     8.9168     74.052     40.665  26.282254     9.5026      8.183   283.4490 2.2789e+00     1.8761      5.554      8.055     7.3155 0.0000e+00
      5.691      0.077     8.9037     74.046     40.668  26.283502     9.2992      8.182   283.8958 2.1995e+00     1.9560      5.573      8.083     7.3149 0.0000e+00
      5.729      0.063     8.9010     74.021     40.691  26.297784     8.9265      8.182   284.3177 2.1165e+00     2.0535      5.619      8.150     7.3145 0.0000e+00
      5.766      0.057     8.9019     74.041     40.740  26.328166     8.7250      8.181   283.9907 2.0726e+00     2.0642      5.660      8.208     7.3139 0.0000e+00
      5.791      0.058     8.9158     74.104     40.751  26.333928     8.7187      8.181   283.2111 2.0426e+00     2.0171      5.680      8.238     7.3140 0.0000e+00
      5.811      0.063     8.9387     74.125     40.707  26.304070     8.8327      8.181   282.8072 2.0125e+00     2.0309      5.698      8.263     7.3141 0.0000e+00
      5.829      0.069     8.9240     74.160     40.678  26.284070     9.0470      8.181   282.8066 1.9954e+00     2.0943      5.721      8.297     7.3147 0.0000e+00
      5.839      0.074     8.9143     74.183     40.677  26.282256     9.1628      8.180   283.1173 1.9900e+00     2.1000      5.730      8.311     7.3151 0.0000e+00
      5.842      0.075     8.9196     74.088     40.677  26.282143     9.1667      8.179   283.2948 1.9797e+00     2.0660      5.725      8.304     7.3134 0.0000e+00
      5.852      0.070     8.9197     73.991     40.678  26.282699     9.1111      8.179   282.8883 1.9494e+00     2.0240      5.734      8.316     7.3124 0.0000e+00
      5.872      0.062     8.9131     73.946     40.687  26.288984     9.0069      8.180   282.5899 1.8923e+00     1.9690      5.757      8.350     7.3121 0.0000e+00
      5.897      0.060     8.9120     73.879     40.696  26.294746     8.9560      8.182   282.8704 1.8275e+00     1.9123      5.782      8.386     7.3109 0.0000e+00
      5.923      0.065     8.9326     73.841     40.686  26.288984     8.9617      8.183   283.2694 1.7842e+00     1.8516      5.810      8.427     7.3095 0.0000e+00
      5.945      0.071     8.9257     73.871     40.676  26.282708     9.1341      8.183   283.3701 1.7622e+00     1.8841      5.833      8.459     7.3076 0.0000e+00
      5.962      0.075     8.9299     73.901     40.675  26.282244     9.4834      8.182   283.3131 1.7473e+00     2.0325      5.846      8.478     7.3058 0.0000e+00
      5.975      0.074     8.9483     73.913     40.677  26.283378     9.6811      8.182   283.3549 1.7432e+00     2.1421      5.861      8.501     7.3043 0.0000e+00
      5.982      0.068     8.9217     73.872     40.697  26.296413     9.6932      8.182   283.5304 1.7464e+00     2.1511      5.869      8.512     7.3038 0.0000e+00
      5.987      0.056     8.9084     73.770     40.723  26.313081     9.6633      8.181   283.9725 1.7334e+00     2.1064      5.866      8.507     7.3043 0.0000e+00
      6.005      0.039     8.9122     73.705     40.693  26.294756     9.3946      8.180   284.3994 1.6899e+00     2.0117      5.881      8.530     7.3046 0.0000e+00
      6.040      0.022     8.8976     73.688     40.646  26.265002     8.9156      8.180   284.3030 1.6339e+00     1.9284      5.924      8.593     7.3051 0.0000e+00
      6.075      0.011     8.8888     73.667     40.653  26.270245     8.6670      8.181   284.1839 1.6012e+00     1.9199      5.965      8.652     7.3058 0.0000e+00
      6.094      0.009     8.9012     73.654     40.690  26.294766     8.6606      8.181   284.3367 1.5975e+00     1.9074      5.980      8.674     7.3060 0.0000e+00
      6.099      0.012     8.9011     73.684     40.710  26.307943     8.7799      8.181   284.3429 1.5996e+00     1.8803      5.981      8.675     7.3057 0.0000e+00
      6.099      0.016     8.9055     73.739     40.702  26.302803     9.0179      8.179   284.4309 1.5957e+00     1.8656      5.981      8.674     7.3055 0.0000e+00
      6.099      0.019     8.9045     73.780     40.691  26.296002     9.1594      8.179   284.7988 1.5942e+00     1.8670      5.981      8.675     7.3055 0.0000e+00
      6.099      0.019     8.8816     73.809     40.681  26.289098     9.2001      8.180   285.0055 1.5992e+00     1.8965      5.981      8.675     7.3058 0.0000e+00
      6.100      0.018     8.8755     73.835     40.671  26.282708     9.4354      8.180   284.9506 1.6042e+00     1.8811      5.982      8.676     7.3063 0.0000e+00
      6.102      0.018     8.8776     73.845     40.669  26.282132     9.8569      8.180   284.8233 1.6030e+00     1.8508      5.983      8.677     7.3074 0.0000e+00
      6.108      0.021     8.8727     73.834     40.669  26.282132    10.0839      8.181   284.6711 1.5939e+00     1.8726      5.988      8.685     7.3091 0.0000e+00
      6.117      0.027     8.8689     73.803     40.670  26.282698    10.0745      8.182   284.7453 1.5740e+00     1.8716      5.998      8.701     7.3099 0.0000e+00
      6.125      0.037     8.8731     73.760     40.680  26.288984     9.9101      8.181   285.0320 1.5536e+00     1.8719      6.009      8.715     7.3102 0.0000e+00
      6.130      0.046     8.8828     73.732     40.690  26.294746     9.6531      8.180   285.0406 1.5460e+00     1.9450      6.014      8.722     7.3100 0.0000e+00
      6.131      0.051     8.8875     73.731     40.683  26.288984     9.5303      8.178   285.0215 1.5543e+00     2.0378      6.012      8.720     7.3095 0.0000e+00
      6.132      0.051     8.8890     73.735     40.674  26.282699     9.5156      8.176   285.3165 1.5718e+00     2.1061      6.013      8.721     7.3094 0.0000e+00
      6.135      0.046     8.8948     73.735     40.672  26.282132     9.4331      8.175   285.5103 1.5692e+00     2.0542      6.015      8.724     7.3099 0.0000e+00
      6.143      0.036     8.8945     73.748     40.671  26.282132     9.2913      8.174   285.4720 1.5330e+00     1.8878      6.020      8.732     7.3104 0.0000e+00
      6.162      0.023     8.8937     73.756     40.670  26.282708     9.2239      8.174   285.4558 1.4753e+00     1.8019      6.039      8.759     7.3106 0.0000e+00
      6.187      0.012     8.8897     73.751     40.678  26.289098     9.2254      8.174   285.4861 1.4277e+00     1.8356      6.069      8.803     7.3105 0.0000e+00
      6.208      0.005     8.8831     73.743     40.687  26.296004     9.2259      8.173   285.4081 1.4187e+00     1.8513      6.094      8.838     7.3102 0.0000e+00
      6.215      0.004     8.8792     73.733     40.695  26.302824     9.3386      8.173   285.2873 1.4241e+00     1.8210      6.097      8.843     7.3089 0.0000e+00
      6.215      0.007     8.8810     73.722     40.701  26.308177     9.5563      8.174   285.2297 1.4307e+00     1.8442      6.092      8.836     7.3074 0.0000e+00
