Data/DataNotYetUploadedToEDI/Raw_CTD/RawDownloads/120125_fcr50_S7809001.cnv
* Sea-Bird SBE19plus  Data File:
* FileName = C:\R\Reservoirs\Data\DataNotYetUploadedToEDI\Raw_CTD\RawDownloads\120125_fcr50_S7809_0001.hex
* Software version 2.8.0.119
* Temperature SN = 7809
* Conductivity SN = 7809
* System UpLoad Time = Dec 10 2025 15:28:58
* <ApplicationData>
* <Seaterm232>
# nquan = 15
# nvalues = 1405                        
# units = specified
# name 0 = depFM: Depth [fresh water, m]
# name 1 = dz/dtM: Descent Rate [m/s]
# name 2 = sbeox0Mg/L: Oxygen, SBE 43 [mg/l]
# name 3 = sbeox0PS: Oxygen, SBE 43 [% saturation]
# name 4 = specc: Specific Conductance [uS/cm]
# name 5 = c0uS/cm: Conductivity [uS/cm]
# name 6 = flECO-AFL: Fluorescence, WET Labs ECO-AFL/FL [mg/m^3]
# name 7 = ph: pH
# name 8 = orp: Oxidation Reduction Potential [mV]
# name 9 = par/sat/log: PAR/Logarithmic, Satlantic
# name 10 = turbWETntu0: Turbidity, WET Labs ECO [NTU]
# name 11 = prdM: Pressure, Strain Gauge [db]
# name 12 = prdE: Pressure, Strain Gauge [psi]
# name 13 = tv290C: Temperature [ITS-90, deg C]
# name 14 = flag:  0.000e+00
# span 0 =     -0.566,      9.731       
# span 1 =     -0.410,      0.427       
# span 2 =     5.7161,    11.9338       
# span 3 =     47.419,     95.458       
# span 4 =      1.467,    248.346       
# span 5 =   0.891105, 159.512718       
# span 6 =    -0.0864,     3.9376       
# span 7 =     -2.718,      9.216       
# span 8 = -1240.7455,   267.5244       
# span 9 = 1.2363e-01, 1.6678e+03       
# span 10 =    -0.0425,   143.1232      
# span 11 =     -0.556,      9.544      
# span 12 =     -0.806,     13.842      
# span 13 =     5.2958,     7.1174      
# span 14 = 0.0000e+00, 0.0000e+00      
# interval = seconds: 0.25
# start_time = Dec 01 2025 12:28:04 [Instrument's time stamp, header]
# bad_flag = -9.990e-29
*END*
     -0.565 2.5680e-28    11.3876     90.136      1.661   1.010073    -0.0497     -2.716 -1240.7455 1.1845e+02     2.7331     -0.554     -0.804     5.4020 0.0000e+00
     -0.565 2.8248e-27    11.2817     90.311      1.662   1.010187    -0.0704     -2.713 -1240.7455 1.4160e+02     2.6204     -0.555     -0.804     5.4019 0.0000e+00
     -0.566 3.1073e-26    11.3454     90.490      1.662   1.010197    -0.0686     -2.683 -1240.7455 2.4998e+02     2.6559     -0.555     -0.804     5.4016 0.0000e+00
     -0.566 3.4180e-25    11.3865     90.644      1.662   1.010189    -0.0536     -2.351 -1240.7455 4.2975e+02     2.6849     -0.556     -0.806     5.4008 0.0000e+00
     -0.565 3.7598e-24    11.3816     90.853      1.662   1.010085    -0.0639     -0.843 -1240.7455 5.1750e+02     2.5948     -0.555     -0.805     5.3994 0.0000e+00
     -0.565 4.1358e-23    11.4237     91.431      1.660   1.008943    -0.0595      1.949 -1240.7455 4.6303e+02     2.5571     -0.554     -0.804     5.3982 0.0000e+00
     -0.565 4.5494e-22    11.4304     91.765      1.639   0.996380    -0.0341      4.559 -1240.7455 3.6342e+02     2.6036     -0.554     -0.804     5.3972 0.0000e+00
     -0.566 5.0043e-21    11.4725     91.117      1.620   0.984872    -0.0320      6.119 -1240.7455 3.2954e+02     2.5430     -0.555     -0.805     5.3960 0.0000e+00
     -0.566 5.5047e-20    11.4507     90.376      1.639   0.996492    -0.0424      6.919 -1240.7455 3.0856e+02     2.4388     -0.555     -0.805     5.3943 0.0000e+00
     -0.566 6.0552e-19    11.5526     90.051      1.662   1.010189    -0.0347      7.253 -1240.7455 2.0832e+02     2.4714     -0.555     -0.804     5.3925 0.0000e+00
     -0.566 6.6607e-18    11.6943     89.843      1.685   1.023790    -0.0221      6.679 -1240.7455 1.2046e+02     2.4254     -0.555     -0.805     5.3912 0.0000e+00
     -0.566 7.3268e-17    11.4991     89.817      1.702   1.034258    -0.0309      3.940 -1240.7455 9.7807e+01     2.2580     -0.555     -0.805     5.3899 0.0000e+00
     -0.565 8.0595e-16    11.3970     89.980      1.662   1.010072    -0.0414      0.010 -1240.7455 9.6199e+01     2.2918     -0.555     -0.804     5.3886 0.0000e+00
     -0.565 8.8654e-15    11.3947     90.136      1.620   0.984736    -0.0327     -2.223 -1240.7455 1.0203e+02     2.4918     -0.554     -0.804     5.3873 0.0000e+00
     -0.565 9.7520e-14    11.3468     90.447      1.615   0.981288    -0.0332     -2.586 -1240.7455 1.6276e+02     2.5583     -0.555     -0.804     5.3860 0.0000e+00
     -0.566 1.0727e-12    11.3433     90.925      1.594   0.968388    -0.0485     -1.763 -1240.7455 3.0945e+02     2.4469     -0.555     -0.805     5.3848 0.0000e+00
     -0.566 1.1800e-11    11.3869     91.100      1.572   0.955441    -0.0591      0.597 -1240.7455 3.9041e+02     2.3751     -0.555     -0.805     5.3836 0.0000e+00
     -0.566 1.2980e-10    11.3924     91.023      1.566   0.951431    -0.0529      3.451 -1240.7455 2.9560e+02     2.4420     -0.555     -0.805     5.3827 0.0000e+00
     -0.566 1.4278e-09    11.4113     90.952      1.514   0.919916    -0.0329      5.316 -1240.7455 1.8865e+02     2.4361     -0.554     -0.804     5.3821 0.0000e+00
     -0.566 1.5706e-08    11.5307     90.860      1.467   0.891105    -0.0331      6.169 -1240.7455 1.5445e+02     2.3040     -0.555     -0.805     5.3814 0.0000e+00
     -0.566 1.7276e-07    11.5294     90.730      1.514   0.919791    -0.0467      6.378 -1240.7455 1.1586e+02     2.2780     -0.555     -0.805     5.3804 0.0000e+00
     -0.566 3.1673e-07    11.5051     90.632      1.564   0.950048    -0.0390      6.038 -1240.7455 8.2557e+01     2.3958     -0.555     -0.805     5.3787 0.0000e+00
     -0.566 1.7276e-07    11.5061     90.611      1.547   0.940227    -0.0402      5.903 -1240.7455 7.6446e+01     2.4301     -0.555     -0.805     5.3777 0.0000e+00
     -0.565 1.5706e-08    11.4927     90.618      1.527   0.927722    -0.0692      6.466 -1240.7455 7.6303e+01     2.3171     -0.555     -0.804     5.3780 0.0000e+00
     -0.565 1.4278e-09    11.4734     90.637      1.523   0.925547    -0.0733      7.137 -1240.7455 7.5164e+01     2.0882     -0.555     -0.804     5.3784 0.0000e+00
     -0.566 1.2980e-10    11.4552     90.663      1.504   0.913918    -0.0569      7.492 -1240.7455 7.5240e+01     1.7125     -0.555     -0.805     5.3788 0.0000e+00
     -0.566 1.1800e-11    11.4600     90.679      1.504   0.913810    -0.0699      7.618 -1240.7455 7.7115e+01     1.4292     -0.555     -0.805     5.3794 0.0000e+00
     -0.565 1.0727e-12    11.4577     90.675      1.521   0.924235    -0.0726      7.662 -1240.7455 7.8443e+01     1.4301     -0.554     -0.804     5.3802 0.0000e+00
     -0.565 9.7520e-14    11.4619     90.686      1.503   0.913289    -0.0482      7.678 -1240.7455 8.0881e+01     1.5173     -0.555     -0.804     5.3811 0.0000e+00
     -0.565 8.8655e-15    11.4646     90.720      1.494   0.908140    -0.0324      7.660 -1240.7455 8.5379e+01     1.5268     -0.555     -0.804     5.3813 0.0000e+00
     -0.566 8.0595e-16    11.4690     90.728      1.523   0.925328    -0.0324      7.647 -1240.7455 8.8877e+01     1.4775     -0.555     -0.805     5.3812 0.0000e+00
     -0.566 7.3270e-17    11.4659     90.721      1.533   0.931088    -0.0559      7.647 -1240.7455 8.9663e+01     1.3651     -0.555     -0.805     5.3807 0.0000e+00
     -0.565 6.6610e-18    11.4647     90.721      1.505   0.914431    -0.0678      7.649 -1240.7455 8.8041e+01     1.2954     -0.555     -0.804     5.3801 0.0000e+00
     -0.565 6.0550e-19    11.4770     90.743      1.504   0.913963    -0.0593      7.660 -1240.7455 8.5507e+01     1.3175     -0.554     -0.804     5.3788 0.0000e+00
     -0.565 5.5050e-20    11.4736     90.782      1.523   0.925428    -0.0609      7.683 -1240.7455 8.5040e+01     1.3594     -0.554     -0.803     5.3768 0.0000e+00
     -0.565 5.0045e-21    11.4747     90.805      1.525   0.926367    -0.0461      7.709 -1240.7455 8.6916e+01     1.4265     -0.554     -0.804     5.3751 0.0000e+00
     -0.565 4.5494e-22    11.4729     90.807      1.524   0.925320    -0.0215      7.725 -1240.7455 8.8538e+01     1.4452     -0.554     -0.804     5.3734 0.0000e+00
     -0.565 4.1358e-23    11.4763     90.801      1.503   0.912764    -0.0298      7.732 -1240.7455 8.8747e+01     1.3813     -0.554     -0.804     5.3716 0.0000e+00
     -0.565 3.7598e-24    11.4850     90.794      1.484   0.901239    -0.0548      7.740 -1240.7455 8.6688e+01     1.3708     -0.555     -0.804     5.3700 0.0000e+00
     -0.565 3.4180e-25    11.4873     90.790      1.503   0.912661    -0.0576      7.749 -1240.7455 8.2651e+01     1.4557     -0.555     -0.805     5.3682 0.0000e+00
     -0.565 3.1073e-26    11.4881     90.804      1.522   0.924178    -0.0470      7.751 -1240.7455 8.0278e+01     1.4850     -0.555     -0.804     5.3664 0.0000e+00
     -0.565 2.8248e-27    11.4864     90.800      1.505   0.913799    -0.0586      7.738 -1240.7455 8.0839e+01     1.4172     -0.555     -0.804     5.3651 0.0000e+00
     -0.565 2.5680e-28    11.4881     90.800      1.505   0.913860    -0.0652      7.720 -1240.7455 8.1457e+01     1.3868     -0.555     -0.805     5.3634 0.0000e+00
     -0.565 2.3366e-29    11.4834     90.852      1.523   0.924919    -0.0358      7.701 -1240.7455 8.0772e+01     1.4254     -0.554     -0.804     5.3616 0.0000e+00
     -0.565 2.3486e-30    11.4916     90.902      1.517   0.920826    -0.0108      7.672 -1240.7455 8.0004e+01     1.4406     -0.554     -0.804     5.3600 0.0000e+00
     -0.565 2.6818e-30    11.4899     90.933      1.528   0.927718    -0.0211      7.648 -1240.7455 8.0279e+01     1.3999     -0.555     -0.804     5.3588 0.0000e+00
     -0.565 2.7395e-29    11.4833     90.967      1.557   0.944908    -0.0521      7.642 -1240.7455 8.0922e+01     1.3428     -0.555     -0.804     5.3577 0.0000e+00
     -0.565 3.0115e-28    11.4985     90.990      1.547   0.938636    -0.0619      7.643 -1240.7455 8.1518e+01     1.3305     -0.555     -0.804     5.3561 0.0000e+00
     -0.565 3.3126e-27    11.5045     91.022      1.508   0.915221    -0.0389      7.625 -1240.7455 8.3698e+01     1.3542     -0.555     -0.804     5.3538 0.0000e+00
     -0.565 3.6439e-26    11.5063     91.048      1.508   0.915168    -0.0317      7.568 -1240.7455 8.7533e+01     1.3562     -0.555     -0.805     5.3510 0.0000e+00
     -0.565 4.0083e-25    11.5151     91.027      1.546   0.938008    -0.0418      7.463 -1240.7455 9.0654e+01     1.3883     -0.554     -0.804     5.3483 0.0000e+00
     -0.565 4.4091e-24    11.5158     91.007      1.546   0.938000    -0.0357      6.751 -1240.7455 9.2972e+01     1.4688     -0.555     -0.805     5.3457 0.0000e+00
     -0.565 4.8500e-23    11.5198     90.986      1.508   0.915060    -0.0414      4.721 -1240.7455 9.6577e+01     1.4428     -0.554     -0.804     5.3434 0.0000e+00
     -0.565 5.3350e-22    11.5312     90.938      1.506   0.914021    -0.0691      2.129 -1240.7455 1.0067e+02     1.3466     -0.554     -0.804     5.3410 0.0000e+00
     -0.565 5.8685e-21    11.5212     90.930      1.525   0.925443    -0.0711      0.101 -1240.7455 1.0281e+02     1.3985     -0.555     -0.804     5.3382 0.0000e+00
     -0.565 6.4554e-20    11.5206     90.943      1.527   0.926482    -0.0496     -1.382 -1240.7455 1.0367e+02     1.4546     -0.555     -0.805     5.3363 0.0000e+00
     -0.565 7.1009e-19    11.5244     90.947      1.527   0.926577    -0.0586     -2.351 -1240.7455 1.0448e+02     1.3763     -0.555     -0.804     5.3354 0.0000e+00
     -0.565 7.8110e-18    11.5081     90.984      1.528   0.926595    -0.0716     -2.685 -1240.7455 1.0555e+02     1.3747     -0.555     -0.805     5.3345 0.0000e+00
     -0.565 8.5921e-17    11.5124     91.049      1.528   0.926690    -0.0486     -2.715 -1240.7455 1.0721e+02     1.4343     -0.554     -0.804     5.3333 0.0000e+00
     -0.565 9.4513e-16    11.5170     91.108      1.530   0.927727    -0.0311     -2.718 -1240.7455 1.1694e+02     1.4143     -0.554     -0.804     5.3322 0.0000e+00
     -0.565 1.0396e-14    11.5126     91.141      1.549   0.939140    -0.0420     -2.718 -1240.7455 2.3223e+02     1.3376     -0.555     -0.804     5.3308 0.0000e+00
     -0.565 1.1436e-13    11.5199     91.155      1.547   0.937998    -0.0630     -2.718 -1240.7455 7.2476e+02     1.2596     -0.555     -0.804     5.3286 0.0000e+00
     -0.565 1.2580e-12    11.5306     91.168      1.507   0.913917    -0.0611     -2.718 -1240.7455 1.4174e+03     1.2224     -0.554     -0.804     5.3258 0.0000e+00
     -0.565 1.3838e-11    11.5398     91.171      1.487   0.901353    -0.0359     -2.718 -1240.7455 1.6678e+03     1.1608     -0.555     -0.804     5.3231 0.0000e+00
     -0.565 1.5221e-10    11.5445     91.143      1.506   0.912775    -0.0332     -2.713 -1240.7455 1.2687e+03     1.0951     -0.554     -0.804     5.3197 0.0000e+00
     -0.565 1.6744e-09    11.5463     91.120      1.527   0.925331    -0.0457     -2.648 -1240.7455 7.3270e+02     1.1459     -0.554     -0.803     5.3162 0.0000e+00
     -0.565 1.8418e-08    11.5486     91.135      1.529   0.926480    -0.0371     -1.943 -1240.7453 4.7639e+02     1.2277     -0.554     -0.803     5.3130 0.0000e+00
     -0.565 2.0260e-07    11.5530     91.152      1.529   0.926660    -0.0367     -0.165 -1240.7429 2.6111e+02     1.1966     -0.554     -0.803     5.3101 0.0000e+00
     -0.565      0.000    11.5476     91.162      1.531   0.927516    -0.0582      1.839 -1240.7173 9.4784e+01     1.1113     -0.554     -0.804     5.3071 0.0000e+00
     -0.564      0.000    11.5413     91.172      1.546   0.936829    -0.0631      3.259 -1240.4356 7.9258e+01     1.1183     -0.553     -0.803     5.3047 0.0000e+00
     -0.564      0.000    11.5502     91.157      1.715   1.039258    -0.0631      4.064 -1237.3365 7.6620e+01     1.2141     -0.554     -0.802     5.3022 0.0000e+00
     -0.564      0.003    11.5490     91.156      3.571   2.165983    -0.0752      4.762 -1203.2469 7.4695e+01     1.2789     -0.553     -0.803     5.3014 0.0000e+00
     -0.564      0.018    11.5543     91.227     14.999   9.112135    -0.0595      5.759  -828.2612 7.3885e+01     1.3544     -0.554     -0.802     5.2992 0.0000e+00
     -0.564      0.054    11.5495     91.372     34.554  21.073574     0.0190      6.559  -139.8238 7.4222e+01     1.6492     -0.555     -0.804     5.3010 0.0000e+00
     -0.563      0.105    11.5627     92.626     46.005  28.255199     0.7164      6.922   235.9869 7.7161e+01     3.6477     -0.552     -0.800     5.2983 0.0000e+00
     -0.553      0.159    11.5268     94.685     47.491  29.442638     2.0054      7.118   267.5244 8.2668e+01     7.1062     -0.555     -0.805     5.3043 0.0000e+00
     -0.506      0.204    11.5893     95.093     47.142  29.468801     2.7109      7.258   265.4989 8.8359e+01     8.8957     -0.522     -0.758     5.2958 0.0000e+00
     -0.410      0.237    11.5034     94.151     46.736  29.396387     2.7878      7.374   260.8833 9.2863e+01     9.0588     -0.400     -0.580     5.3703 0.0000e+00
     -0.310      0.254    11.5103     93.384     46.422  29.328447     2.8185      7.472   257.6631 9.5999e+01     9.0441     -0.286     -0.415     5.6775 0.0000e+00
     -0.242      0.253    11.9338     92.724     46.310  29.345226     2.9498      7.560   255.8169 9.8401e+01     7.9667     -0.233     -0.336     6.0239 0.0000e+00
     -0.192      0.229    11.8142     92.049     46.524  29.535905     3.1843      7.636   253.8751 1.0098e+02     5.9732     -0.189     -0.273     6.2762 0.0000e+00
     -0.144      0.191    11.5326     91.462     46.681  29.667550     3.2997      7.696   251.7380 1.0265e+02     4.8557     -0.141     -0.205     6.4693 0.0000e+00
     -0.098      0.156    11.4610     91.022     46.358  29.477986     3.3209      7.745   250.6266 9.5933e+01     4.8046     -0.095     -0.137     6.6034 0.0000e+00
     -0.057      0.131    11.3378     91.122     46.128  29.337205     3.4323      7.793   251.0194 8.2931e+01     4.8768     -0.053     -0.077     6.6946 0.0000e+00
     -0.026      0.111    11.2373     92.012     46.765  29.741520     3.5981      7.841   251.8411 7.9044e+01     4.8065     -0.020     -0.029     6.7499 0.0000e+00
     -0.008      0.094    11.1591     93.024     47.959  30.497029     3.6689      7.883   251.4421 8.1523e+01     4.7406     -0.005     -0.007     6.7812 0.0000e+00
      0.005      0.078    11.0882     93.719     48.332  30.732938     3.6636      7.913   249.4651 7.9152e+01     4.7632      0.002      0.004     6.7957 0.0000e+00
      0.023      0.063    11.0558     94.261     47.467  30.183347     3.7004      7.933   247.1236 7.3006e+01     4.8065      0.021      0.030     6.8010 0.0000e+00
      0.044      0.051    11.2305     94.732     46.491  29.561159     3.7733      7.950   244.9853 6.8183e+01     4.8196      0.046      0.066     6.7984 0.0000e+00
      0.060      0.043    11.3719     95.136     46.186  29.363284     3.7952      7.970   242.8832 6.7156e+01     4.7853      0.062      0.091     6.7923 0.0000e+00
      0.067      0.037    11.4334     95.378     46.218  29.376685     3.7741      7.991   241.1531 6.7409e+01     4.8008      0.067      0.097     6.7912 0.0000e+00
      0.069      0.032    11.5062     95.440     46.075  29.279155     3.7680      8.013   239.8122 6.7384e+01     4.9043      0.067      0.097     6.7935 0.0000e+00
      0.072      0.027    11.5566     95.458     45.859  29.135533     3.7709      8.037   238.1992 6.7963e+01     5.0132      0.070      0.101     6.7923 0.0000e+00
      0.079      0.024    11.6163     95.455     45.708  29.035664     3.7684      8.062   236.6222 6.7794e+01     5.0243      0.077      0.112     6.7877 0.0000e+00
      0.089      0.024    11.6517     95.389     45.589  28.959684     3.7463      8.084   235.8864 6.5925e+01     4.9359      0.088      0.127     6.7797 0.0000e+00
      0.098      0.023    11.6485     95.314     45.518  28.914618     3.6447      8.104   235.5841 6.4402e+01     4.9011      0.097      0.140     6.7710 0.0000e+00
