Data/DataNotYetUploadedToEDI/Raw_CTD/RawDownloads/120125_bvr50_S8188001.cnv
* Sea-Bird SBE19plus  Data File:
* FileName = C:\R\Reservoirs\Data\DataNotYetUploadedToEDI\Raw_CTD\RawDownloads\120125_bvr50_S8188_0001.hex
* Software version 2.8.0.119
* Temperature SN = 8188
* Conductivity SN = 8188
* System UpLoad Time = Dec 10 2025 15:14:28
* <ApplicationData>
* <Seaterm232>
# nquan = 16
# nvalues = 1880                        
# units = specified
# name 0 = depFM: Depth [fresh water, m]
# name 1 = dz/dtM: Descent Rate [m/s]
# name 2 = sbeox0Mg/L: Oxygen, SBE 43 [mg/l]
# name 3 = sbeox0PS: Oxygen, SBE 43 [% saturation]
# name 4 = specc: Specific Conductance [uS/cm]
# name 5 = c0uS/cm: Conductivity [uS/cm]
# name 6 = wetCDOM: Fluorescence, WET Labs CDOM [mg/m^3]
# name 7 = flECO-AFL: Fluorescence, WET Labs ECO-AFL/FL [mg/m^3]
# name 8 = flECO-AFL1: Fluorescence, WET Labs ECO-AFL/FL, 2 [mg/m^3]
# name 9 = flECO-AFL2: Fluorescence, WET Labs ECO-AFL/FL, 3 [mg/m^3]
# name 10 = par/sat/log: PAR/Logarithmic, Satlantic
# name 11 = turbWETntu0: Turbidity, WET Labs ECO [NTU]
# name 12 = prdM: Pressure, Strain Gauge [db]
# name 13 = prdE: Pressure, Strain Gauge [psi]
# name 14 = tv290C: Temperature [ITS-90, deg C]
# name 15 = flag:  0.000e+00
# span 0 =     -0.661,      5.343       
# span 1 =     -0.382,      0.184       
# span 2 =     7.1212,    12.4503       
# span 3 =     55.549,     96.556       
# span 4 =      0.711,     55.974       
# span 5 =   0.497661,  33.438681       
# span 6 =    -4.5000,    46.4400       
# span 7 =    -2.1004,     8.0202       
# span 8 =    -2.1300,     1.0650       
# span 9 =    -2.0304,     3.5109       
# span 10 = 1.1587e-01, 1.8966e+03      
# span 11 =    -1.0346,   846.5268      
# span 12 =     -0.648,      5.240      
# span 13 =     -0.940,      7.599      
# span 14 =     4.3542,    10.0147      
# span 15 = 0.0000e+00, 0.0000e+00      
# interval = seconds: 0.25
# start_time = Dec 01 2025 11:40:57 [Instrument's time stamp, header]
# bad_flag = -9.990e-29
*END*
[from data line 814]
      0.303     -0.001    10.3823     80.267     51.279  30.175033    44.6400     1.4435     0.9372     0.5922 1.8585e+01    36.5804      0.298      0.431     4.4190 0.0000e+00
      0.303     -0.001    10.3893     80.311     51.306  30.191404    44.6400     1.4244     0.9372     0.5922 1.8646e+01    36.6710      0.297      0.431     4.4193 0.0000e+00
      0.303     -0.001    10.3943     80.366     51.346  30.215030    44.6400     1.4283     0.9372     0.5922 1.8577e+01    36.5048      0.297      0.431     4.4199 0.0000e+00
      0.303      0.000    10.3988     80.430     51.366  30.226319    44.6400     1.4435     0.9372     0.5922 1.8497e+01    36.4746      0.297      0.431     4.4205 0.0000e+00
      0.303      0.000    10.4041     80.472     51.340  30.210357    44.6400     1.5618     0.9798     0.5499 1.8501e+01    36.6408      0.297      0.430     4.4211 0.0000e+00
      0.303      0.001    10.4097     80.492     51.300  30.186786    44.6400     1.5732     0.9798     0.5499 1.8521e+01    36.5351      0.297      0.431     4.4216 0.0000e+00
      0.303      0.001    10.4169     80.503     51.297  30.185172    44.6400     1.6114     0.9798     0.5499 1.8437e+01    36.5502      0.298      0.431     4.4217 0.0000e+00
      0.304      0.001    10.4252     80.493     51.324  30.201100    44.6400     1.5732     0.9798     0.5499 1.8565e+01    36.5199      0.298      0.432     4.4214 0.0000e+00
      0.304      0.001    10.4308     80.459     51.327  30.202969    44.7300     1.6495     0.9372     0.5076 1.8469e+01    36.7314      0.298      0.433     4.4210 0.0000e+00
      0.304      0.001    10.4335     80.415     51.330  30.205217    44.7300     1.6190     0.9372     0.5076 1.8361e+01    36.7919      0.299      0.433     4.4208 0.0000e+00
      0.304      0.001    10.4350     80.370     51.379  30.234337    44.7300     1.6381     0.9372     0.5076 1.8505e+01    36.8372      0.299      0.433     4.4207 0.0000e+00
      0.304      0.001    10.4336     80.339     51.450  30.276186    44.7300     1.6190     0.9372     0.5076 1.8541e+01    36.9429      0.299      0.433     4.4209 0.0000e+00
      0.305      0.000    10.4290     80.334     51.482  30.294123    44.6400     1.5503     0.9372     0.5499 1.8505e+01    36.7314      0.299      0.434     4.4213 0.0000e+00
      0.305      0.000    10.4232     80.328     51.446  30.273015    44.6400     1.5618     0.9372     0.5499 1.8549e+01    36.6257      0.299      0.434     4.4217 0.0000e+00
      0.305      0.000    10.4174     80.291     51.386  30.237108    44.6400     1.5770     0.9372     0.5499 1.8521e+01    36.6106      0.299      0.434     4.4219 0.0000e+00
      0.305      0.000    10.4135     80.242     51.338  30.208693    44.6400     1.5885     0.9372     0.5499 1.8385e+01    36.5351      0.299      0.434     4.4216 0.0000e+00
      0.305      0.000    10.4129     80.214     51.303  30.188160    44.6400     1.5541     0.9372     0.5499 1.8489e+01    36.2782      0.299      0.434     4.4212 0.0000e+00
      0.305      0.000    10.4121     80.206     51.253  30.158084    44.6400     1.5770     0.9372     0.5076 1.8285e+01    36.4293      0.299      0.434     4.4208 0.0000e+00
      0.305      0.000    10.4073     80.208     51.217  30.136334    44.6400     1.5961     0.9372     0.5076 1.8602e+01    36.3840      0.299      0.434     4.4207 0.0000e+00
      0.305     -0.001    10.4011     80.239     51.236  30.146987    44.6400     1.5694     0.9372     0.5076 1.8437e+01    36.3991      0.299      0.433     4.4207 0.0000e+00
      0.304     -0.001    10.3975     80.304     51.267  30.165000    44.6400     1.6190     0.9372     0.5076 1.8545e+01    36.6106      0.299      0.433     4.4205 0.0000e+00
      0.304     -0.001    10.3966     80.383     51.292  30.179244    44.6400     1.6304     0.9372     0.5076 1.8585e+01    36.5804      0.299      0.433     4.4200 0.0000e+00
      0.304     -0.001    10.3970     80.454     51.313  30.191524    44.6400     1.6457     0.9372     0.5076 1.8521e+01    36.5653      0.298      0.432     4.4194 0.0000e+00
      0.304     -0.001    10.4012     80.487     51.313  30.191174    44.6400     1.6381     0.9372     0.5076 1.8658e+01    36.6106      0.298      0.432     4.4189 0.0000e+00
      0.304      0.000    10.4098     80.470     51.300  30.184075    44.6400     1.5427     0.9372     0.5076 1.8638e+01    36.5804      0.298      0.432     4.4184 0.0000e+00
      0.304      0.000    10.4201     80.440     51.282  30.174310    44.6400     1.5465     0.9372     0.3807 1.8577e+01    36.5199      0.298      0.432     4.4179 0.0000e+00
      0.304      0.000    10.4294     80.416     51.248  30.155291    44.6400     1.5732     0.9372     0.3807 1.8691e+01    36.5653      0.298      0.432     4.4176 0.0000e+00
      0.304     -0.000    10.4336     80.362     51.203  30.129914    44.6400     1.5770     0.9372     0.3807 1.8493e+01    36.6408      0.298      0.432     4.4176 0.0000e+00
      0.304     -0.000    10.4313     80.287     51.177  30.115311    44.6400     1.4664     0.9372     0.3807 1.8638e+01    36.5351      0.298      0.432     4.4180 0.0000e+00
      0.304     -0.000    10.4273     80.237     51.197  30.127505    44.6400     1.4664     0.9372     0.3807 1.8493e+01    36.7012      0.298      0.432     4.4190 0.0000e+00
      0.304     -0.000    10.4237     80.234     51.248  30.157798    44.7300     1.4435     0.9372     0.5922 1.8565e+01    36.5048      0.298      0.432     4.4201 0.0000e+00
      0.304     -0.000    10.4165     80.280     51.297  30.186383    44.7300     1.4359     0.9372     0.5922 1.8585e+01    36.4746      0.298      0.432     4.4212 0.0000e+00
      0.304      0.000    10.4065     80.343     51.333  30.206942    44.7300     1.5122     0.9372     0.5922 1.8461e+01    36.5955      0.298      0.432     4.4220 0.0000e+00
      0.304      0.000    10.4000     80.387     51.351  30.216992    44.7300     1.5084     0.9372     0.5922 1.8505e+01    36.6710      0.298      0.432     4.4222 0.0000e+00
      0.304      0.000    10.3996     80.431     51.349  30.215228    44.7300     1.4778     0.8946     0.6345 1.8437e+01    36.6559      0.298      0.432     4.4221 0.0000e+00
      0.303      0.000    10.4057     80.486     51.338  30.209148    44.7300     1.5084     0.8946     0.6345 1.8521e+01    36.6106      0.297      0.431     4.4217 0.0000e+00
      0.303      0.000    10.4140     80.530     51.328  30.203103    44.7300     1.5541     0.8946     0.6345 1.8638e+01    36.5955      0.297      0.431     4.4213 0.0000e+00
      0.303      0.000    10.4198     80.551     51.342  30.211417    44.7300     1.5656     0.8946     0.6345 1.8513e+01    36.6257      0.297      0.431     4.4208 0.0000e+00
      0.303      0.000    10.4256     80.545     51.387  30.238296    44.7300     1.5541     0.9372     0.4230 1.8776e+01    36.6106      0.297      0.431     4.4205 0.0000e+00
      0.303      0.001    10.4328     80.517     51.402  30.247093    44.7300     1.5808     0.9372     0.4230 1.8325e+01    36.6408      0.297      0.431     4.4204 0.0000e+00
      0.304      0.001    10.4384     80.491     51.384  30.236170    44.7300     1.5770     0.9372     0.4230 1.8813e+01    36.5804      0.298      0.432     4.4205 0.0000e+00
      0.304      0.001    10.4410     80.476     51.410  30.250414    44.7300     1.5808     0.9372     0.4230 1.8365e+01    36.6408      0.298      0.432     4.4207 0.0000e+00
      0.304      0.001    10.4402     80.460     51.479  30.289641    44.7300     1.5961     0.9372     0.5499 1.8585e+01    36.5351      0.298      0.433     4.4209 0.0000e+00
      0.305      0.001    10.4366     80.441     51.527  30.316510    44.7300     1.5503     0.9372     0.5499 1.8333e+01    36.6710      0.299      0.433     4.4209 0.0000e+00
      0.305      0.001    10.4333     80.422     51.541  30.324246    44.7300     1.5770     0.9372     0.5499 1.8365e+01    36.6861      0.299      0.433     4.4205 0.0000e+00
      0.305      0.001    10.4317     80.413     51.540  30.322877    44.7300     1.5503     0.9372     0.5499 1.8541e+01    36.6106      0.299      0.433     4.4197 0.0000e+00
      0.305      0.001    10.4299     80.423     51.521  30.312038    44.7300     1.5885     0.9372     0.5499 1.8377e+01    36.6106      0.299      0.433     4.4186 0.0000e+00
      0.305      0.000    10.4277     80.446     51.480  30.288840    44.7300     1.5580     0.9798     0.5499 1.8699e+01    36.5804      0.299      0.433     4.4174 0.0000e+00
      0.305      0.000    10.4256     80.471     51.407  30.247096    44.7300     1.5084     0.9798     0.5499 1.8593e+01    36.6106      0.299      0.434     4.4165 0.0000e+00
      0.305      0.000    10.4245     80.492     51.328  30.201566    44.7300     1.5007     0.9798     0.5499 1.8707e+01    36.6710      0.299      0.434     4.4162 0.0000e+00
      0.305      0.000    10.4257     80.507     51.290  30.179942    44.7300     1.5198     0.9798     0.5499 1.8638e+01    36.6106      0.299      0.434     4.4164 0.0000e+00
      0.305      0.000    10.4286     80.510     51.293  30.182433    44.7300     1.5236     0.9372     0.4653 1.8573e+01    36.5804      0.299      0.434     4.4170 0.0000e+00
      0.305      0.000    10.4315     80.497     51.313  30.193770    44.7300     1.5580     0.9372     0.4653 1.8614e+01    36.3387      0.299      0.434     4.4179 0.0000e+00
      0.305      0.000    10.4340     80.468     51.316  30.195068    44.7300     1.5770     0.9372     0.4653 1.8437e+01    36.3085      0.299      0.434     4.4189 0.0000e+00
      0.305      0.000    10.4357     80.422     51.286  30.176715    44.7300     1.5732     0.9372     0.4653 1.8610e+01    36.4142      0.299      0.434     4.4198 0.0000e+00
      0.305     -0.001    10.4359     80.359     51.252  30.155724    44.8200     1.5465     0.9372     0.6345 1.8437e+01    36.2329      0.299      0.434     4.4203 0.0000e+00
      0.305     -0.001    10.4343     80.282     51.235  30.144423    44.8200     1.4969     0.9372     0.6345 1.8646e+01    36.3236      0.299      0.433     4.4202 0.0000e+00
      0.305     -0.001    10.4307     80.190     51.250  30.151748    44.8200     1.5122     0.9372     0.6345 1.8577e+01    36.3840      0.299      0.433     4.4198 0.0000e+00
      0.304     -0.001    10.4249     80.092     51.289  30.173677    44.8200     1.5084     0.9372     0.6345 1.8723e+01    36.5653      0.298      0.433     4.4190 0.0000e+00
      0.304     -0.001    10.4170     80.008     51.295  30.176224    44.7300     1.4893     0.9372     0.6345 1.8630e+01    36.4142      0.298      0.432     4.4179 0.0000e+00
      0.304     -0.001    10.4073     79.954     51.302  30.179987    44.7300     1.5656     0.9372     0.6345 1.8911e+01    36.5351      0.298      0.432     4.4166 0.0000e+00
      0.304      0.000    10.3958     79.933     51.356  30.211859    44.7300     1.5732     0.9372     0.6345 1.8719e+01    36.5653      0.298      0.432     4.4152 0.0000e+00
      0.304      0.000    10.3834     79.945     51.394  30.234531    44.7300     1.5770     0.9372     0.6345 1.9002e+01    36.4444      0.298      0.432     4.4141 0.0000e+00
      0.304     -0.000    10.3727     79.985     51.376  30.224174    44.7300     1.5694     0.9372     0.6345 1.8764e+01    36.5351      0.298      0.432     4.4135 0.0000e+00
      0.304     -0.000    10.3658     80.048     51.308  30.184003    44.7300     1.5656     0.9372     0.6768 1.8707e+01    36.5653      0.298      0.432     4.4132 0.0000e+00
      0.304     -0.000    10.3630     80.116     51.245  30.147120    44.7300     1.5732     0.9372     0.6768 1.8756e+01    36.6408      0.298      0.432     4.4133 0.0000e+00
      0.304     -0.000    10.3645     80.164     51.256  30.153482    44.7300     1.5656     0.9372     0.6768 1.8573e+01    36.5502      0.298      0.432     4.4134 0.0000e+00
      0.304     -0.000    10.3697     80.184     51.326  30.194828    44.7300     1.6075     0.9372     0.6768 1.8846e+01    36.5804      0.298      0.432     4.4134 0.0000e+00
      0.304     -0.000    10.3778     80.190     51.379  30.226416    44.8200     1.5618     0.9372     0.5499 1.8481e+01    36.6257      0.298      0.432     4.4134 0.0000e+00
      0.304     -0.001    10.3868     80.192     51.377  30.224803    44.8200     1.5923     0.9372     0.5499 1.8719e+01    36.6106      0.298      0.432     4.4134 0.0000e+00
      0.303     -0.001    10.3929     80.191     51.351  30.209475    44.8200     1.5656     0.9372     0.5499 1.8626e+01    36.5804      0.297      0.431     4.4135 0.0000e+00
      0.303      0.000    10.3955     80.190     51.326  30.194272    44.8200     1.5808     0.9372     0.5499 1.8505e+01    36.5804      0.297      0.431     4.4137 0.0000e+00
      0.303      0.000    10.3962     80.190     51.321  30.191070    44.7300     1.6419     0.9798     0.5922 1.8866e+01    36.4142      0.297      0.431     4.4137 0.0000e+00
      0.303      0.000    10.3965     80.193     51.338  30.201010    44.7300     1.6381     0.9798     0.5922 1.8497e+01    36.3538      0.297      0.431     4.4136 0.0000e+00
      0.303      0.000    10.3965     80.192     51.338  30.200848    44.7300     1.6152     0.9798     0.5922 1.8805e+01    36.3538      0.297      0.431     4.4135 0.0000e+00
      0.303      0.000    10.3963     80.174     51.313  30.186559    44.7300     1.6190     0.9798     0.5922 1.8465e+01    36.3840      0.297      0.431     4.4134 0.0000e+00
      0.303      0.001    10.3964     80.128     51.270  30.162300    44.8200     1.5885     0.9372     0.5922 1.8497e+01    36.3085      0.297      0.431     4.4132 0.0000e+00
      0.303      0.001    10.3968     80.069     51.243  30.147493    44.8200     1.5923     0.9372     0.5922 1.8413e+01    36.4142      0.297      0.432     4.4130 0.0000e+00
      0.304      0.001    10.3967     80.028     51.239  30.146155    44.8200     1.5656     0.9372     0.5922 1.8405e+01    36.3991      0.298      0.432     4.4130 0.0000e+00
      0.304      0.001    10.3943     80.017     51.201  30.124071    44.8200     1.5961     0.9372     0.5922 1.8577e+01    36.4293      0.298      0.432     4.4132 0.0000e+00
      0.304      0.001    10.3881     80.037     51.128  30.081329    44.8200     1.5656     0.9372     0.5922 1.8361e+01    36.3538      0.298      0.433     4.4139 0.0000e+00
      0.305      0.001    10.3802     80.078     51.066  30.044371    44.8200     1.5541     0.9798     0.6768 1.8719e+01    36.3387      0.299      0.433     4.4149 0.0000e+00
      0.305      0.001    10.3747     80.145     51.057  30.039191    44.8200     1.5808     0.9798     0.6768 1.8501e+01    36.2480      0.299      0.434     4.4159 0.0000e+00
      0.305      0.001    10.3731     80.241     51.107  30.068392    44.8200     1.5465     0.9798     0.6768 1.8776e+01    36.3840      0.299      0.434     4.4165 0.0000e+00
      0.305      0.001    10.3756     80.342     51.181  30.111876    44.8200     1.5770     0.9798     0.6768 1.8525e+01    36.2631      0.299      0.434     4.4165 0.0000e+00
      0.306      0.001    10.3810     80.421     51.270  30.163316    44.8200     1.6152     0.9372     0.4653 1.8703e+01    36.7012      0.300      0.435     4.4163 0.0000e+00
      0.306      0.001    10.3897     80.469     51.355  30.212530    44.8200     1.6457     0.9372     0.4653 1.8887e+01    36.5804      0.300      0.435     4.4161 0.0000e+00
      0.306      0.001    10.4022     80.500     51.408  30.242764    44.8200     1.6190     0.9372     0.4653 1.8598e+01    36.5502      0.301      0.436     4.4160 0.0000e+00
      0.307      0.001    10.4154     80.511     51.425  30.252124    44.8200     1.6114     0.9372     0.4653 1.8731e+01    36.6408      0.301      0.436     4.4158 0.0000e+00
