Data/DataNotYetUploadedToEDI/Raw_CTD/RawDownloads/120125_fcr50_S7809001.cnv
* Sea-Bird SBE19plus  Data File:
* FileName = C:\R\Reservoirs\Data\DataNotYetUploadedToEDI\Raw_CTD\RawDownloads\120125_fcr50_S7809_0001.hex
* Software version 2.8.0.119
* Temperature SN = 7809
* Conductivity SN = 7809
* System UpLoad Time = Dec 10 2025 15:28:58
* <ApplicationData>
* <Seaterm232>
# nquan = 15
# nvalues = 1405                        
# units = specified
# name 0 = depFM: Depth [fresh water, m]
# name 1 = dz/dtM: Descent Rate [m/s]
# name 2 = sbeox0Mg/L: Oxygen, SBE 43 [mg/l]
# name 3 = sbeox0PS: Oxygen, SBE 43 [% saturation]
# name 4 = specc: Specific Conductance [uS/cm]
# name 5 = c0uS/cm: Conductivity [uS/cm]
# name 6 = flECO-AFL: Fluorescence, WET Labs ECO-AFL/FL [mg/m^3]
# name 7 = ph: pH
# name 8 = orp: Oxidation Reduction Potential [mV]
# name 9 = par/sat/log: PAR/Logarithmic, Satlantic
# name 10 = turbWETntu0: Turbidity, WET Labs ECO [NTU]
# name 11 = prdM: Pressure, Strain Gauge [db]
# name 12 = prdE: Pressure, Strain Gauge [psi]
# name 13 = tv290C: Temperature [ITS-90, deg C]
# name 14 = flag:  0.000e+00
# span 0 =     -0.566,      9.731       
# span 1 =     -0.410,      0.427       
# span 2 =     5.7161,    11.9338       
# span 3 =     47.419,     95.458       
# span 4 =      1.467,    248.346       
# span 5 =   0.891105, 159.512718       
# span 6 =    -0.0864,     3.9376       
# span 7 =     -2.718,      9.216       
# span 8 = -1240.7455,   267.5244       
# span 9 = 1.2363e-01, 1.6678e+03       
# span 10 =    -0.0425,   143.1232      
# span 11 =     -0.556,      9.544      
# span 12 =     -0.806,     13.842      
# span 13 =     5.2958,     7.1174      
# span 14 = 0.0000e+00, 0.0000e+00      
# interval = seconds: 0.25
# start_time = Dec 01 2025 12:28:04 [Instrument's time stamp, header]
# bad_flag = -9.990e-29
*END*
[from data line 868]
      1.534      0.064     9.4477     77.886     44.378  28.413302     3.5501      9.096   234.7936 3.1365e+01     4.8312      1.506      2.185     7.0157 0.0000e+00
      1.542      0.073     9.4527     77.871     44.381  28.414447     3.5453      9.097   234.9021 3.1570e+01     4.8884      1.511      2.192     7.0143 0.0000e+00
      1.553      0.085     9.4553     77.848     44.418  28.437529     3.5731      9.097   234.6697 3.1508e+01     5.1139      1.520      2.203     7.0132 0.0000e+00
      1.575      0.097     9.4506     77.853     44.419  28.438673     3.5861      9.097   234.2198 3.0991e+01     5.2345      1.539      2.233     7.0120 0.0000e+00
      1.609      0.107     9.4509     77.887     44.403  28.428275     3.5692      9.096   234.0228 2.9926e+01     5.1852      1.575      2.285     7.0106 0.0000e+00
      1.649      0.109     9.4510     77.935     44.418  28.438674     3.4938      9.096   234.0093 2.8708e+01     5.0302      1.619      2.347     7.0096 0.0000e+00
      1.684      0.101     9.4434     77.970     44.416  28.437540     3.3908      9.098   234.1421 2.7910e+01     4.9316      1.655      2.399     7.0096 0.0000e+00
      1.712      0.085     9.4464     77.974     44.381  28.414560     3.3629      9.099   234.4238 2.7634e+01     4.9841      1.683      2.441     7.0103 0.0000e+00
      1.730      0.065     9.4494     77.964     44.381  28.414550     3.3814      9.099   234.3184 2.7722e+01     5.0157      1.701      2.468     7.0107 0.0000e+00
      1.738      0.049     9.4576     77.946     44.416  28.437415     3.3901      9.099   233.9004 2.7799e+01     4.9381      1.706      2.475     7.0105 0.0000e+00
      1.741      0.039     9.4632     77.903     44.416  28.437303     3.4018      9.100   233.7566 2.7731e+01     4.8314      1.708      2.477     7.0104 0.0000e+00
      1.744      0.037     9.4611     77.810     44.379  28.413189     3.4232      9.102   233.9570 2.7532e+01     4.8194      1.709      2.478     7.0105 0.0000e+00
      1.751      0.040     9.4610     77.693     44.359  28.399578     3.4570      9.103   234.1727 2.6949e+01     4.8949      1.714      2.486     7.0104 0.0000e+00
      1.766      0.045     9.4583     77.632     44.360  28.399578     3.5111      9.105   234.2990 2.6016e+01     4.8902      1.730      2.510     7.0105 0.0000e+00
      1.784      0.050     9.4559     77.630     44.382  28.413189     3.5780      9.107   234.4516 2.5152e+01     4.8303      1.750      2.538     7.0107 0.0000e+00
      1.799      0.052     9.4438     77.632     44.422  28.437292     3.6080      9.108   234.5552 2.4582e+01     4.8198      1.765      2.560     7.0103 0.0000e+00
      1.812      0.050     9.4240     77.630     44.423  28.437291     3.6074      9.109   234.4331 2.4046e+01     4.8315      1.778      2.577     7.0095 0.0000e+00
      1.824      0.047     9.4168     77.646     44.386  28.413178     3.6127      9.111   234.0936 2.3476e+01     4.8014      1.789      2.594     7.0087 0.0000e+00
      1.834      0.046     9.4215     77.679     44.365  28.399454     3.5968      9.112   232.8601 2.3042e+01     4.7284      1.799      2.609     7.0077 0.0000e+00
      1.844      0.046     9.4215     77.719     44.362  28.398216     3.5646      9.112   230.7039 2.2631e+01     4.7684      1.808      2.623     7.0061 0.0000e+00
      1.854      0.046     9.4196     77.749     44.362  28.398206     3.5568      9.112   229.7051 2.2135e+01     4.9101      1.817      2.636     7.0049 0.0000e+00
      1.866      0.046     9.4226     77.746     44.363  28.399339     3.5690      9.113   230.3342 2.1607e+01     4.9724      1.828      2.652     7.0045 0.0000e+00
      1.880      0.044     9.4262     77.717     44.383  28.411920     3.5547      9.116   231.0832 2.1070e+01     4.9069      1.844      2.675     7.0049 0.0000e+00
      1.895      0.039     9.4321     77.698     44.401  28.423462     3.5167      9.118   231.3624 2.0652e+01     4.8017      1.861      2.699     7.0058 0.0000e+00
      1.906      0.034     9.4371     77.713     44.384  28.412034     3.5090      9.119   231.3859 2.0480e+01     4.8279      1.871      2.714     7.0065 0.0000e+00
      1.913      0.029     9.4360     77.720     44.366  28.400607     3.5289      9.120   231.1958 2.0420e+01     4.9499      1.876      2.722     7.0066 0.0000e+00
      1.916      0.024     9.4312     77.695     44.383  28.412148     3.5237      9.121   230.9561 2.0341e+01     4.9450      1.879      2.725     7.0065 0.0000e+00
      1.919      0.022     9.4261     77.666     44.402  28.424721     3.4962      9.123   231.3271 2.0241e+01     4.8372      1.880      2.727     7.0062 0.0000e+00
      1.924      0.023     9.4317     77.640     44.403  28.425770     3.4878      9.123   232.1544 2.0121e+01     4.7743      1.885      2.734     7.0057 0.0000e+00
      1.930      0.026     9.4345     77.620     44.402  28.424825     3.4970      9.124   232.5279 2.0012e+01     4.7995      1.893      2.745     7.0059 0.0000e+00
      1.938      0.027     9.4275     77.608     44.385  28.413303     3.5400      9.125   232.4871 1.9886e+01     4.9019      1.900      2.755     7.0066 0.0000e+00
      1.948      0.026     9.4252     77.573     44.386  28.413313     3.5929      9.126   232.2628 1.9751e+01     4.9189      1.910      2.770     7.0071 0.0000e+00
      1.957      0.024     9.4218     77.521     44.403  28.424951     3.6039      9.127   231.7949 1.9673e+01     4.8006      1.920      2.784     7.0074 0.0000e+00
      1.962      0.020     9.4179     77.494     44.406  28.427152     3.6140      9.128   231.4757 1.9688e+01     4.7696      1.925      2.792     7.0069 0.0000e+00
      1.965      0.019     9.4200     77.494     44.425  28.439923     3.6401      9.129   231.8449 1.9772e+01     4.9195      1.927      2.795     7.0057 0.0000e+00
      1.967      0.024     9.4158     77.531     44.444  28.452503     3.6529      9.130   232.6446 1.9848e+01     5.1105      1.929      2.797     7.0054 0.0000e+00
      1.969      0.036     9.4051     77.605     44.444  28.452399     3.6360      9.128   232.8860 1.9865e+01     5.1316      1.931      2.800     7.0060 0.0000e+00
      1.973      0.052     9.4036     77.677     44.422  28.438665     3.6025      9.120   232.6123 1.9780e+01     5.0040      1.933      2.805     7.0068 0.0000e+00
      1.984      0.068     9.4028     77.750     44.382  28.413313     3.5801      9.111   232.3470 1.9405e+01     4.9688      1.939      2.813     7.0074 0.0000e+00
      2.011      0.082     9.4053     77.829     44.360  28.399579     3.4735      9.104   232.0015 1.8733e+01     5.0464      1.968      2.853     7.0075 0.0000e+00
      2.047      0.094     9.4192     77.889     44.360  28.399464     3.2798      9.101   232.0478 1.8172e+01     5.1222      2.013      2.920     7.0077 0.0000e+00
      2.076      0.099     9.4254     77.918     44.381  28.411931     3.1682      9.100   232.7351 1.7807e+01     5.0999      2.039      2.957     7.0081 0.0000e+00
      2.096      0.098     9.4339     77.919     44.401  28.423454     3.1486      9.100   233.1706 1.7417e+01     5.0160      2.053      2.979     7.0082 0.0000e+00
      2.120      0.091     9.4458     77.910     44.386  28.411921     3.2094      9.100   233.1834 1.7016e+01     4.9956      2.077      3.014     7.0085 0.0000e+00
      2.145      0.084     9.4529     77.910     44.371  28.399350     3.3282      9.101   233.1479 1.6699e+01     4.9222      2.105      3.052     7.0087 0.0000e+00
      2.166      0.079     9.4565     77.905     44.373  28.398311     3.3786      9.103   232.9131 1.6446e+01     4.7773      2.126      3.083     7.0082 0.0000e+00
      2.184      0.075     9.4562     77.875     44.377  28.399361     3.3609      9.105   232.4954 1.6178e+01     4.7814      2.141      3.107     7.0066 0.0000e+00
      2.201      0.070     9.4548     77.845     44.397  28.412037     3.3477      9.106   232.4861 1.5900e+01     4.9038      2.158      3.131     7.0039 0.0000e+00
      2.219      0.066     9.4554     77.814     44.416  28.424713     3.3598      9.108   232.9727 1.5635e+01     4.9585      2.176      3.157     7.0005 0.0000e+00
      2.235      0.064     9.4590     77.770     44.416  28.425772     3.3824      9.110   233.3026 1.5416e+01     4.8962      2.194      3.182     6.9975 0.0000e+00
      2.250      0.064     9.4516     77.725     44.413  28.424838     3.3883      9.112   233.3766 1.5255e+01     4.7995      2.208      3.202     6.9958 0.0000e+00
      2.265      0.062     9.4495     77.680     44.394  28.413418     3.4062      9.114   233.3516 1.5083e+01     4.8829      2.221      3.219     6.9954 0.0000e+00
      2.282      0.059     9.4471     77.664     44.394  28.414562     3.4575      9.116   233.1725 1.4892e+01     5.1186      2.237      3.244     6.9961 0.0000e+00
      2.300      0.055     9.4386     77.674     44.430  28.438666     3.4839      9.117   233.0177 1.4681e+01     5.2236      2.257      3.273     6.9975 0.0000e+00
      2.315      0.050     9.4357     77.687     44.448  28.451142     3.4753      9.119   233.1157 1.4458e+01     5.1619      2.272      3.295     6.9988 0.0000e+00
      2.326      0.045     9.4258     77.692     44.428  28.438561     3.4705      9.119   233.3242 1.4343e+01     5.0560      2.282      3.310     7.0000 0.0000e+00
      2.335      0.040     9.4251     77.682     44.388  28.413408     3.4844      9.120   233.3873 1.4348e+01     5.0368      2.290      3.321     7.0013 0.0000e+00
      2.343      0.035     9.4272     77.681     44.368  28.400733     3.5095      9.121   233.4490 1.4347e+01     5.1346      2.297      3.333     7.0023 0.0000e+00
      2.351      0.031     9.4282     77.693     44.386  28.412172     3.5080      9.122   233.7255 1.4270e+01     5.1453      2.306      3.344     7.0028 0.0000e+00
      2.359      0.029     9.4308     77.700     44.406  28.424848     3.4825      9.123   233.8918 1.4162e+01     5.0292      2.313      3.354     7.0033 0.0000e+00
      2.367      0.028     9.4263     77.706     44.411  28.427135     3.5010      9.124   233.3947 1.4123e+01     4.8918      2.321      3.367     7.0042 0.0000e+00
      2.374      0.026     9.4264     77.724     44.431  28.439820     3.5732      9.125   232.6197 1.4138e+01     4.8170      2.328      3.377     7.0048 0.0000e+00
      2.381      0.025     9.4293     77.754     44.450  28.451362     3.6314      9.126   232.5225 1.4114e+01     4.8766      2.335      3.386     7.0044 0.0000e+00
      2.386      0.024     9.4303     77.794     44.432  28.439830     3.6395      9.127   232.9938 1.4108e+01     4.8946      2.340      3.394     7.0038 0.0000e+00
      2.391      0.021     9.4293     77.807     44.412  28.427249     3.6287      9.128   233.4140 1.4193e+01     4.8287      2.344      3.400     7.0032 0.0000e+00
      2.397      0.019     9.4338     77.787     44.411  28.426106     3.6510      9.129   233.5591 1.4252e+01     4.8658      2.350      3.409     7.0026 0.0000e+00
      2.402      0.016     9.4350     77.767     44.411  28.426011     3.6924      9.130   232.8549 1.4211e+01     4.9684      2.357      3.418     7.0020 0.0000e+00
      2.406      0.013     9.4435     77.743     44.411  28.426096     3.7052      9.132   231.4389 1.4167e+01     5.0103      2.362      3.424     7.0017 0.0000e+00
      2.409      0.010     9.4461     77.705     44.412  28.427134     3.6312      9.133   230.9792 1.4163e+01     4.9623      2.364      3.428     7.0017 0.0000e+00
      2.411      0.007     9.4392     77.672     44.429  28.438563     3.4959      9.135   231.5982 1.4168e+01     4.8661      2.364      3.429     7.0016 0.0000e+00
      2.411      0.006     9.4393     77.649     44.428  28.437419     3.4429      9.135   231.9542 1.4199e+01     4.8718      2.365      3.430     7.0016 0.0000e+00
      2.411      0.008     9.4361     77.623     44.391  28.413304     3.4646      9.135   232.2722 1.4264e+01     4.9638      2.365      3.430     7.0019 0.0000e+00
      2.412      0.012     9.4307     77.595     44.371  28.400714     3.4174      9.136   232.9486 1.4294e+01     4.9871      2.366      3.431     7.0024 0.0000e+00
      2.414      0.018     9.4253     77.552     44.389  28.412046     3.3051      9.138   232.6471 1.4243e+01     4.9831      2.366      3.432     7.0027 0.0000e+00
      2.419      0.024     9.4254     77.493     44.407  28.423466     3.2471      9.139   231.3791 1.4128e+01     5.0176      2.371      3.440     7.0025 0.0000e+00
      2.428      0.029     9.4197     77.442     44.389  28.411933     3.2581      9.141   230.7819 1.3963e+01     5.0965      2.381      3.454     7.0022 0.0000e+00
      2.439      0.031     9.4187     77.412     44.369  28.399465     3.2795      9.141   230.7607 1.3793e+01     5.0833      2.392      3.469     7.0018 0.0000e+00
      2.449      0.030     9.4134     77.391     44.369  28.399569     3.2894      9.142   231.0370 1.3660e+01     4.8919      2.403      3.485     7.0016 0.0000e+00
      2.459      0.026     9.4045     77.380     44.390  28.413190     3.3111      9.143   231.7129 1.3583e+01     4.7974      2.413      3.499     7.0016 0.0000e+00
      2.465      0.021     9.3980     77.406     44.427  28.437295     3.3339      9.145   231.5344 1.3559e+01     4.8635      2.418      3.508     7.0018 0.0000e+00
      2.468      0.019     9.3948     77.472     44.427  28.437304     3.3237      9.147   230.3408 1.3575e+01     4.8360      2.420      3.511     7.0020 0.0000e+00
      2.469      0.023     9.3932     77.562     44.390  28.413294     3.2953      9.147   229.5851 1.3600e+01     4.7390      2.421      3.511     7.0022 0.0000e+00
      2.470      0.032     9.3885     77.640     44.370  28.400714     3.2649      9.145   229.4520 1.3571e+01     4.7496      2.421      3.512     7.0028 0.0000e+00
      2.474      0.043     9.3930     77.703     44.388  28.412057     3.2569      9.141   229.5925 1.3463e+01     4.8626      2.423      3.516     7.0031 0.0000e+00
      2.487      0.052     9.4004     77.778     44.406  28.423580     3.2814      9.137   229.9925 1.3195e+01     4.9775      2.434      3.531     7.0030 0.0000e+00
      2.511      0.058     9.4144     77.834     44.389  28.413190     3.3369      9.135   230.3311 1.2780e+01     4.9431      2.461      3.569     7.0030 0.0000e+00
      2.536      0.059     9.4242     77.832     44.389  28.413294     3.4113      9.133   230.2446 1.2480e+01     4.7885      2.492      3.615     7.0028 0.0000e+00
      2.552      0.054     9.4285     77.797     44.407  28.424827     3.4652      9.133   229.8078 1.2359e+01     4.7143      2.507      3.635     7.0026 0.0000e+00
      2.562      0.046     9.4400     77.770     44.408  28.425782     3.5056      9.132   229.4375 1.2283e+01     4.7626      2.513      3.644     7.0031 0.0000e+00
      2.569      0.036     9.4500     77.742     44.406  28.424839     3.5419      9.132   229.2081 1.2224e+01     4.8938      2.520      3.655     7.0034 0.0000e+00
      2.575      0.029     9.4474     77.696     44.389  28.413419     3.5384      9.133   229.1854 1.2163e+01     5.0025      2.525      3.662     7.0035 0.0000e+00
      2.580      0.025     9.4402     77.648     44.391  28.414572     3.5040      9.134   229.4213 1.2092e+01     4.9844      2.529      3.669     7.0035 0.0000e+00
      2.586      0.023     9.4386     77.633     44.429  28.438781     3.4925      9.135   229.9096 1.2022e+01     4.9488      2.536      3.679     7.0034 0.0000e+00
      2.594      0.022     9.4360     77.649     44.450  28.452401     3.5658      9.135   230.3578 1.1936e+01     4.9814      2.544      3.689     7.0033 0.0000e+00
      2.600      0.022     9.4303     77.679     44.450  28.452392     3.6913      9.136   230.2793 1.1863e+01     4.9688      2.551      3.700     7.0031 0.0000e+00
