Data/DataNotYetUploadedToEDI/Raw_CTD/RawDownloads/120125_bvr50_S8188001.cnv
* Sea-Bird SBE19plus  Data File:
* FileName = C:\R\Reservoirs\Data\DataNotYetUploadedToEDI\Raw_CTD\RawDownloads\120125_bvr50_S8188_0001.hex
* Software version 2.8.0.119
* Temperature SN = 8188
* Conductivity SN = 8188
* System UpLoad Time = Dec 10 2025 15:14:28
* <ApplicationData>
* <Seaterm232>
# nquan = 16
# nvalues = 1880                        
# units = specified
# name 0 = depFM: Depth [fresh water, m]
# name 1 = dz/dtM: Descent Rate [m/s]
# name 2 = sbeox0Mg/L: Oxygen, SBE 43 [mg/l]
# name 3 = sbeox0PS: Oxygen, SBE 43 [% saturation]
# name 4 = specc: Specific Conductance [uS/cm]
# name 5 = c0uS/cm: Conductivity [uS/cm]
# name 6 = wetCDOM: Fluorescence, WET Labs CDOM [mg/m^3]
# name 7 = flECO-AFL: Fluorescence, WET Labs ECO-AFL/FL [mg/m^3]
# name 8 = flECO-AFL1: Fluorescence, WET Labs ECO-AFL/FL, 2 [mg/m^3]
# name 9 = flECO-AFL2: Fluorescence, WET Labs ECO-AFL/FL, 3 [mg/m^3]
# name 10 = par/sat/log: PAR/Logarithmic, Satlantic
# name 11 = turbWETntu0: Turbidity, WET Labs ECO [NTU]
# name 12 = prdM: Pressure, Strain Gauge [db]
# name 13 = prdE: Pressure, Strain Gauge [psi]
# name 14 = tv290C: Temperature [ITS-90, deg C]
# name 15 = flag:  0.000e+00
# span 0 =     -0.661,      5.343       
# span 1 =     -0.382,      0.184       
# span 2 =     7.1212,    12.4503       
# span 3 =     55.549,     96.556       
# span 4 =      0.711,     55.974       
# span 5 =   0.497661,  33.438681       
# span 6 =    -4.5000,    46.4400       
# span 7 =    -2.1004,     8.0202       
# span 8 =    -2.1300,     1.0650       
# span 9 =    -2.0304,     3.5109       
# span 10 = 1.1587e-01, 1.8966e+03      
# span 11 =    -1.0346,   846.5268      
# span 12 =     -0.648,      5.240      
# span 13 =     -0.940,      7.599      
# span 14 =     4.3542,    10.0147      
# span 15 = 0.0000e+00, 0.0000e+00      
# interval = seconds: 0.25
# start_time = Dec 01 2025 11:40:57 [Instrument's time stamp, header]
# bad_flag = -9.990e-29
*END*
[from data line 1085]
     -0.304     -0.003    10.3457     79.732     51.262  30.155316    45.4500     1.4435     0.9798     0.9306 1.2793e+03    36.5048     -0.298     -0.433     4.4121 0.0000e+00
     -0.305     -0.001    10.3417     79.697     51.281  30.166412    45.4500     1.4321     0.9798     0.9306 1.2992e+03    36.6257     -0.299     -0.434     4.4120 0.0000e+00
     -0.305     -0.000    10.3405     79.661     51.302  30.178099    45.0900     1.2986     0.9372     0.8460 1.2801e+03    36.8221     -0.299     -0.434     4.4119 0.0000e+00
     -0.305      0.000    10.3401     79.629     51.311  30.183535    45.0900     1.3291     0.9372     0.8460 1.2537e+03    36.7919     -0.299     -0.434     4.4118 0.0000e+00
     -0.305      0.001    10.3375     79.596     51.330  30.194127    45.0900     1.3214     0.9372     0.8460 1.2220e+03    36.7919     -0.299     -0.433     4.4116 0.0000e+00
     -0.304      0.001    10.3330     79.560     51.332  30.194775    45.0900     1.3138     0.9372     0.8460 1.2257e+03    36.7919     -0.298     -0.433     4.4114 0.0000e+00
     -0.304      0.001    10.3284     79.529     51.280  30.163744    45.0900     1.3253     0.9372     0.8460 1.2214e+03    36.9278     -0.298     -0.432     4.4112 0.0000e+00
     -0.304      0.001    10.3243     79.511     51.217  30.126616    45.0900     1.3062     0.9372     0.8460 1.2383e+03    36.7163     -0.298     -0.432     4.4108 0.0000e+00
     -0.303      0.001    10.3201     79.509     51.178  30.103365    45.0900     1.2909     0.9372     0.8460 1.2236e+03    36.8372     -0.298     -0.431     4.4105 0.0000e+00
     -0.303      0.002    10.3155     79.515     51.152  30.087793    45.0900     1.2947     0.9372     0.8460 1.2135e+03    36.8372     -0.297     -0.431     4.4102 0.0000e+00
     -0.303      0.002    10.3115     79.518     51.166  30.095662    45.0900     1.3825     0.9798     0.7191 1.2072e+03    36.8523     -0.297     -0.430     4.4100 0.0000e+00
     -0.302      0.002    10.3093     79.514     51.213  30.123096    45.0900     1.3710     0.9798     0.7191 1.1993e+03    36.7617     -0.296     -0.430     4.4097 0.0000e+00
     -0.302      0.002    10.3091     79.504     51.231  30.133595    45.0900     1.3748     0.9798     0.7191 1.2388e+03    36.8523     -0.296     -0.429     4.4094 0.0000e+00
     -0.301      0.003    10.3100     79.494     51.191  30.110041    45.0900     1.3787     0.9798     0.7191 1.2308e+03    36.8825     -0.296     -0.429     4.4090 0.0000e+00
     -0.301      0.004    10.3106     79.491     51.143  30.082003    45.0900     1.3787     0.9798     0.6768 1.2658e+03    36.5804     -0.295     -0.428     4.4086 0.0000e+00
     -0.300      0.005    10.3101     79.494     51.145  30.083829    45.0900     1.3863     0.9798     0.6768 1.2581e+03    36.6106     -0.294     -0.426     4.4083 0.0000e+00
     -0.298      0.006    10.3088     79.494     51.162  30.094098    45.0900     1.3596     0.9798     0.6768 1.2439e+03    36.6861     -0.293     -0.424     4.4083 0.0000e+00
     -0.296      0.008    10.3075     79.484     51.154  30.089657    45.0900     1.3748     0.9798     0.6768 1.2329e+03    36.5653     -0.291     -0.422     4.4084 0.0000e+00
     -0.294      0.010    10.3069     79.467     51.143  30.083263    45.0900     1.3596     0.9798     0.6768 1.2434e+03    36.6710     -0.288     -0.418     4.4087 0.0000e+00
     -0.291      0.013    10.3072     79.454     51.123  30.071220    45.1800     1.3748     1.0224     0.6345 1.2592e+03    36.6408     -0.286     -0.415     4.4092 0.0000e+00
     -0.288      0.016    10.3071     79.448     51.101  30.058282    45.1800     1.3672     1.0224     0.6345 1.2824e+03    36.6710     -0.283     -0.410     4.4097 0.0000e+00
     -0.284      0.019    10.3058     79.447     51.127  30.072866    45.1800     1.3825     1.0224     0.6345 1.2652e+03    36.7314     -0.279     -0.405     4.4100 0.0000e+00
     -0.279      0.024    10.3036     79.453     51.168  30.096953    45.1800     1.3863     1.0224     0.6345 1.2453e+03    36.6408     -0.274     -0.398     4.4101 0.0000e+00
     -0.273      0.030    10.3019     79.476     51.173  30.099125    45.1800     1.3672     1.0224     0.6345 1.2537e+03    36.5804     -0.268     -0.389     4.4099 0.0000e+00
     -0.265      0.037    10.3011     79.521     51.178  30.101868    45.1800     1.3558     1.0224     0.6345 9.5592e+02    36.6257     -0.260     -0.377     4.4097 0.0000e+00
     -0.255      0.044    10.3010     79.583     51.215  30.123840    45.1800     1.3825     1.0224     0.6345 3.4990e+02    36.5048     -0.250     -0.363     4.4093 0.0000e+00
     -0.243      0.052    10.3020     79.651     51.244  30.141025    45.1800     1.2604     1.0224     0.6345 1.2237e+02    36.8976     -0.238     -0.346     4.4089 0.0000e+00
     -0.228      0.061    10.3051     79.717     51.249  30.144063    45.0900     1.2528     0.9798     0.7614 1.0083e+02    36.7919     -0.224     -0.325     4.4086 0.0000e+00
     -0.212      0.069    10.3110     79.777     51.244  30.141731    45.0900     1.2299     0.9798     0.7614 9.8638e+01    36.7465     -0.208     -0.302     4.4082 0.0000e+00
     -0.193      0.078    10.3190     79.823     51.228  30.133408    45.0900     1.2604     0.9798     0.7614 9.8402e+01    36.8070     -0.190     -0.275     4.4081 0.0000e+00
     -0.172      0.086    10.3278     79.851     51.215  30.126832    45.0900     1.3100     0.9798     0.7614 9.3890e+01    37.0638     -0.169     -0.245     4.4082 0.0000e+00
     -0.149      0.094    10.3364     79.864     51.211  30.126226    45.1800     1.3100     0.9372     0.5076 8.5664e+01    37.1997     -0.146     -0.212     4.4085 0.0000e+00
     -0.123      0.099    10.3439     79.872     51.205  30.123460    45.1800     1.3291     0.9372     0.5076 6.7100e+01    36.9580     -0.121     -0.175     4.4091 0.0000e+00
     -0.096      0.102    10.3497     79.884     51.172  30.103856    45.1800     1.2909     0.9372     0.5076 4.3026e+01    37.0034     -0.094     -0.137     4.4100 0.0000e+00
     -0.068      0.101    10.3530     79.901     51.119  30.072143    45.1800     1.3405     0.9372     0.5076 3.5039e+01    37.0638     -0.067     -0.097     4.4113 0.0000e+00
     -0.040      0.098    10.3543     79.922     51.109  30.065674    45.1800     1.3062     0.9372     0.5076 2.3629e+01    37.1242     -0.040     -0.057     4.4126 0.0000e+00
     -0.014      0.092    10.3550     79.940     51.142  30.084714    45.2700     1.3214     0.9798     0.5499 2.1856e+01    37.0487     -0.014     -0.020     4.4134 0.0000e+00
      0.008      0.083    10.3566     79.947     51.159  30.094507    45.2700     1.3062     0.9798     0.5499 2.2028e+01    37.0487      0.008      0.012     4.4135 0.0000e+00
      0.028      0.074    10.3590     79.941     51.145  30.085716    45.2700     1.2986     0.9798     0.5499 2.0705e+01    36.5653      0.028      0.040     4.4130 0.0000e+00
      0.045      0.065    10.3618     79.928     51.115  30.067945    45.2700     1.3253     0.9798     0.5499 1.9310e+01    36.5804      0.044      0.064     4.4124 0.0000e+00
      0.060      0.055    10.3642     79.914     51.102  30.060357    45.1800     1.3138     0.9372     0.6768 1.8634e+01    36.6106      0.059      0.086     4.4120 0.0000e+00
      0.073      0.047    10.3653     79.909     51.116  30.068894    45.1800     1.3176     0.9372     0.6768 1.8040e+01    36.4746      0.072      0.104     4.4116 0.0000e+00
      0.084      0.039    10.3646     79.919     51.121  30.071932    45.1800     1.4054     0.9372     0.6768 1.7741e+01    36.5048      0.082      0.120     4.4113 0.0000e+00
      0.093      0.032    10.3630     79.944     51.111  30.066298    45.1800     1.3748     0.9372     0.6768 1.7001e+01    36.6106      0.091      0.132     4.4111 0.0000e+00
      0.099      0.026    10.3611     79.993     51.118  30.070408    45.0900     1.3825     0.9372     0.4230 1.6938e+01    36.5955      0.097      0.141     4.4112 0.0000e+00
      0.104      0.021    10.3605     80.062     51.144  30.085357    45.0900     1.4054     0.9372     0.4230 1.6876e+01    36.5351      0.102      0.148     4.4114 0.0000e+00
      0.108      0.017    10.3617     80.139     51.174  30.103181    45.0900     1.3520     0.9372     0.4230 1.6792e+01    36.6106      0.106      0.154     4.4116 0.0000e+00
      0.112      0.014    10.3650     80.217     51.218  30.128633    45.0900     1.4092     0.9372     0.4230 1.6792e+01    36.6106      0.110      0.160     4.4117 0.0000e+00
      0.115      0.013    10.3712     80.291     51.275  30.162526    45.0900     1.3672     0.9372     0.4230 1.6887e+01    36.5199      0.113      0.164     4.4117 0.0000e+00
      0.117      0.012    10.3802     80.357     51.302  30.178048    45.1800     1.3634     0.9798     0.4653 1.7710e+01    36.5199      0.115      0.167     4.4116 0.0000e+00
      0.120      0.012    10.3902     80.416     51.271  30.159422    45.1800     1.2795     0.9798     0.4653 1.7637e+01    36.8372      0.117      0.170     4.4115 0.0000e+00
      0.123      0.013    10.4003     80.468     51.234  30.137529    45.1800     1.3138     0.9798     0.4653 1.7780e+01    36.7617      0.120      0.174     4.4113 0.0000e+00
      0.127      0.014    10.4100     80.512     51.222  30.130433    45.1800     1.3100     0.9798     0.4653 1.7443e+01    36.8221      0.124      0.180     4.4112 0.0000e+00
      0.131      0.015    10.4186     80.551     51.221  30.130265    45.0900     1.2947     0.9798     0.5499 1.6836e+01    36.7919      0.128      0.186     4.4110 0.0000e+00
      0.135      0.016    10.4263     80.589     51.242  30.142956    45.0900     1.3138     0.9798     0.5499 1.6650e+01    36.7617      0.132      0.192     4.4108 0.0000e+00
      0.139      0.018    10.4331     80.632     51.243  30.144007    45.0900     1.2871     0.9798     0.5499 1.6564e+01    36.5955      0.136      0.197     4.4107 0.0000e+00
      0.143      0.021    10.4388     80.672     51.188  30.111791    45.0900     1.3291     0.9798     0.5499 1.6367e+01    36.6106      0.140      0.203     4.4108 0.0000e+00
      0.148      0.024    10.4437     80.691     51.140  30.083523    45.0900     1.3138     0.9798     0.7191 1.6909e+01    36.6408      0.145      0.210     4.4110 0.0000e+00
      0.154      0.028    10.4486     80.688     51.124  30.073575    45.0900     1.3024     0.9798     0.7191 1.6723e+01    36.5048      0.151      0.219     4.4112 0.0000e+00
      0.162      0.033    10.4542     80.667     51.107  30.063360    45.0900     1.3138     0.9798     0.7191 1.7439e+01    36.5955      0.158      0.230     4.4114 0.0000e+00
      0.171      0.038    10.4593     80.628     51.068  30.040196    45.0900     1.2947     0.9798     0.7191 1.6905e+01    36.6710      0.167      0.242     4.4115 0.0000e+00
      0.181      0.044    10.4618     80.578     51.017  30.009856    45.0900     1.3100     0.9798     0.5499 1.6777e+01    36.4595      0.177      0.257     4.4115 0.0000e+00
      0.193      0.049    10.4614     80.523     50.987  29.992133    45.0900     1.2909     0.9798     0.5499 1.6435e+01    36.5351      0.189      0.274     4.4114 0.0000e+00
      0.206      0.053    10.4587     80.465     50.985  29.990265    45.0900     1.3329     0.9798     0.5499 1.6116e+01    36.9127      0.202      0.293     4.4112 0.0000e+00
      0.221      0.056    10.4538     80.423     51.033  30.017698    45.0900     1.3291     0.9798     0.5499 1.6356e+01    36.8221      0.217      0.315     4.4109 0.0000e+00
      0.238      0.057    10.4474     80.407     51.112  30.063821    45.0900     1.3367     0.9798     0.5499 1.7221e+01    36.8674      0.233      0.338     4.4106 0.0000e+00
      0.254      0.056    10.4403     80.428     51.159  30.091142    45.1800     1.2986     0.9372     0.4230 1.6752e+01    36.7617      0.249      0.361     4.4102 0.0000e+00
      0.268      0.054    10.4330     80.486     51.169  30.096989    45.1800     1.3329     0.9372     0.4230 1.8218e+01    36.5804      0.263      0.381     4.4098 0.0000e+00
      0.281      0.052    10.4276     80.555     51.176  30.100847    45.1800     1.3138     0.9372     0.4230 1.8025e+01    36.5653      0.276      0.400     4.4094 0.0000e+00
      0.294      0.049    10.4257     80.609     51.202  30.115694    45.1800     1.3214     0.9372     0.4230 1.9218e+01    36.5804      0.288      0.418     4.4090 0.0000e+00
      0.305      0.046    10.4284     80.647     51.219  30.125572    45.1800     1.3024     0.9798     0.4653 1.9176e+01    36.5955      0.300      0.435     4.4086 0.0000e+00
      0.316      0.044    10.4360     80.661     51.198  30.113200    45.1800     1.3214     0.9798     0.4653 2.0308e+01    36.7768      0.311      0.451     4.4083 0.0000e+00
      0.327      0.043    10.4450     80.640     51.160  30.091212    45.1800     1.2986     0.9798     0.4653 2.0054e+01    36.7012      0.321      0.466     4.4081 0.0000e+00
      0.338      0.042    10.4522     80.588     51.130  30.073659    45.1800     1.2986     0.9798     0.4653 2.1045e+01    36.7768      0.332      0.481     4.4080 0.0000e+00
      0.348      0.042    10.4571     80.531     51.120  30.067812    45.1800     1.3253     0.9372     0.5076 2.0611e+01    36.8070      0.342      0.496     4.4079 0.0000e+00
      0.359      0.042    10.4590     80.490     51.154  30.088044    45.1800     1.3939     0.9372     0.5076 2.2477e+01    36.9127      0.352      0.511     4.4079 0.0000e+00
      0.370      0.042    10.4561     80.479     51.204  30.117842    45.1800     1.3710     0.9372     0.5076 2.1568e+01    36.9278      0.363      0.526     4.4080 0.0000e+00
      0.381      0.042    10.4494     80.503     51.220  30.127312    45.1800     1.3710     0.9372     0.5076 2.3532e+01    36.8674      0.374      0.542     4.4081 0.0000e+00
      0.391      0.042    10.4420     80.551     51.216  30.124953    45.1800     1.3672     0.9372     0.5499 2.3665e+01    36.8070      0.384      0.557     4.4083 0.0000e+00
      0.402      0.041    10.4366     80.613     51.221  30.128061    45.1800     1.3596     0.9372     0.5499 2.4275e+01    36.8221      0.395      0.572     4.4084 0.0000e+00
      0.413      0.040    10.4351     80.679     51.227  30.131491    45.1800     1.3672     0.9372     0.5499 2.5298e+01    36.8976      0.405      0.587     4.4086 0.0000e+00
      0.423      0.039    10.4381     80.732     51.224  30.130181    45.1800     1.3672     0.9372     0.5499 2.6227e+01    36.8674      0.415      0.602     4.4087 0.0000e+00
      0.433      0.038    10.4443     80.761     51.237  30.137724    45.1800     1.3520     0.9372     0.5499 2.6903e+01    36.7465      0.425      0.616     4.4087 0.0000e+00
      0.442      0.038    10.4524     80.767     51.261  30.152149    45.1800     1.3863     0.9798     0.5076 2.6745e+01    36.8070      0.434      0.629     4.4087 0.0000e+00
      0.452      0.038    10.4610     80.754     51.280  30.163360    45.1800     1.3710     0.9798     0.5076 2.7279e+01    36.8976      0.443      0.642     4.4088 0.0000e+00
      0.461      0.038    10.4679     80.726     51.279  30.162396    45.1800     1.3710     0.9798     0.5076 2.7866e+01    36.9580      0.452      0.656     4.4089 0.0000e+00
      0.471      0.039    10.4716     80.695     51.250  30.145018    45.1800     1.3901     0.9798     0.5076 2.8208e+01    36.8825      0.462      0.669     4.4090 0.0000e+00
      0.481      0.040    10.4723     80.669     51.223  30.128499    45.1800     1.3787     0.9798     0.5076 2.9660e+01    37.0185      0.471      0.684     4.4092 0.0000e+00
      0.491      0.042    10.4706     80.653     51.176  30.100468    45.1800     1.3787     0.9798     0.5076 2.9288e+01    37.0789      0.482      0.699     4.4092 0.0000e+00
      0.502      0.043    10.4670     80.655     51.093  30.051458    45.1800     1.3939     0.9798     0.5076 3.2164e+01    37.1393      0.493      0.714     4.4090 0.0000e+00
