Data/DataNotYetUploadedToEDI/Raw_CTD/RawDownloads/120125_bvr50_S8188001.cnv
* Sea-Bird SBE19plus  Data File:
* FileName = C:\R\Reservoirs\Data\DataNotYetUploadedToEDI\Raw_CTD\RawDownloads\120125_bvr50_S8188_0001.hex
* Software version 2.8.0.119
* Temperature SN = 8188
* Conductivity SN = 8188
* System UpLoad Time = Dec 10 2025 15:14:28
* <ApplicationData>
* <Seaterm232>
# nquan = 16
# nvalues = 1880                        
# units = specified
# name 0 = depFM: Depth [fresh water, m]
# name 1 = dz/dtM: Descent Rate [m/s]
# name 2 = sbeox0Mg/L: Oxygen, SBE 43 [mg/l]
# name 3 = sbeox0PS: Oxygen, SBE 43 [% saturation]
# name 4 = specc: Specific Conductance [uS/cm]
# name 5 = c0uS/cm: Conductivity [uS/cm]
# name 6 = wetCDOM: Fluorescence, WET Labs CDOM [mg/m^3]
# name 7 = flECO-AFL: Fluorescence, WET Labs ECO-AFL/FL [mg/m^3]
# name 8 = flECO-AFL1: Fluorescence, WET Labs ECO-AFL/FL, 2 [mg/m^3]
# name 9 = flECO-AFL2: Fluorescence, WET Labs ECO-AFL/FL, 3 [mg/m^3]
# name 10 = par/sat/log: PAR/Logarithmic, Satlantic
# name 11 = turbWETntu0: Turbidity, WET Labs ECO [NTU]
# name 12 = prdM: Pressure, Strain Gauge [db]
# name 13 = prdE: Pressure, Strain Gauge [psi]
# name 14 = tv290C: Temperature [ITS-90, deg C]
# name 15 = flag:  0.000e+00
# span 0 =     -0.661,      5.343       
# span 1 =     -0.382,      0.184       
# span 2 =     7.1212,    12.4503       
# span 3 =     55.549,     96.556       
# span 4 =      0.711,     55.974       
# span 5 =   0.497661,  33.438681       
# span 6 =    -4.5000,    46.4400       
# span 7 =    -2.1004,     8.0202       
# span 8 =    -2.1300,     1.0650       
# span 9 =    -2.0304,     3.5109       
# span 10 = 1.1587e-01, 1.8966e+03      
# span 11 =    -1.0346,   846.5268      
# span 12 =     -0.648,      5.240      
# span 13 =     -0.940,      7.599      
# span 14 =     4.3542,    10.0147      
# span 15 = 0.0000e+00, 0.0000e+00      
# interval = seconds: 0.25
# start_time = Dec 01 2025 11:40:57 [Instrument's time stamp, header]
# bad_flag = -9.990e-29
*END*
[from data line 91]
     -0.016      0.001    11.9727     92.503     54.525  32.282645    42.2100     1.2108     0.8520     0.5499 3.1092e+01    36.3538     -0.016     -0.023     4.6286 0.0000e+00
     -0.016      0.001    11.9695     92.224     54.542  32.286805    42.2100     1.1574     0.8520     0.5499 3.0702e+01    36.3538     -0.016     -0.023     4.6212 0.0000e+00
     -0.016      0.001    11.9639     91.779     54.559  32.291337    42.3000     1.2070     0.8520     0.5499 3.0937e+01    36.2178     -0.016     -0.023     4.6143 0.0000e+00
     -0.016      0.001    11.9533     91.111     54.565  32.289484    42.3000     1.1994     0.8520     0.5499 3.0029e+01    36.3538     -0.016     -0.023     4.6080 0.0000e+00
     -0.015      0.001    11.9335     90.173     54.576  32.290708    42.3000     1.2680     0.8520     0.5499 3.0272e+01    36.2329     -0.015     -0.022     4.6024 0.0000e+00
     -0.015      0.001    11.8992     88.918     54.605  32.303305    42.3000     1.2566     0.8520     0.5499 3.0756e+01    36.3689     -0.015     -0.022     4.5971 0.0000e+00
     -0.015      0.001    11.8433     87.308     54.651  32.326649    42.3900     1.2719     0.8946     0.5499 2.9860e+01    36.2782     -0.015     -0.022     4.5919 0.0000e+00
     -0.015      0.000    11.7587     85.296     54.707  32.357007    42.3900     1.2604     0.8946     0.5499 2.9582e+01    36.4142     -0.015     -0.021     4.5869 0.0000e+00
     -0.015     -0.001    11.6390     82.794     54.747  32.378570    42.3900     1.2184     0.8946     0.5499 2.9167e+01    36.0970     -0.015     -0.021     4.5821 0.0000e+00
     -0.015     -0.001    11.4783     79.840     54.754  32.381155    42.3900     1.1917     0.8946     0.5499 2.9148e+01    36.1121     -0.015     -0.021     4.5779 0.0000e+00
     -0.015     -0.002    11.2714     76.805     54.759  32.383378    42.3900     1.2261     0.8520     0.4653 2.9563e+01    36.0970     -0.015     -0.022     4.5746 0.0000e+00
     -0.016     -0.002    11.0124     74.162     54.794  32.403757    42.3900     1.1803     0.8520     0.4653 3.2003e+01    36.0970     -0.016     -0.024     4.5721 0.0000e+00
     -0.017     -0.002    10.6898     72.247     54.845  32.433784    42.3900     1.1803     0.8520     0.4653 3.0010e+01    36.0517     -0.017     -0.025     4.5703 0.0000e+00
     -0.018     -0.002    10.3089     71.219     54.882  32.455572    42.3900     1.1765     0.8520     0.4653 3.1004e+01    36.1423     -0.017     -0.025     4.5689 0.0000e+00
     -0.018     -0.001     9.9173     71.049     54.882  32.455013    42.3900     1.2146     0.8520     0.4653 3.0656e+01    35.9912     -0.018     -0.026     4.5679 0.0000e+00
     -0.018      0.001     9.5762     71.558     54.858  32.439925    42.3900     1.2146     0.8520     0.4653 3.1411e+01    36.0214     -0.018     -0.026     4.5675 0.0000e+00
     -0.018      0.002     9.3289     72.463     54.850  32.434171    42.3900     1.1994     0.8520     0.4653 3.2749e+01    36.3085     -0.018     -0.027     4.5675 0.0000e+00
     -0.018      0.003     9.1962     73.388     54.861  32.440200    42.3900     1.2146     0.8520     0.4653 3.0803e+01    36.4142     -0.018     -0.026     4.5675 0.0000e+00
     -0.016      0.004     9.1743     73.954     54.875  32.447668    42.3900     1.1841     0.8520     0.4653 2.9218e+01    36.3538     -0.016     -0.023     4.5672 0.0000e+00
     -0.014      0.005     9.2402     73.972     54.882  32.450600    42.4800     1.1956     0.8520     0.5076 2.8183e+01    36.3538     -0.014     -0.021     4.5663 0.0000e+00
     -0.012      0.005     9.3573     73.479     54.876  32.445793    42.4800     1.2223     0.8520     0.5076 2.8140e+01    36.0819     -0.012     -0.018     4.5653 0.0000e+00
     -0.011      0.004     9.4770     72.657     54.868  32.439933    42.4800     1.2146     0.8520     0.5076 2.9493e+01    35.9912     -0.011     -0.017     4.5645 0.0000e+00
     -0.011      0.004     9.5503     71.731     54.870  32.439425    42.4800     1.2032     0.8520     0.5076 3.0232e+01    36.0819     -0.011     -0.016     4.5638 0.0000e+00
     -0.010      0.003     9.5527     70.883     54.874  32.440150    42.5700     1.2070     0.8946     0.5076 3.0417e+01    35.9761     -0.010     -0.015     4.5629 0.0000e+00
     -0.009      0.003     9.4893     70.212     54.875  32.438316    42.5700     1.2833     0.8946     0.5076 2.9193e+01    36.3085     -0.009     -0.014     4.5618 0.0000e+00
     -0.008      0.003     9.3835     69.764     54.858  32.425469    42.5700     1.2528     0.8946     0.5076 2.9467e+01    36.3840     -0.008     -0.012     4.5605 0.0000e+00
     -0.007      0.003     9.2643     69.553     54.817  32.398182    42.5700     1.2528     0.8946     0.5076 2.7764e+01    36.3840     -0.007     -0.011     4.5591 0.0000e+00
     -0.007      0.003     9.1551     69.573     54.773  32.369096    42.5700     1.2719     0.8520     0.4653 2.9009e+01    36.3840     -0.007     -0.010     4.5574 0.0000e+00
     -0.006      0.003     9.0690     69.784     54.732  32.342406    42.5700     1.3138     0.8520     0.4653 2.8171e+01    36.1121     -0.006     -0.009     4.5553 0.0000e+00
     -0.005      0.003     9.0117     70.127     54.695  32.318963    42.5700     1.3214     0.8520     0.4653 2.9244e+01    36.0819     -0.005     -0.008     4.5527 0.0000e+00
     -0.005      0.003     8.9851     70.545     54.677  32.306458    42.5700     1.3138     0.8520     0.4653 2.8294e+01    36.0819     -0.005     -0.006     4.5500 0.0000e+00
     -0.004      0.003     8.9883     70.998     54.673  32.303549    42.5700     1.3329     0.8520     0.4653 2.8727e+01    36.1272     -0.004     -0.005     4.5473 0.0000e+00
     -0.003      0.002     9.0161     71.450     54.675  32.305476    42.5700     1.2947     0.8520     0.5499 2.8690e+01    36.0970     -0.003     -0.004     4.5451 0.0000e+00
     -0.002      0.002     9.0609     71.867     54.683  32.312753    42.5700     1.3253     0.8520     0.5499 2.7583e+01    36.0819     -0.002     -0.003     4.5433 0.0000e+00
     -0.002      0.001     9.1152     72.225     54.695  32.325328    42.5700     1.3367     0.8520     0.5499 2.7488e+01    36.0517     -0.002     -0.002     4.5420 0.0000e+00
     -0.001      0.001     9.1738     72.504     54.716  32.344564    42.5700     1.3405     0.8520     0.5499 2.7173e+01    36.1121     -0.001     -0.002     4.5415 0.0000e+00
     -0.001      0.000     9.2320     72.702     54.748  32.371606    42.6600     1.2375     0.8946     0.5499 2.8097e+01    36.1574     -0.001     -0.001     4.5422 0.0000e+00
     -0.001      0.000     9.2854     72.824     54.784  32.401714    42.6600     1.2795     0.8946     0.5499 2.9206e+01    36.0214     -0.001     -0.002     4.5447 0.0000e+00
     -0.002      0.000     9.3304     72.875     54.818  32.430966    42.6600     1.2566     0.8946     0.5499 2.8429e+01    36.2178     -0.002     -0.002     4.5493 0.0000e+00
     -0.002      0.000     9.3650     72.863     54.858  32.463179    42.6600     1.2566     0.8946     0.5499 2.9016e+01    35.9912     -0.002     -0.003     4.5556 0.0000e+00
     -0.002      0.000     9.3887     72.787     54.904  32.498976    42.6600     1.3405     0.8946     0.5499 2.8036e+01    36.0214     -0.002     -0.003     4.5630 0.0000e+00
     -0.002      0.000     9.4025     72.648     54.946  32.531969    42.6600     1.3481     0.8946     0.5499 2.7679e+01    36.0668     -0.002     -0.002     4.5710 0.0000e+00
     -0.001      0.000     9.4071     72.451     54.979  32.559005    42.6600     1.3329     0.8946     0.5499 2.8208e+01    36.1574     -0.001     -0.002     4.5792 0.0000e+00
     -0.001      0.000     9.4035     72.206     55.007  32.583308    42.6600     1.3329     0.8946     0.5499 2.8472e+01    36.1121     -0.001     -0.002     4.5873 0.0000e+00
     -0.001      0.000     9.3918     71.927     55.035  32.607376    42.6600     1.2528     0.8520     0.5922 2.8000e+01    36.1574     -0.001     -0.002     4.5951 0.0000e+00
     -0.001      0.000     9.3722     71.618     55.066  32.633644    42.6600     1.2795     0.8520     0.5922 2.8134e+01    36.1272     -0.001     -0.002     4.6023 0.0000e+00
     -0.001      0.000     9.3451     71.281     55.106  32.665133    42.6600     1.2795     0.8520     0.5922 2.8183e+01    36.0819     -0.001     -0.002     4.6091 0.0000e+00
     -0.001      0.000     9.3119     70.923     55.150  32.698290    42.6600     1.2642     0.8520     0.5922 2.8380e+01    36.1725     -0.001     -0.002     4.6160 0.0000e+00
     -0.001      0.000     9.2742     70.555     55.188  32.728012    42.6600     1.3214     0.8520     0.5922 2.8257e+01    36.1121     -0.001     -0.002     4.6230 0.0000e+00
     -0.001      0.000     9.2326     70.184     55.224  32.756251    42.6600     1.3138     0.8946     0.6345 2.8300e+01    36.0517     -0.001     -0.002     4.6301 0.0000e+00
     -0.001      0.000     9.1875     69.814     55.264  32.786552    42.6600     1.3367     0.8946     0.6345 2.7505e+01    36.0517     -0.001     -0.002     4.6371 0.0000e+00
     -0.001      0.000     9.1398     69.437     55.297  32.813053    42.6600     1.3138     0.8946     0.6345 2.8374e+01    36.0365     -0.001     -0.002     4.6438 0.0000e+00
     -0.001      0.000     9.0908     69.059     55.320  32.832862    42.6600     1.4130     0.8946     0.6345 2.8043e+01    36.1121     -0.001     -0.002     4.6502 0.0000e+00
     -0.001     -0.001     9.0416     68.691     55.347  32.855245    42.7500     1.3863     0.8946     0.5499 2.8030e+01    36.2631     -0.001     -0.002     4.6565 0.0000e+00
     -0.002     -0.001     8.9925     68.329     55.388  32.886170    42.7500     1.4016     0.8946     0.5499 2.8201e+01    36.0819     -0.002     -0.002     4.6626 0.0000e+00
     -0.002     -0.002     8.9426     67.967     55.436  32.921932    42.7500     1.3901     0.8946     0.5499 2.8596e+01    36.1121     -0.002     -0.003     4.6685 0.0000e+00
     -0.003     -0.003     8.8926     67.606     55.495  32.964102    42.7500     1.3214     0.8946     0.5499 2.7625e+01    36.1876     -0.003     -0.004     4.6743 0.0000e+00
     -0.003     -0.003     8.8439     67.251     55.556  33.007989    42.7500     1.3291     0.8520     0.5499 2.9295e+01    36.0214     -0.003     -0.005     4.6801 0.0000e+00
     -0.004     -0.004     8.7959     66.904     55.600  33.041392    42.7500     1.3291     0.8520     0.5499 2.7517e+01    36.0819     -0.004     -0.006     4.6860 0.0000e+00
     -0.006     -0.005     8.7478     66.571     55.640  33.073221    42.7500     1.2947     0.8520     0.5499 3.0602e+01    36.0365     -0.005     -0.008     4.6924 0.0000e+00
     -0.007     -0.005     8.6999     66.249     55.692  33.111962    42.7500     1.3291     0.8520     0.5499 2.8578e+01    36.0365     -0.007     -0.010     4.6990 0.0000e+00
     -0.008     -0.005     8.6526     65.939     55.748  33.152012    42.7500     1.3214     0.8520     0.5499 2.8214e+01    36.0668     -0.008     -0.012     4.7058 0.0000e+00
     -0.010     -0.005     8.6065     65.646     55.802  33.190107    42.7500     1.3214     0.8946     0.6345 2.9448e+01    36.0819     -0.010     -0.015     4.7125 0.0000e+00
     -0.012     -0.005     8.5621     65.369     55.843  33.220471    42.7500     1.3138     0.8946     0.6345 3.0016e+01    36.0819     -0.011     -0.017     4.7195 0.0000e+00
     -0.013     -0.004     8.5191     65.111     55.859  33.237256    42.7500     1.3214     0.8946     0.6345 3.0088e+01    36.0517     -0.012     -0.019     4.7265 0.0000e+00
     -0.014     -0.003     8.4779     64.875     55.853  33.240955    42.7500     1.3787     0.8946     0.6345 3.0582e+01    36.1121     -0.013     -0.020     4.7328 0.0000e+00
     -0.015     -0.003     8.4391     64.651     55.835  33.238530    42.7500     1.3901     0.8946     0.5499 2.9763e+01    36.1272     -0.014     -0.021     4.7382 0.0000e+00
     -0.015     -0.002     8.4022     64.435     55.824  33.239295    42.7500     1.3710     0.8946     0.5499 2.9705e+01    35.9761     -0.015     -0.022     4.7435 0.0000e+00
     -0.016     -0.002     8.3677     64.229     55.822  33.245446    42.7500     1.3787     0.8946     0.5499 2.8991e+01    36.0214     -0.015     -0.022     4.7498 0.0000e+00
     -0.016     -0.001     8.3360     64.030     55.830  33.256631    42.7500     1.3939     0.8946     0.5499 2.9397e+01    36.0517     -0.015     -0.022     4.7566 0.0000e+00
     -0.016     -0.001     8.3057     63.833     55.839  33.267865    42.9300     1.3748     0.8520     0.5499 2.9377e+01    36.0517     -0.015     -0.023     4.7636 0.0000e+00
     -0.016     -0.000     8.2764     63.637     55.832  33.270193    42.9300     1.3748     0.8520     0.5499 3.0232e+01    35.9761     -0.016     -0.023     4.7704 0.0000e+00
     -0.016     -0.000     8.2486     63.437     55.817  33.268219    42.9300     1.3939     0.8520     0.5499 3.0404e+01    36.0365     -0.016     -0.023     4.7766 0.0000e+00
     -0.016      0.000     8.2218     63.229     55.809  33.269386    42.9300     1.3443     0.8520     0.5499 2.8404e+01    36.0063     -0.016     -0.023     4.7824 0.0000e+00
     -0.016      0.000     8.1954     63.019     55.807  33.274004    42.8400     1.3176     0.8520     0.6345 3.0716e+01    36.0819     -0.015     -0.022     4.7880 0.0000e+00
     -0.016      0.000     8.1690     62.811     55.815  33.283305    42.8400     1.3253     0.8520     0.6345 2.9199e+01    35.9912     -0.015     -0.022     4.7939 0.0000e+00
     -0.016      0.000     8.1420     62.600     55.828  33.295786    42.8400     1.3214     0.8520     0.6345 2.9480e+01    36.0668     -0.016     -0.023     4.7998 0.0000e+00
     -0.016      0.000     8.1141     62.390     55.838  33.306806    42.8400     1.4702     0.8520     0.6345 3.0616e+01    36.3991     -0.016     -0.023     4.8054 0.0000e+00
     -0.016     -0.000     8.0862     62.185     55.843  33.315321    42.8400     1.4283     0.8520     0.6345 2.9634e+01    36.3991     -0.015     -0.022     4.8103 0.0000e+00
     -0.016      0.000     8.0586     61.986     55.854  33.327586    42.9300     1.4588     0.9372     0.4653 2.8195e+01    36.2631     -0.015     -0.022     4.8146 0.0000e+00
     -0.016      0.000     8.0306     61.795     55.871  33.342888    42.9300     1.4435     0.9372     0.4653 2.8708e+01    36.2782     -0.015     -0.022     4.8189 0.0000e+00
     -0.016      0.000     8.0027     61.617     55.879  33.353355    42.9300     1.4054     0.9372     0.4653 2.9041e+01    36.2782     -0.015     -0.023     4.8235 0.0000e+00
     -0.016      0.000     7.9754     61.448     55.877  33.357795    42.9300     1.3787     0.9372     0.4653 2.9828e+01    36.3538     -0.016     -0.023     4.8284 0.0000e+00
     -0.016      0.000     7.9488     61.289     55.861  33.353408    42.9300     1.4054     0.8946     0.5499 2.9518e+01    36.3538     -0.016     -0.024     4.8333 0.0000e+00
     -0.016      0.000     7.9233     61.147     55.836  33.343008    42.9300     1.3787     0.8946     0.5499 2.9938e+01    36.2631     -0.016     -0.024     4.8383 0.0000e+00
     -0.016      0.000     7.8995     61.018     55.817  33.335773    42.9300     1.4206     0.8946     0.5499 2.8758e+01    36.0819     -0.016     -0.024     4.8432 0.0000e+00
     -0.016      0.001     7.8768     60.891     55.801  33.329775    42.9300     1.4855     0.8946     0.5499 3.0324e+01    36.0063     -0.016     -0.023     4.8480 0.0000e+00
     -0.016      0.001     7.8555     60.760     55.785  33.323414    42.9300     1.4588     0.8946     0.6345 2.9326e+01    36.0517     -0.016     -0.023     4.8526 0.0000e+00
     -0.016      0.001     7.8365     60.623     55.778  33.322962    42.9300     1.4321     0.8946     0.6345 2.8991e+01    36.0517     -0.015     -0.022     4.8567 0.0000e+00
