Data/DataNotYetUploadedToEDI/Raw_CTD/RawDownloads/120125_fcr50_S7809001.cnv
* Sea-Bird SBE19plus  Data File:
* FileName = C:\R\Reservoirs\Data\DataNotYetUploadedToEDI\Raw_CTD\RawDownloads\120125_fcr50_S7809_0001.hex
* Software version 2.8.0.119
* Temperature SN = 7809
* Conductivity SN = 7809
* System UpLoad Time = Dec 10 2025 15:28:58
* <ApplicationData>
* <Seaterm232>
# nquan = 15
# nvalues = 1405                        
# units = specified
# name 0 = depFM: Depth [fresh water, m]
# name 1 = dz/dtM: Descent Rate [m/s]
# name 2 = sbeox0Mg/L: Oxygen, SBE 43 [mg/l]
# name 3 = sbeox0PS: Oxygen, SBE 43 [% saturation]
# name 4 = specc: Specific Conductance [uS/cm]
# name 5 = c0uS/cm: Conductivity [uS/cm]
# name 6 = flECO-AFL: Fluorescence, WET Labs ECO-AFL/FL [mg/m^3]
# name 7 = ph: pH
# name 8 = orp: Oxidation Reduction Potential [mV]
# name 9 = par/sat/log: PAR/Logarithmic, Satlantic
# name 10 = turbWETntu0: Turbidity, WET Labs ECO [NTU]
# name 11 = prdM: Pressure, Strain Gauge [db]
# name 12 = prdE: Pressure, Strain Gauge [psi]
# name 13 = tv290C: Temperature [ITS-90, deg C]
# name 14 = flag:  0.000e+00
# span 0 =     -0.566,      9.731       
# span 1 =     -0.410,      0.427       
# span 2 =     5.7161,    11.9338       
# span 3 =     47.419,     95.458       
# span 4 =      1.467,    248.346       
# span 5 =   0.891105, 159.512718       
# span 6 =    -0.0864,     3.9376       
# span 7 =     -2.718,      9.216       
# span 8 = -1240.7455,   267.5244       
# span 9 = 1.2363e-01, 1.6678e+03       
# span 10 =    -0.0425,   143.1232      
# span 11 =     -0.556,      9.544      
# span 12 =     -0.806,     13.842      
# span 13 =     5.2958,     7.1174      
# span 14 = 0.0000e+00, 0.0000e+00      
# interval = seconds: 0.25
# start_time = Dec 01 2025 12:28:04 [Instrument's time stamp, header]
# bad_flag = -9.990e-29
*END*
[from data line 772]
     -0.046     -0.004     9.4561     77.868     44.471  28.505976     2.8261      9.123   227.6596 9.5505e+01     4.9432     -0.045     -0.065     7.0462 0.0000e+00
     -0.051     -0.006     9.4504     77.843     44.463  28.502094     2.7501      9.125   227.6516 9.5387e+01     4.9308     -0.051     -0.074     7.0469 0.0000e+00
     -0.054     -0.007     9.4490     77.821     44.447  28.492433     2.6938      9.126   227.7248 9.6127e+01     4.8233     -0.053     -0.077     7.0473 0.0000e+00
     -0.056     -0.006     9.4454     77.806     44.483  28.516023     2.6694      9.126   227.7706 1.0581e+02     4.8045     -0.056     -0.081     7.0477 0.0000e+00
     -0.057     -0.004     9.4379     77.817     44.509  28.533604     2.6380      9.126   227.7755 1.9281e+02     4.9084     -0.056     -0.081     7.0485 0.0000e+00
     -0.057     -0.002     9.4372     77.838     44.478  28.514718     2.5890      9.127   227.7842 3.8684e+02     4.9183     -0.054     -0.079     7.0495 0.0000e+00
     -0.057      0.000     9.4335     77.859     44.420  28.477965     2.5425      9.128   227.8754 5.5997e+02     4.8212     -0.055     -0.080     7.0503 0.0000e+00
     -0.057      0.001     9.4295     77.876     44.407  28.469802     2.5338      9.129   227.9317 5.2876e+02     4.7598     -0.056     -0.081     7.0515 0.0000e+00
     -0.056      0.001     9.4327     77.880     44.421  28.479450     2.5930      9.130   227.7770 3.1523e+02     4.7907     -0.055     -0.080     7.0523 0.0000e+00
     -0.055      0.001     9.4349     77.876     44.402  28.467760     2.7001      9.130   227.7254 2.0161e+02     4.8870     -0.055     -0.079     7.0531 0.0000e+00
     -0.054      0.001     9.4372     77.860     44.381  28.455319     2.7468      9.129   227.8237 3.3498e+02     4.8999     -0.053     -0.077     7.0539 0.0000e+00
     -0.054      0.000     9.4405     77.833     44.381  28.455891     2.7253      9.129   227.9333 5.5316e+02     4.8093     -0.053     -0.076     7.0543 0.0000e+00
     -0.054     -0.001     9.4395     77.824     44.411  28.474672     2.7314      9.131   228.0184 6.4849e+02     4.8159     -0.053     -0.077     7.0549 0.0000e+00
     -0.054     -0.003     9.4395     77.845     44.439  28.492110     2.7535      9.131   227.8202 6.0129e+02     4.9467     -0.053     -0.076     7.0555 0.0000e+00
     -0.055     -0.004     9.4383     77.876     44.416  28.476437     2.7338      9.132   227.5148 4.8053e+02     5.0245     -0.053     -0.077     7.0560 0.0000e+00
     -0.057     -0.004     9.4323     77.921     44.416  28.475463     2.6928      9.133   227.4243 3.4517e+02     4.9701     -0.055     -0.080     7.0565 0.0000e+00
     -0.060     -0.004     9.4305     77.958     44.425  28.480338     2.6585      9.134   227.3276 2.7368e+02     4.8694     -0.059     -0.086     7.0567 0.0000e+00
     -0.061     -0.003     9.4354     77.949     44.412  28.471947     2.6189      9.134   227.2928 2.6193e+02     4.8667     -0.061     -0.088     7.0563 0.0000e+00
     -0.061     -0.001     9.4381     77.923     44.457  28.500870     2.5547      9.135   227.5199 2.3978e+02     4.9034     -0.060     -0.087     7.0551 0.0000e+00
     -0.060      0.001     9.4444     77.888     44.476  28.512890     2.4987      9.136   227.7504 1.9070e+02     4.8353     -0.059     -0.086     7.0536 0.0000e+00
     -0.059      0.002     9.4537     77.841     44.440  28.490435     2.4897      9.136   227.5843 1.9888e+02     4.7259     -0.058     -0.085     7.0527 0.0000e+00
     -0.058      0.002     9.4482     77.808     44.428  28.483082     2.5467      9.137   227.0602 4.0895e+02     4.7076     -0.057     -0.083     7.0523 0.0000e+00
     -0.058      0.002     9.4453     77.772     44.433  28.487415     2.6467      9.138   226.7481 7.5930e+02     4.7507     -0.056     -0.082     7.0524 0.0000e+00
     -0.058      0.003     9.4436     77.759     44.420  28.479392     2.6831      9.139   226.9083 9.9555e+02     4.7010     -0.057     -0.083     7.0530 0.0000e+00
     -0.058      0.006     9.4321     77.813     44.372  28.449505     2.6625      9.139   227.3626 1.0634e+03     4.5841     -0.058     -0.084     7.0535 0.0000e+00
     -0.058      0.014     9.4329     77.885     44.362  28.443205     2.6970      9.140   227.6811 1.0730e+03     4.6704     -0.057     -0.083     7.0541 0.0000e+00
     -0.057      0.024     9.4261     77.927     44.398  28.466641     2.7759      9.141   227.5748 1.0756e+03     4.9239     -0.056     -0.081     7.0548 0.0000e+00
     -0.052      0.039     9.4198     77.960     44.417  28.479161     2.8170      9.141   227.2827 1.0779e+03     5.0190     -0.055     -0.078     7.0554 0.0000e+00
     -0.040      0.055     9.4313     78.022     44.399  28.467720     2.8116      9.139   227.0740 1.0350e+03     4.9328     -0.041     -0.059     7.0559 0.0000e+00
     -0.022      0.072     9.4418     78.084     44.378  28.455162     2.7682      9.134   227.0298 8.6908e+02     4.8722     -0.022     -0.032     7.0563 0.0000e+00
     -0.001      0.087     9.4462     78.106     44.374  28.454185     2.6921      9.126   227.2649 6.4910e+02     4.9346     -0.003     -0.004     7.0565 0.0000e+00
      0.026      0.097     9.4460     78.093     44.376  28.455900     2.6243      9.116   227.5941 4.9933e+02     4.9364      0.025      0.036     7.0568 0.0000e+00
      0.056      0.102     9.4562     78.048     44.407  28.475906     2.5805      9.109   227.6545 3.4713e+02     4.8250      0.056      0.080     7.0573 0.0000e+00
      0.086      0.102     9.4664     77.997     44.454  28.505786     2.5539      9.106   227.6508 1.6686e+02     4.7843      0.086      0.124     7.0584 0.0000e+00
      0.113      0.099     9.4666     77.969     44.446  28.500034     2.5860      9.104   227.8068 7.7325e+01     4.8539      0.113      0.164     7.0601 0.0000e+00
      0.137      0.094     9.4659     77.933     44.401  28.469787     2.6774      9.104   227.9073 6.4708e+01     4.9487      0.134      0.195     7.0610 0.0000e+00
      0.158      0.090     9.4595     77.890     44.382  28.457216     2.7353      9.103   228.0052 6.0141e+01     4.9398      0.155      0.225     7.0613 0.0000e+00
      0.180      0.092     9.4497     77.886     44.412  28.474893     2.7364      9.102   228.2149 5.7131e+01     4.8485      0.177      0.257     7.0607 0.0000e+00
      0.200      0.097     9.4502     77.891     44.442  28.493232     2.7913      9.102   228.4646 5.5254e+01     4.8357      0.196      0.285     7.0595 0.0000e+00
      0.220      0.106     9.4474     77.904     44.437  28.488660     2.9153      9.101   228.8734 5.3269e+01     4.9220      0.213      0.309     7.0585 0.0000e+00
      0.248      0.115     9.4358     77.932     44.430  28.483036     2.9881      9.099   229.3722 5.1102e+01     5.0036      0.238      0.346     7.0576 0.0000e+00
      0.283      0.120     9.4411     77.930     44.440  28.488658     3.0135      9.095   229.6776 4.9210e+01     4.9684      0.278      0.404     7.0562 0.0000e+00
      0.321      0.122     9.4415     77.928     44.447  28.493211     3.1142      9.094   229.8978 4.7544e+01     4.8384      0.316      0.457     7.0546 0.0000e+00
      0.357      0.125     9.4399     77.958     44.418  28.474650     3.2905      9.093   230.2281 4.6375e+01     4.8319      0.351      0.509     7.0531 0.0000e+00
      0.388      0.133     9.4507     77.968     44.388  28.454531     3.3974      9.091   230.5740 4.5653e+01     4.9579      0.385      0.559     7.0521 0.0000e+00
      0.410      0.146     9.4459     77.930     44.368  28.440239     3.3993      9.088   230.8101 4.5036e+01     4.9955      0.402      0.583     7.0515 0.0000e+00
      0.435      0.161     9.4435     77.885     44.353  28.428706     3.3795      9.083   231.0184 4.4606e+01     4.9451      0.419      0.606     7.0511 0.0000e+00
      0.478      0.177     9.4512     77.850     44.377  28.441940     3.3832      9.076   231.3711 4.6371e+01     4.9630      0.463      0.670     7.0507 0.0000e+00
      0.538      0.188     9.4551     77.824     44.431  28.473392     3.4111      9.070   231.7190 4.8761e+01     5.0758      0.527      0.764     7.0500 0.0000e+00
      0.603      0.193     9.4460     77.809     44.465  28.491837     3.4416      9.065   231.8695 4.7641e+01     5.1816      0.595      0.863     7.0488 0.0000e+00
      0.660      0.187     9.4415     77.775     44.440  28.474655     3.4451      9.060   231.9864 4.5799e+01     5.1483      0.651      0.945     7.0470 0.0000e+00
      0.705      0.171     9.4392     77.765     44.412  28.455941     3.4111      9.056   232.1860 4.5317e+01     5.0152      0.694      1.007     7.0443 0.0000e+00
      0.743      0.150     9.4340     77.783     44.412  28.455852     3.3721      9.056   232.3904 4.4742e+01     4.9052      0.730      1.059     7.0401 0.0000e+00
      0.775      0.130     9.4384     77.772     44.442  28.473581     3.3720      9.059   232.6512 4.4967e+01     4.8769      0.760      1.103     7.0362 0.0000e+00
      0.804      0.116     9.4303     77.777     44.453  28.480002     3.4010      9.061   232.9297 4.5346e+01     4.9460      0.788      1.143     7.0350 0.0000e+00
      0.830      0.108     9.4263     77.778     44.438  28.470055     3.4159      9.062   233.0897 4.4630e+01     4.9213      0.815      1.182     7.0351 0.0000e+00
      0.853      0.103     9.4379     77.692     44.454  28.480170     3.4103      9.063   233.1240 4.4155e+01     4.8170      0.836      1.213     7.0344 0.0000e+00
      0.876      0.098     9.4295     77.616     44.449  28.475452     3.4172      9.066   233.0865 4.4555e+01     4.8467      0.857      1.243     7.0332 0.0000e+00
      0.904      0.092     9.4295     77.599     44.453  28.476440     3.4492      9.068   233.1522 4.6245e+01     4.8707      0.888      1.287     7.0322 0.0000e+00
      0.932      0.086     9.4425     77.609     44.481  28.492113     3.4394      9.071   233.4024 4.8873e+01     4.7988      0.916      1.329     7.0316 0.0000e+00
      0.955      0.078     9.4189     77.660     44.456  28.474659     3.3645      9.074   233.6163 5.0056e+01     4.7638      0.939      1.362     7.0311 0.0000e+00
      0.972      0.068     9.4099     77.715     44.428  28.455684     3.3105      9.076   233.7602 4.9625e+01     4.7887      0.955      1.385     7.0299 0.0000e+00
      0.986      0.060     9.4135     77.757     44.424  28.452979     3.3095      9.077   233.9369 4.9402e+01     4.8615      0.968      1.403     7.0280 0.0000e+00
      0.997      0.056     9.4091     77.830     44.407  28.441958     3.3273      9.078   233.9458 5.0438e+01     4.8920      0.979      1.420     7.0259 0.0000e+00
      1.007      0.056     9.4214     77.905     44.419  28.449283     3.3425      9.080   233.8682 5.2685e+01     4.8159      0.988      1.433     7.0241 0.0000e+00
      1.020      0.058     9.4287     77.915     44.464  28.478113     3.3529      9.083   233.9451 5.5235e+01     4.7953      0.999      1.448     7.0229 0.0000e+00
      1.036      0.060     9.4297     77.884     44.457  28.473394     3.3695      9.085   234.1010 5.6024e+01     4.8820      1.014      1.471     7.0221 0.0000e+00
      1.055      0.062     9.4402     77.853     44.429  28.455656     3.4013      9.086   234.2903 5.5237e+01     4.9769      1.035      1.502     7.0220 0.0000e+00
      1.075      0.062     9.4552     77.810     44.425  28.453931     3.4297      9.088   234.5137 5.5421e+01     4.9518      1.056      1.532     7.0221 0.0000e+00
      1.091      0.060     9.4534     77.757     44.423  28.452547     3.4299      9.089   234.6502 5.5828e+01     4.8171      1.070      1.553     7.0220 0.0000e+00
      1.104      0.057     9.4463     77.714     44.401  28.438912     3.4282      9.090   234.6512 5.6207e+01     4.8180      1.082      1.570     7.0219 0.0000e+00
      1.116      0.053     9.4457     77.714     44.365  28.415932     3.4347      9.092   234.6114 5.5966e+01     4.8937      1.095      1.588     7.0222 0.0000e+00
      1.129      0.051     9.4386     77.746     44.385  28.428409     3.4585      9.093   234.5998 5.3414e+01     4.9125      1.107      1.605     7.0226 0.0000e+00
      1.143      0.050     9.4328     77.772     44.438  28.462911     3.4998      9.094   234.7682 5.2199e+01     4.9080      1.121      1.625     7.0227 0.0000e+00
      1.156      0.048     9.4245     77.809     44.422  28.452521     3.5014      9.096   235.0135 5.2367e+01     4.8059      1.133      1.644     7.0227 0.0000e+00
      1.168      0.047     9.4244     77.860     44.386  28.429656     3.4942      9.098   235.0705 5.1092e+01     4.7709      1.144      1.661     7.0227 0.0000e+00
      1.180      0.049     9.4333     77.910     44.401  28.440157     3.5209      9.100   235.1130 5.0505e+01     4.8951      1.158      1.681     7.0227 0.0000e+00
      1.190      0.052     9.4324     77.940     44.421  28.452636     3.5240      9.101   235.2692 5.0904e+01     4.9069      1.168      1.695     7.0230 0.0000e+00
      1.200      0.055     9.4379     77.946     44.423  28.453667     3.4903      9.102   235.2378 5.1870e+01     4.7772      1.174      1.703     7.0236 0.0000e+00
      1.215      0.055     9.4446     77.944     44.421  28.452626     3.4713      9.104   234.9913 5.2579e+01     4.7275      1.187      1.722     7.0240 0.0000e+00
      1.235      0.057     9.4512     77.947     44.402  28.440056     3.4703      9.106   234.8708 5.0451e+01     4.8171      1.212      1.757     7.0241 0.0000e+00
      1.255      0.062     9.4561     77.967     44.384  28.428539     3.4688      9.106   234.8125 4.7183e+01     4.9045      1.234      1.790     7.0242 0.0000e+00
      1.266      0.071     9.4541     77.967     44.403  28.440228     3.4623      9.106   234.8890 4.5599e+01     4.8620      1.244      1.804     7.0241 0.0000e+00
      1.274      0.079     9.4557     77.941     44.426  28.454523     3.4403      9.104   235.1071 4.4969e+01     4.7816      1.247      1.808     7.0242 0.0000e+00
      1.290      0.084     9.4525     77.921     44.458  28.474528     3.4530      9.101   235.0407 4.3700e+01     4.7869      1.258      1.825     7.0241 0.0000e+00
      1.320      0.089     9.4589     77.894     44.486  28.491818     3.5083      9.098   234.6881 4.1810e+01     4.8570      1.293      1.874     7.0238 0.0000e+00
      1.357      0.093     9.4603     77.854     44.458  28.473280     3.5345      9.096   234.3722 4.0370e+01     4.9117      1.337      1.937     7.0233 0.0000e+00
      1.384      0.092     9.4519     77.811     44.408  28.440675     3.5286      9.095   234.4047 3.9060e+01     4.8682      1.361      1.974     7.0229 0.0000e+00
      1.403      0.084     9.4541     77.792     44.369  28.414741     3.5943      9.095   234.6509 3.7294e+01     4.7743      1.375      1.995     7.0220 0.0000e+00
      1.422      0.074     9.4493     77.808     44.368  28.413431     3.7625      9.095   234.8535 3.5582e+01     4.7675      1.394      2.022     7.0210 0.0000e+00
      1.439      0.066     9.4453     77.828     44.388  28.424836     3.8648      9.095   235.0476 3.4240e+01     4.7515      1.414      2.051     7.0205 0.0000e+00
      1.452      0.064     9.4383     77.846     44.390  28.425778     3.8662      9.095   234.9321 3.3395e+01     4.6494      1.425      2.067     7.0201 0.0000e+00
      1.464      0.063     9.4348     77.873     44.390  28.424823     3.8465      9.095   234.4901 3.2870e+01     4.5919      1.433      2.079     7.0191 0.0000e+00
      1.480      0.061     9.4403     77.902     44.373  28.413291     3.7599      9.095   234.2639 3.2121e+01     4.6724      1.450      2.102     7.0180 0.0000e+00
      1.501      0.059     9.4424     77.912     44.375  28.413197     3.6423      9.095   234.3482 3.1281e+01     4.8702      1.473      2.137     7.0173 0.0000e+00
