Data/DataNotYetUploadedToEDI/Raw_CTD/RawDownloads/120125_bvr50_S8188001.cnv
* Sea-Bird SBE19plus  Data File:
* FileName = C:\R\Reservoirs\Data\DataNotYetUploadedToEDI\Raw_CTD\RawDownloads\120125_bvr50_S8188_0001.hex
* Software version 2.8.0.119
* Temperature SN = 8188
* Conductivity SN = 8188
* System UpLoad Time = Dec 10 2025 15:14:28
* <ApplicationData>
* <Seaterm232>
# nquan = 16
# nvalues = 1880                        
# units = specified
# name 0 = depFM: Depth [fresh water, m]
# name 1 = dz/dtM: Descent Rate [m/s]
# name 2 = sbeox0Mg/L: Oxygen, SBE 43 [mg/l]
# name 3 = sbeox0PS: Oxygen, SBE 43 [% saturation]
# name 4 = specc: Specific Conductance [uS/cm]
# name 5 = c0uS/cm: Conductivity [uS/cm]
# name 6 = wetCDOM: Fluorescence, WET Labs CDOM [mg/m^3]
# name 7 = flECO-AFL: Fluorescence, WET Labs ECO-AFL/FL [mg/m^3]
# name 8 = flECO-AFL1: Fluorescence, WET Labs ECO-AFL/FL, 2 [mg/m^3]
# name 9 = flECO-AFL2: Fluorescence, WET Labs ECO-AFL/FL, 3 [mg/m^3]
# name 10 = par/sat/log: PAR/Logarithmic, Satlantic
# name 11 = turbWETntu0: Turbidity, WET Labs ECO [NTU]
# name 12 = prdM: Pressure, Strain Gauge [db]
# name 13 = prdE: Pressure, Strain Gauge [psi]
# name 14 = tv290C: Temperature [ITS-90, deg C]
# name 15 = flag:  0.000e+00
# span 0 =     -0.661,      5.343       
# span 1 =     -0.382,      0.184       
# span 2 =     7.1212,    12.4503       
# span 3 =     55.549,     96.556       
# span 4 =      0.711,     55.974       
# span 5 =   0.497661,  33.438681       
# span 6 =    -4.5000,    46.4400       
# span 7 =    -2.1004,     8.0202       
# span 8 =    -2.1300,     1.0650       
# span 9 =    -2.0304,     3.5109       
# span 10 = 1.1587e-01, 1.8966e+03      
# span 11 =    -1.0346,   846.5268      
# span 12 =     -0.648,      5.240      
# span 13 =     -0.940,      7.599      
# span 14 =     4.3542,    10.0147      
# span 15 = 0.0000e+00, 0.0000e+00      
# interval = seconds: 0.25
# start_time = Dec 01 2025 11:40:57 [Instrument's time stamp, header]
# bad_flag = -9.990e-29
*END*
[from data line 1176]
      0.524      0.043    10.4598     80.710     51.080  30.043179    45.1800     1.3710     0.9372     0.5076 3.2445e+01    36.7919      0.515      0.746     4.4081 0.0000e+00
      0.536      0.043    10.4579     80.748     51.148  30.083695    45.1800     1.3748     0.9372     0.5076 3.5260e+01    36.8976      0.526      0.762     4.4076 0.0000e+00
      0.547      0.042    10.4583     80.785     51.214  30.122659    45.1800     1.3672     0.9372     0.5076 3.3519e+01    36.8372      0.536      0.778     4.4072 0.0000e+00
      0.557      0.042    10.4611     80.817     51.250  30.144570    45.1800     1.3710     0.9372     0.5076 3.7221e+01    36.9127      0.547      0.793     4.4071 0.0000e+00
      0.568      0.041    10.4654     80.841     51.221  30.127387    45.1800     1.3214     0.9798     0.6345 3.4592e+01    36.5351      0.557      0.808     4.4072 0.0000e+00
      0.578      0.040    10.4702     80.856     51.151  30.086446    45.1800     1.3367     0.9798     0.6345 3.7172e+01    36.5351      0.567      0.822     4.4075 0.0000e+00
      0.588      0.039    10.4749     80.857     51.111  30.062612    45.1800     1.2986     0.9798     0.6345 3.5322e+01    36.5804      0.577      0.836     4.4078 0.0000e+00
      0.598      0.038    10.4790     80.841     51.126  30.071438    45.1800     1.3176     0.9798     0.6345 3.6429e+01    36.5804      0.587      0.851     4.4081 0.0000e+00
      0.608      0.038    10.4821     80.816     51.167  30.095359    45.1800     1.3863     0.9798     0.6345 3.4263e+01    36.4897      0.596      0.865     4.4084 0.0000e+00
      0.617      0.037    10.4839     80.792     51.181  30.102915    45.1800     1.3558     0.9798     0.5076 3.6160e+01    36.5351      0.605      0.878     4.4085 0.0000e+00
      0.627      0.037    10.4841     80.766     51.166  30.094127    45.1800     1.3748     0.9798     0.5076 3.3439e+01    36.5804      0.615      0.891     4.4084 0.0000e+00
      0.636      0.036    10.4822     80.732     51.164  30.092545    45.1800     1.3634     0.9798     0.5076 3.6098e+01    36.6257      0.624      0.905     4.4081 0.0000e+00
      0.645      0.036    10.4790     80.690     51.163  30.091770    45.1800     1.4130     0.9798     0.5076 3.3644e+01    36.7012      0.633      0.918     4.4078 0.0000e+00
      0.655      0.035    10.4760     80.638     51.129  30.071681    45.1800     1.3863     0.9798     0.4653 3.3945e+01    36.5804      0.642      0.931     4.4074 0.0000e+00
      0.664      0.035    10.4727     80.575     51.073  30.038869    45.1800     1.3481     0.9798     0.4653 3.5754e+01    36.5804      0.651      0.944     4.4071 0.0000e+00
      0.672      0.034    10.4683     80.506     51.066  30.034376    45.1800     1.3901     0.9798     0.4653 3.3447e+01    36.5955      0.660      0.957     4.4069 0.0000e+00
      0.681      0.034    10.4630     80.431     51.126  30.068953    45.1800     1.3596     0.9798     0.4653 3.6043e+01    36.6257      0.668      0.969     4.4067 0.0000e+00
      0.690      0.033    10.4563     80.349     51.166  30.092072    45.1800     1.3787     0.9798     0.5499 3.4011e+01    36.6408      0.677      0.981     4.4066 0.0000e+00
      0.698      0.032    10.4482     80.269     51.163  30.089982    45.1800     1.4016     0.9798     0.5499 3.5499e+01    36.5804      0.685      0.993     4.4063 0.0000e+00
      0.706      0.031    10.4394     80.207     51.160  30.088016    45.1800     1.3672     0.9798     0.5499 3.7383e+01    36.6861      0.693      1.005     4.4060 0.0000e+00
      0.714      0.030    10.4297     80.176     51.149  30.081668    45.1800     1.3062     0.9798     0.5499 3.6802e+01    36.4746      0.701      1.016     4.4056 0.0000e+00
      0.722      0.029    10.4191     80.180     51.135  30.073227    45.1800     1.3214     0.9798     0.5499 3.6532e+01    36.4746      0.708      1.027     4.4053 0.0000e+00
      0.729      0.029    10.4088     80.212     51.160  30.088327    45.2700     1.3214     0.9798     0.4653 3.6452e+01    36.5804      0.715      1.037     4.4051 0.0000e+00
      0.736      0.028    10.4008     80.264     51.212  30.119043    45.2700     1.3214     0.9798     0.4653 3.6043e+01    36.5351      0.722      1.047     4.4050 0.0000e+00
      0.743      0.028    10.3968     80.337     51.241  30.135724    45.2700     1.4283     0.9798     0.4653 3.8096e+01    36.8372      0.729      1.057     4.4050 0.0000e+00
      0.750      0.028    10.3973     80.432     51.263  30.148795    45.2700     1.4550     0.9798     0.4653 3.8605e+01    36.8221      0.736      1.067     4.4050 0.0000e+00
      0.757      0.028    10.4014     80.538     51.318  30.181657    45.1800     1.4321     0.9798     0.4653 3.5871e+01    36.8070      0.743      1.078     4.4051 0.0000e+00
      0.765      0.028    10.4082     80.643     51.385  30.221166    45.1800     1.4435     0.9798     0.4653 3.6683e+01    36.7617      0.750      1.088     4.4051 0.0000e+00
      0.772      0.028    10.4176     80.743     51.416  30.240015    45.1800     1.4321     0.9798     0.4653 3.3215e+01    36.8372      0.758      1.099     4.4051 0.0000e+00
      0.780      0.028    10.4299     80.832     51.393  30.227297    45.1800     1.4511     0.9798     0.4653 3.8005e+01    36.7465      0.765      1.109     4.4052 0.0000e+00
      0.787      0.028    10.4437     80.902     51.356  30.205514    45.1800     1.4283     0.9798     0.5076 3.3244e+01    36.7768      0.772      1.119     4.4054 0.0000e+00
      0.794      0.027    10.4572     80.944     51.323  30.186780    45.1800     1.4511     0.9798     0.5076 3.6278e+01    36.8221      0.779      1.129     4.4057 0.0000e+00
      0.801      0.027    10.4699     80.952     51.295  30.170083    45.1800     1.3405     0.9798     0.5076 3.3651e+01    37.7436      0.786      1.140     4.4062 0.0000e+00
      0.808      0.027    10.4814     80.929     51.297  30.170888    45.1800     1.3100     0.9798     0.5076 3.3805e+01    37.7587      0.792      1.149     4.4068 0.0000e+00
      0.815      0.027    10.4904     80.883     51.329  30.189409    45.2700     1.3100     0.9798     0.6345 3.4963e+01    37.8795      0.799      1.159     4.4072 0.0000e+00
      0.821      0.027    10.4957     80.826     51.352  30.202702    45.2700     1.3138     0.9798     0.6345 3.3294e+01    37.8493      0.806      1.168     4.4074 0.0000e+00
      0.828      0.027    10.4968     80.769     51.338  30.194395    45.2700     1.3024     0.9798     0.6345 3.4070e+01    36.6106      0.812      1.178     4.4075 0.0000e+00
      0.835      0.026    10.4938     80.726     51.355  30.204097    45.2700     1.3291     0.9798     0.6345 3.2234e+01    36.6408      0.819      1.188     4.4073 0.0000e+00
      0.842      0.026    10.4879     80.709     51.407  30.234395    45.2700     1.3024     0.9798     0.6345 3.2643e+01    36.6257      0.826      1.198     4.4071 0.0000e+00
      0.849      0.025    10.4806     80.715     51.399  30.229635    45.1800     1.3062     0.9798     0.5922 3.2579e+01    36.5804      0.832      1.207     4.4068 0.0000e+00
      0.855      0.024    10.4733     80.736     51.350  30.200500    45.1800     1.3901     0.9798     0.5922 3.0516e+01    36.7617      0.838      1.216     4.4065 0.0000e+00
      0.861      0.023    10.4678     80.770     51.320  30.183035    45.1800     1.3787     0.9798     0.5922 3.2143e+01    36.8070      0.844      1.225     4.4062 0.0000e+00
      0.866      0.022    10.4657     80.813     51.313  30.178559    45.1800     1.3825     0.9798     0.5922 2.9925e+01    36.7617      0.850      1.233     4.4059 0.0000e+00
      0.872      0.021    10.4665     80.861     51.304  30.173929    45.1800     1.3710     0.9798     0.5499 3.0311e+01    36.8372      0.855      1.240     4.4057 0.0000e+00
      0.877      0.020    10.4693     80.907     51.307  30.175876    45.1800     1.2719     0.9798     0.5499 2.7764e+01    36.8070      0.860      1.248     4.4055 0.0000e+00
      0.883      0.019    10.4737     80.941     51.345  30.198861    45.1800     1.2566     0.9798     0.5499 3.0404e+01    36.7617      0.865      1.256     4.4054 0.0000e+00
      0.887      0.019    10.4793     80.958     51.368  30.213163    45.1800     1.2451     0.9798     0.5499 2.6809e+01    36.7768      0.870      1.262     4.4054 0.0000e+00
      0.892      0.018    10.4855     80.954     51.329  30.190729    45.1800     1.2680     0.9372     0.5499 3.1678e+01    36.8523      0.875      1.269     4.4056 0.0000e+00
      0.896      0.018    10.4913     80.932     51.286  30.165411    45.1800     1.3138     0.9372     0.5499 2.7860e+01    36.7012      0.879      1.275     4.4061 0.0000e+00
      0.901      0.017    10.4955     80.897     51.304  30.176264    45.1800     1.2833     0.9372     0.5499 3.0503e+01    36.7012      0.883      1.282     4.4068 0.0000e+00
      0.905      0.016    10.4974     80.853     51.351  30.204276    45.1800     1.3367     0.9372     0.5499 2.6341e+01    36.5048      0.888      1.288     4.4075 0.0000e+00
      0.910      0.016    10.4968     80.806     51.376  30.219075    45.1800     1.3291     0.9798     0.5922 2.7084e+01    36.6106      0.892      1.295     4.4080 0.0000e+00
      0.914      0.016    10.4939     80.767     51.395  30.230581    45.1800     1.4359     0.9798     0.5922 2.7897e+01    36.5955      0.896      1.300     4.4082 0.0000e+00
      0.917      0.016    10.4893     80.747     51.428  30.249830    45.1800     1.4626     0.9798     0.5922 2.5491e+01    36.6408      0.900      1.305     4.4084 0.0000e+00
      0.921      0.017    10.4837     80.753     51.462  30.270005    45.1800     1.4550     0.9798     0.5922 2.7740e+01    36.5955      0.903      1.310     4.4084 0.0000e+00
      0.925      0.018    10.4776     80.780     51.490  30.286528    45.1800     1.4283     0.9798     0.5922 2.6652e+01    36.6861      0.907      1.315     4.4085 0.0000e+00
      0.929      0.020    10.4724     80.812     51.493  30.287871    45.2700     1.3634     0.9372     0.5922 2.5463e+01    36.7163      0.911      1.322     4.4086 0.0000e+00
      0.935      0.022    10.4698     80.837     51.457  30.266426    45.2700     1.4092     0.9372     0.5922 2.6618e+01    36.8523      0.917      1.330     4.4089 0.0000e+00
      0.942      0.023    10.4706     80.852     51.409  30.238382    45.2700     1.3481     0.9372     0.5922 2.2916e+01    36.8976      0.923      1.339     4.4090 0.0000e+00
      0.948      0.025    10.4740     80.856     51.362  30.210204    45.2700     1.3939     0.9372     0.5922 2.5134e+01    36.7314      0.930      1.349     4.4090 0.0000e+00
      0.955      0.025    10.4783     80.846     51.301  30.174375    45.2700     1.3596     0.9372     0.4653 2.2404e+01    36.8221      0.936      1.358     4.4088 0.0000e+00
      0.961      0.025    10.4816     80.823     51.247  30.143251    45.2700     1.3787     0.9372     0.4653 2.3415e+01    36.7617      0.942      1.367     4.4085 0.0000e+00
      0.968      0.025    10.4836     80.790     51.202  30.116498    45.2700     1.3939     0.9372     0.4653 2.1889e+01    36.8221      0.949      1.376     4.4082 0.0000e+00
      0.974      0.024    10.4841     80.754     51.142  30.081007    45.2700     1.4016     0.9372     0.4653 2.1475e+01    36.7012      0.955      1.385     4.4080 0.0000e+00
      0.980      0.024    10.4829     80.726     51.109  30.061172    45.1800     1.4664     0.9798     0.5076 2.0986e+01    36.8674      0.961      1.394     4.4081 0.0000e+00
      0.986      0.023    10.4799     80.708     51.138  30.077595    45.1800     1.4511     0.9798     0.5076 2.0566e+01    36.7919      0.967      1.403     4.4082 0.0000e+00
      0.992      0.022    10.4755     80.696     51.177  30.100798    45.1800     1.4283     0.9798     0.5076 2.0512e+01    36.8372      0.973      1.411     4.4082 0.0000e+00
      0.997      0.022    10.4709     80.693     51.195  30.111077    45.1800     1.4244     0.9798     0.5076 2.0141e+01    36.8523      0.978      1.418     4.4079 0.0000e+00
      1.003      0.021    10.4673     80.703     51.201  30.115155    45.1800     1.3596     0.9372     0.5076 1.9811e+01    36.6106      0.983      1.426     4.4076 0.0000e+00
      1.008      0.022    10.4651     80.727     51.206  30.118105    45.1800     1.3748     0.9372     0.5076 1.9453e+01    36.6710      0.988      1.434     4.4073 0.0000e+00
      1.013      0.022    10.4636     80.753     51.220  30.126686    45.1800     1.3710     0.9372     0.5076 1.9440e+01    36.4897      0.994      1.441     4.4073 0.0000e+00
      1.019      0.023    10.4631     80.778     51.221  30.127255    45.1800     1.3596     0.9372     0.5076 1.8752e+01    36.5804      0.999      1.449     4.4073 0.0000e+00
      1.025      0.024    10.4644     80.803     51.218  30.125938    45.1800     1.3863     0.9372     0.5076 1.9143e+01    36.7768      1.005      1.458     4.4075 0.0000e+00
      1.031      0.024    10.4674     80.824     51.253  30.146284    45.2700     1.3787     0.9798     0.5076 1.8186e+01    36.7617      1.011      1.467     4.4077 0.0000e+00
      1.038      0.025    10.4707     80.837     51.283  30.163843    45.2700     1.3634     0.9798     0.5076 1.7649e+01    36.7163      1.018      1.476     4.4080 0.0000e+00
      1.044      0.025    10.4739     80.841     51.268  30.155414    45.2700     1.3672     0.9798     0.5076 1.7348e+01    36.8221      1.024      1.486     4.4082 0.0000e+00
      1.051      0.026    10.4771     80.836     51.247  30.142650    45.2700     1.3977     0.9798     0.5076 1.7629e+01    36.5048      1.031      1.495     4.4082 0.0000e+00
      1.057      0.026    10.4799     80.827     51.256  30.148039    45.2700     1.3863     0.9798     0.5076 1.7086e+01    36.5955      1.037      1.504     4.4082 0.0000e+00
      1.064      0.027    10.4816     80.822     51.268  30.155093    45.2700     1.3977     0.9798     0.5076 1.7660e+01    36.5955      1.043      1.513     4.4083 0.0000e+00
      1.070      0.028    10.4820     80.820     51.257  30.147768    45.2700     1.3825     0.9798     0.5076 1.6477e+01    36.6710      1.050      1.523     4.4084 0.0000e+00
      1.078      0.029    10.4814     80.822     51.241  30.138052    45.2700     1.3977     0.9798     0.5076 1.6821e+01    36.8976      1.057      1.534     4.4084 0.0000e+00
      1.086      0.030    10.4803     80.825     51.234  30.133313    45.3600     1.3634     0.9798     0.6345 1.5661e+01    36.7617      1.065      1.545     4.4082 0.0000e+00
      1.094      0.031    10.4798     80.826     51.247  30.140253    45.3600     1.3520     0.9798     0.6345 1.5838e+01    36.8070      1.072      1.556     4.4079 0.0000e+00
      1.101      0.032    10.4796     80.824     51.279  30.158732    45.3600     1.3672     0.9798     0.6345 1.5011e+01    36.8070      1.080      1.567     4.4076 0.0000e+00
      1.109      0.032    10.4799     80.822     51.279  30.157826    45.3600     1.4244     0.9798     0.6345 1.4878e+01    36.7012      1.088      1.579     4.4071 0.0000e+00
      1.118      0.033    10.4805     80.819     51.240  30.133311    45.3600     1.4359     0.9798     0.6345 1.4656e+01    36.7617      1.096      1.590     4.4066 0.0000e+00
      1.126      0.033    10.4807     80.817     51.210  30.114500    45.2700     1.4206     0.9798     0.5076 1.3690e+01    36.9278      1.105      1.602     4.4060 0.0000e+00
      1.135      0.033    10.4807     80.812     51.190  30.102352    45.2700     1.4244     0.9798     0.5076 1.3468e+01    36.8372      1.113      1.615     4.4053 0.0000e+00
      1.143      0.034    10.4806     80.804     51.159  30.083668    45.2700     1.4321     0.9798     0.5076 1.3022e+01    36.7919      1.122      1.627     4.4044 0.0000e+00
