Data/DataNotYetUploadedToEDI/Raw_CTD/RawDownloads/120220_fcr50.cnv
* Sea-Bird SBE19plus  Data File:
* FileName = C:\DATA\120220_bvr_0002.hex
* Software version 2.8.0.119
* Temperature SN = 7809
* Conductivity SN = 7809
* System UpLoad Time = Dec 02 2020 17:09:32
* <ApplicationData>
* <Seaterm232>
# nquan = 16
# nvalues = 124                         
# units = specified
# name 0 = depFM: Depth [fresh water, m]
# name 1 = dz/dtM: Descent Rate [m/s]
# name 2 = orp: Oxidation Reduction Potential [mV]
# name 3 = sbeox0Mg/L: Oxygen, SBE 43 [mg/l]
# name 4 = sbeox0PS: Oxygen, SBE 43 [% saturation]
# name 5 = par/sat/log: PAR/Logarithmic, Satlantic
# name 6 = ph: pH
# name 7 = specc: Specific Conductance [uS/cm]
# name 8 = c0uS/cm: Conductivity [uS/cm]
# name 9 = flECO-AFL: Fluorescence, WET Labs ECO-AFL/FL [mg/m^3]
# name 10 = turbWETntu0: Turbidity, WET Labs ECO [NTU]
# name 11 = tv290C: Temperature [ITS-90, deg C]
# name 12 = density00: Density [density, kg/m^3]
# name 13 = prdE: Pressure, Strain Gauge [psi]
# name 14 = prdM: Pressure, Strain Gauge [db]
# name 15 = flag:  0.000e+00
# span 0 =     -0.647,      0.051       
# span 1 =      0.000,      0.171       
# span 2 =   133.7852,  1194.4514       
# span 3 =   -37.0029,    11.9370       
# span 4 =   -235.510,    100.911       
# span 5 = 3.9145e+01, 1.2905e+03       
# span 6 =     -0.817,     16.231       
# span 7 =      3.196,     43.926       
# span 8 =   1.954119,  28.473389       
# span 9 =    -1.2415,    67.4073       
# span 10 =    -6.3562,   243.1066      
# span 11 =     5.5142,     8.3326      
# span 12 =   999.8448,   999.9566      
# span 13 =     -0.921,      0.073      
# span 14 =     -0.635,      0.051      
# span 15 = 0.0000e+00, 0.0000e+00      
# interval = seconds: 0.25
# start_time = Dec 02 2020 00:41:54 [Instrument's time stamp, header]
# bad_flag = -9.990e-29
*END*
[from data line 91]
      0.031      0.002   243.0720     9.2438     77.972 4.7599e+02     15.747     39.566  26.334919     1.5495     3.6042     8.2710   999.8495      0.045      0.031 0.0000e+00
      0.032      0.002   243.0379     9.2272     77.857 4.8837e+02     15.749     39.526  26.309548     1.5950     3.5340     8.2713   999.8495      0.046      0.032 0.0000e+00
      0.033      0.002   243.0612     9.2163     77.758 5.7630e+02     15.750     39.501  26.294460     1.6152     3.4550     8.2737   999.8493      0.047      0.033 0.0000e+00
      0.033      0.002   242.9240     9.1863     77.666 6.5360e+02     15.750     39.477  26.279352     1.6037     3.4034     8.2764   999.8492      0.046      0.032 0.0000e+00
      0.034      0.002   242.7549     9.1686     77.546 1.0062e+03     15.750     39.438  26.253741     1.5890     3.4247     8.2778   999.8491      0.047      0.033 0.0000e+00
      0.034      0.002   242.7378     9.1583     77.441 1.2494e+03     15.749     39.415  26.238519     1.5711     3.4723     8.2793   999.8489      0.049      0.034 0.0000e+00
      0.035      0.002   242.9748     9.1416     77.332 8.9568e+02     15.749     39.390  26.222162     1.5596     3.4986     8.2811   999.8488      0.051      0.035 0.0000e+00
      0.036      0.002   243.3840     9.1393     77.191 6.5053e+02     15.749     39.330  26.182824     1.5542     3.4680     8.2827   999.8487      0.052      0.036 0.0000e+00
      0.036      0.002   243.6414     9.1157     77.049 6.5545e+02     15.749     39.271  26.143478     1.5631     3.4113     8.2835   999.8487      0.051      0.035 0.0000e+00
      0.037      0.002   243.5918     9.1079     76.942 7.0071e+02     15.750     39.248  26.127009     1.5999     3.4309     8.2834   999.8487      0.052      0.036 0.0000e+00
      0.037      0.002   243.6443     9.0974     76.915 8.5650e+02     15.751     39.227  26.110554     1.6278     3.4654     8.2838   999.8486      0.053      0.037 0.0000e+00
      0.038      0.002   244.0189     9.0756     76.860 8.6722e+02     15.751     39.172  26.071384     1.6237     3.4504     8.2842   999.8486      0.054      0.037 0.0000e+00
      0.038      0.002   244.2492     9.0626     76.708 6.9772e+02     15.750     39.120  26.033983     1.6068     3.4211     8.2838   999.8486      0.054      0.038 0.0000e+00
      0.038      0.002   244.4499     9.0415     76.509 6.8669e+02     15.750     39.133  26.038911     1.5859     3.4198     8.2825   999.8487      0.054      0.037 0.0000e+00
      0.038      0.002   244.8965     9.0471     76.247 7.9151e+02     15.751     39.183  26.067532     1.5624     3.4688     8.2802   999.8488      0.054      0.038 0.0000e+00
      0.039      0.002   245.2610     9.0499     75.950 8.2807e+02     15.751     39.185  26.062889     1.5518     3.4988     8.2769   999.8490      0.056      0.039 0.0000e+00
      0.040      0.003   245.5012     9.0176     75.641 8.9106e+02     15.751     39.170  26.046199     1.5525     3.4733     8.2726   999.8493      0.056      0.039 0.0000e+00
      0.041      0.003   245.7360     9.0127     75.376 9.6750e+02     15.750     39.195  26.056021     1.5425     3.4699     8.2673   999.8496      0.057      0.040 0.0000e+00
      0.042      0.003   246.0346     8.9625     75.186 9.8898e+02     15.750     39.205  26.054775     1.5169     3.4923     8.2619   999.8500      0.060      0.041 0.0000e+00
      0.043      0.003   246.2723     8.9528     74.937 8.8305e+02     15.751     39.180  26.031115     1.4906     3.4690     8.2551   999.8505      0.061      0.042 0.0000e+00
      0.043      0.003   246.2877     8.8815     74.583 8.3744e+02     15.752     39.179  26.023661     1.4728     3.4290     8.2464   999.8510      0.061      0.042 0.0000e+00
      0.044      0.003   246.3926     8.9016     74.185 8.6328e+02     15.752     39.195  26.028076     1.4351     3.4887     8.2370   999.8516      0.063      0.043 0.0000e+00
      0.044      0.003   246.7662     8.8019     73.800 1.0362e+03     15.752     39.193  26.021062     1.3779     3.6424     8.2271   999.8522      0.063      0.044 0.0000e+00
      0.045      0.003   247.2768     8.9270     73.412 1.1656e+03     15.749     39.173  26.002287     1.3636     3.7765     8.2180   999.8528      0.064      0.044 0.0000e+00
      0.046      0.004   249.4695     8.6325     72.516 8.8265e+02     15.713     39.165  25.991351     1.5001     4.2853     8.2090   999.8534      0.065      0.045 0.0000e+00
      0.048      0.004   271.9878     8.9960     65.702 6.7862e+02     15.313     39.210  26.015689     3.0571     9.8976     8.2013   999.8539      0.067      0.047 0.0000e+00
      0.049      0.004   516.6177     8.2799     -6.114 7.6072e+02     10.904     39.060  25.915975    20.3321    72.4583     8.1933   999.8544      0.069      0.048 0.0000e+00
      0.049      0.003   949.9423     9.3387   -153.658 8.3179e+02      3.022     38.580  25.610285    51.7908   186.4852     8.1879   999.8547      0.070      0.048 0.0000e+00
      0.050      0.003  1159.2414     7.5184   -235.510 8.8423e+02     -0.817     38.287  25.427623    67.4073   243.1066     8.1786   999.8553      0.071      0.049 0.0000e+00
      0.051 -9.990e-29 -9.990e-29    10.4007 -9.990e-29 9.4396e+02 -9.990e-29 -9.990e-29 -9.990e-29 -9.990e-29 -9.990e-29     8.1748   999.8555      0.072      0.050 0.0000e+00
      0.051 -9.990e-29 -9.990e-29     5.6008 -9.990e-29 6.7539e+02 -9.990e-29 -9.990e-29 -9.990e-29 -9.990e-29 -9.990e-29     8.1618   999.8564      0.073      0.051 0.0000e+00
      0.051 -9.990e-29 -9.990e-29   -21.8553 -9.990e-29 2.1668e+02 -9.990e-29 -9.990e-29 -9.990e-29 -9.990e-29 -9.990e-29     8.1856   999.8546      0.073      0.050 0.0000e+00
      0.051 -9.990e-29 -9.990e-29   -37.0029 -9.990e-29 3.9145e+01 -9.990e-29 -9.990e-29 -9.990e-29 -9.990e-29 -9.990e-29     8.2277   999.8518      0.073      0.050 0.0000e+00
