Data/DataNotYetUploadedToEDI/Raw_CTD/RawDownloads/120225_ccr50_S8188002.cnv
* Sea-Bird SBE19plus  Data File:
* FileName = C:\R\Reservoirs\Data\DataNotYetUploadedToEDI\Raw_CTD\RawDownloads\120125_bvr50_S8188_0002.hex
* Software version 2.8.0.119
* Temperature SN = 8188
* Conductivity SN = 8188
* System UpLoad Time = Dec 10 2025 15:14:55
* <ApplicationData>
* <Seaterm232>
# nquan = 16
# nvalues = 1807                        
# units = specified
# name 0 = depFM: Depth [fresh water, m]
# name 1 = dz/dtM: Descent Rate [m/s]
# name 2 = sbeox0Mg/L: Oxygen, SBE 43 [mg/l]
# name 3 = sbeox0PS: Oxygen, SBE 43 [% saturation]
# name 4 = specc: Specific Conductance [uS/cm]
# name 5 = c0uS/cm: Conductivity [uS/cm]
# name 6 = wetCDOM: Fluorescence, WET Labs CDOM [mg/m^3]
# name 7 = flECO-AFL: Fluorescence, WET Labs ECO-AFL/FL [mg/m^3]
# name 8 = flECO-AFL1: Fluorescence, WET Labs ECO-AFL/FL, 2 [mg/m^3]
# name 9 = flECO-AFL2: Fluorescence, WET Labs ECO-AFL/FL, 3 [mg/m^3]
# name 10 = par/sat/log: PAR/Logarithmic, Satlantic
# name 11 = turbWETntu0: Turbidity, WET Labs ECO [NTU]
# name 12 = prdM: Pressure, Strain Gauge [db]
# name 13 = prdE: Pressure, Strain Gauge [psi]
# name 14 = tv290C: Temperature [ITS-90, deg C]
# name 15 = flag:  0.000e+00
# span 0 =     -0.570,     15.532       
# span 1 =     -0.447,      0.405       
# span 2 =     6.0419,    11.6915       
# span 3 =     53.048,    101.960       
# span 4 =   -730.952,    112.736       
# span 5 =-504.472030,  78.261689       
# span 6 =    -4.5000,   143.1000       
# span 7 =    -0.2922,     3.2593       
# span 8 =    -2.1300,     0.1704       
# span 9 =    -2.0304,    13.3668       
# span 10 = 1.1590e-01, 1.7092e+02      
# span 11 =    -1.1404,    71.2798      
# span 12 =     -0.559,     15.232      
# span 13 =     -0.810,     22.093      
# span 14 =     8.3035,     9.7106      
# span 15 = 0.0000e+00, 0.0000e+00      
# interval = seconds: 0.25
# start_time = Dec 02 2025 11:55:49 [Instrument's time stamp, header]
# bad_flag = -9.990e-29
*END*
[from data line 181]
      0.377      0.050    11.4371    101.078    107.683  74.099459    14.7600     2.6719     0.1278     0.5076 7.8823e+01     2.6060      0.369      0.536     9.4277 0.0000e+00
      0.389      0.044    11.4675    101.329    107.678  74.071536    14.8500     2.6871     0.1278     0.6345 7.3560e+01     2.6211      0.382      0.554     9.4239 0.0000e+00
      0.400      0.039    11.5005    101.550    107.671  74.038932    14.8500     2.6795     0.1278     0.6345 7.6196e+01     2.6211      0.392      0.569     9.4192 0.0000e+00
      0.409      0.033    11.5346    101.733    107.651  73.996943    14.8500     2.3362     0.1278     0.6345 7.4785e+01     2.3945      0.401      0.582     9.4129 0.0000e+00
      0.417      0.027    11.5684    101.865    107.636  73.958321    14.8500     2.3171     0.1278     0.6345 7.4671e+01     2.3643      0.409      0.593     9.4040 0.0000e+00
      0.423      0.022    11.6003    101.938    107.642  73.934723    14.8500     2.3095     0.1278     0.6345 7.5274e+01     2.3643      0.414      0.601     9.3926 0.0000e+00
      0.427      0.018    11.6292    101.960    107.665  73.923845    14.7600     2.3095     0.1278     0.5499 7.4606e+01     2.3341      0.419      0.608     9.3798 0.0000e+00
      0.431      0.015    11.6538    101.941    107.688  73.914802    14.7600     2.3858     0.1278     0.5499 7.5470e+01     2.2283      0.423      0.613     9.3666 0.0000e+00
      0.434      0.012    11.6725    101.889    107.712  73.909174    14.7600     2.3591     0.1278     0.5499 7.4299e+01     2.3341      0.425      0.617     9.3535 0.0000e+00
      0.436      0.010    11.6845    101.808    107.748  73.913443    14.7600     2.3743     0.1278     0.5499 7.4655e+01     2.3643      0.428      0.621     9.3405 0.0000e+00
      0.438      0.009    11.6905    101.712    107.803  73.932739    14.7600     2.3591     0.1278     0.5076 7.4331e+01     2.3341      0.430      0.624     9.3282 0.0000e+00
      0.440      0.008    11.6915    101.615    107.853  73.950252    14.7600     2.2370     0.1278     0.5076 7.6162e+01     2.1679      0.432      0.626     9.3168 0.0000e+00
      0.442      0.007    11.6883    101.531    107.846  73.928738    14.7600     2.2446     0.1278     0.5076 7.3130e+01     2.2132      0.433      0.629     9.3064 0.0000e+00
      0.444      0.007    11.6817    101.461    107.807  73.884414    14.7600     2.2484     0.1278     0.5076 7.6777e+01     2.1679      0.435      0.631     9.2970 0.0000e+00
      0.446      0.007    11.6730    101.403    107.801  73.863340    14.7600     2.2484     0.1704     0.5922 7.4964e+01     2.1830      0.437      0.634     9.2885 0.0000e+00
      0.448      0.007    11.6641    101.360    107.833  73.867881    14.7600     2.2408     0.1704     0.5922 7.4363e+01     2.2888      0.439      0.637     9.2805 0.0000e+00
      0.449      0.006    11.6566    101.333    107.862  73.871304    14.7600     2.2446     0.1704     0.5922 7.5356e+01     2.3341      0.441      0.640     9.2727 0.0000e+00
      0.451      0.006    11.6508    101.315    107.867  73.858555    14.7600     2.2446     0.1704     0.5922 7.3193e+01     2.4701      0.442      0.642     9.2648 0.0000e+00
      0.452      0.005    11.6463    101.300    107.855  73.834217    14.6700     2.2484     0.1278     0.6768 7.4931e+01     2.2888      0.444      0.644     9.2568 0.0000e+00
      0.454      0.004    11.6436    101.289    107.838  73.807766    14.6700     2.5002     0.1278     0.6768 7.3752e+01     2.3341      0.445      0.645     9.2489 0.0000e+00
      0.455      0.003    11.6426    101.281    107.829  73.788116    14.6700     2.4735     0.1278     0.6768 7.3784e+01     2.4701      0.446      0.647     9.2412 0.0000e+00
      0.455      0.003    11.6427    101.272    107.832  73.778009    14.6700     2.4926     0.1278     0.6768 7.4899e+01     2.3039      0.447      0.648     9.2336 0.0000e+00
      0.456      0.002    11.6430    101.263    107.837  73.770759    14.6700     2.4697     0.1278     0.6768 7.3848e+01     2.3190      0.447      0.649     9.2262 0.0000e+00
      0.457      0.002    11.6436    101.258    107.836  73.760440    14.7600     2.2599     0.1704     0.5076 7.5569e+01     2.3945      0.448      0.649     9.2194 0.0000e+00
      0.457      0.001    11.6445    101.251    107.826  73.744299    14.7600     2.2484     0.1704     0.5076 7.3576e+01     2.4247      0.448      0.650     9.2132 0.0000e+00
      0.457      0.001    11.6450    101.236    107.805  73.722025    14.7600     2.2484     0.1704     0.5076 7.4202e+01     2.3492      0.448      0.650     9.2076 0.0000e+00
      0.458      0.001    11.6454    101.217    107.783  73.699652    14.7600     2.2446     0.1704     0.5076 7.4267e+01     2.4852      0.449      0.650     9.2026 0.0000e+00
      0.458      0.001    11.6461    101.203    107.763  73.679198    14.7600     2.2141     0.1278     0.5076 7.2765e+01     2.3945      0.449      0.651     9.1981 0.0000e+00
      0.458      0.001    11.6464    101.194    107.737  73.655208    14.7600     2.1836     0.1278     0.5076 7.5062e+01     2.3643      0.449      0.651     9.1940 0.0000e+00
      0.458      0.001    11.6458    101.190    107.711  73.631263    14.7600     2.1759     0.1278     0.5076 7.3640e+01     2.3945      0.449      0.651     9.1902 0.0000e+00
      0.458      0.001    11.6446    101.187    107.695  73.614951    14.7600     2.1683     0.1278     0.5076 7.4947e+01     2.4247      0.449      0.651     9.1867 0.0000e+00
      0.458      0.000    11.6437    101.173    107.685  73.603916    14.6700     2.3095     0.1278     0.5922 7.3544e+01     2.4398      0.449      0.651     9.1836 0.0000e+00
      0.458      0.000    11.6435    101.156    107.679  73.595216    14.6700     2.2789     0.1278     0.5922 7.4752e+01     2.3794      0.449      0.652     9.1807 0.0000e+00
      0.459      0.000    11.6438    101.156    107.676  73.588526    14.6700     2.3209     0.1278     0.5922 7.4752e+01     2.4096      0.450      0.652     9.1780 0.0000e+00
      0.459 1.1402e-09    11.6441    101.172    107.669  73.580067    14.6700     2.2980     0.1278     0.5922 7.3688e+01     2.3643      0.450      0.652     9.1756 0.0000e+00
      0.459 1.4660e-09    11.6431    101.185    107.657  73.567583    14.6700     2.4582     0.1278     0.5922 7.4574e+01     2.1075      0.450      0.652     9.1734 0.0000e+00
      0.459 1.8849e-09    11.6418    101.191    107.651  73.559719    14.7600     2.4544     0.1278     0.5076 7.3384e+01     2.1981      0.450      0.652     9.1714 0.0000e+00
      0.459 2.4234e-09    11.6424    101.194    107.664  73.564358    14.7600     2.4277     0.1278     0.5076 7.4931e+01     2.1528      0.450      0.652     9.1694 0.0000e+00
      0.459 3.1158e-09    11.6447    101.199    107.685  73.574753    14.7600     2.4315     0.1278     0.5076 7.4347e+01     2.1679      0.450      0.652     9.1674 0.0000e+00
      0.459 4.0060e-09    11.6468    101.215    107.706  73.585693    14.7600     2.2980     0.1278     0.5076 7.5143e+01     2.1377      0.450      0.652     9.1655 0.0000e+00
      0.459 5.1506e-09    11.6479    101.214    107.724  73.594108    14.8500     2.3095     0.1704     0.5076 7.5241e+01     2.2435      0.450      0.653     9.1637 0.0000e+00
      0.459 6.6222e-09    11.6488    101.181    107.731  73.594257    14.8500     2.2789     0.1704     0.5076 7.5783e+01     2.2132      0.450      0.653     9.1618 0.0000e+00
      0.459 8.5143e-09    11.6499    101.157    107.731  73.590173    14.8500     2.3133     0.1704     0.5076 7.4267e+01     2.1830      0.450      0.653     9.1599 0.0000e+00
      0.459 1.0947e-08    11.6523    101.174    107.734  73.588748    14.8500     2.1798     0.1704     0.5076 7.6561e+01     2.4096      0.450      0.653     9.1581 0.0000e+00
      0.459 1.4075e-08    11.6527    101.216    107.736  73.585613    14.8500     2.1912     0.1278     0.5499 7.4817e+01     2.5003      0.450      0.653     9.1563 0.0000e+00
      0.459 1.8096e-08    11.6494    101.258    107.725  73.573942    14.8500     2.1798     0.1278     0.5499 7.6661e+01     2.3039      0.450      0.653     9.1544 0.0000e+00
      0.459 2.3266e-08    11.6472    101.289    107.711  73.560603    14.8500     2.1721     0.1278     0.5499 7.6312e+01     2.4096      0.450      0.653     9.1525 0.0000e+00
      0.459 2.9914e-08    11.6496    101.301    107.704  73.552018    14.8500     2.3743     0.1278     0.5499 7.5766e+01     2.3794      0.450      0.653     9.1506 0.0000e+00
      0.459 3.8461e-08    11.6549    101.297    107.701  73.545897    14.7600     2.3819     0.1278     0.4653 7.6511e+01     2.3492      0.450      0.653     9.1487 0.0000e+00
      0.459 4.9449e-08    11.6603    101.284    107.699  73.540609    14.7600     2.3591     0.1278     0.4653 7.6411e+01     2.4247      0.450      0.653     9.1468 0.0000e+00
      0.459 6.3578e-08    11.6645    101.248    107.696  73.534743    14.7600     2.3476     0.1278     0.4653 7.6594e+01     2.3643      0.450      0.653     9.1450 0.0000e+00
      0.459 8.1743e-08    11.6663    101.184    107.689  73.526734    14.7600     2.2828     0.1278     0.4653 7.6661e+01     2.2737      0.450      0.653     9.1431 0.0000e+00
      0.459 1.0510e-07    11.6664    101.105    107.676  73.514447    14.7600     2.2370     0.1278     0.4653 7.5700e+01     2.1075      0.450      0.653     9.1413 0.0000e+00
      0.459 1.3513e-07    11.6654    101.018    107.663  73.502588    14.7600     2.2637     0.1278     0.4653 7.6196e+01     2.1679      0.450      0.653     9.1396 0.0000e+00
      0.459 1.7373e-07    11.6617    100.930    107.658  73.495979    14.7600     2.2599     0.1278     0.4653 7.6644e+01     2.2283      0.450      0.653     9.1379 0.0000e+00
      0.459 2.2337e-07    11.6548    100.862    107.657  73.492856    14.7600     2.2484     0.1278     0.4653 7.5931e+01     2.2283      0.450      0.652     9.1362 0.0000e+00
      0.459 2.8719e-07    11.6461    100.827    107.660  73.492388    14.7600     2.2675     0.1278     0.4653 7.5389e+01     2.2435      0.450      0.652     9.1347 0.0000e+00
      0.459 3.6925e-07    11.6365    100.839    107.661  73.490458    14.8500     2.2522     0.0852     0.6345 7.6345e+01     2.1981      0.450      0.652     9.1332 0.0000e+00
      0.459 3.3932e-07    11.6267    100.914    107.658  73.486550    14.8500     2.2408     0.0852     0.6345 7.7212e+01     2.3643      0.450      0.652     9.1319 0.0000e+00
      0.459 1.9551e-07    11.6192    101.030    107.663  73.487607    14.8500     2.4468     0.0852     0.6345 7.6677e+01     2.2132      0.450      0.652     9.1307 0.0000e+00
      0.459 6.4107e-08    11.6155    101.136    107.676  73.493909    14.8500     2.4354     0.0852     0.6345 7.6777e+01     2.1981      0.450      0.652     9.1295 0.0000e+00
      0.459 4.9700e-10    11.6172    101.190    107.681  73.495162    14.8500     2.4354     0.1278     0.5499 7.6744e+01     2.2888      0.450      0.653     9.1283 0.0000e+00
      0.459 6.3900e-10    11.6262    101.188    107.667  73.483718    14.8500     2.4163     0.1278     0.5499 7.6811e+01     2.1377      0.450      0.653     9.1273 0.0000e+00
      0.459 8.2158e-10    11.6398    101.166    107.648  73.468498    14.8500     2.3819     0.1278     0.5499 7.6844e+01     2.9384      0.450      0.653     9.1262 0.0000e+00
      0.459 1.0563e-09    11.6523    101.146    107.635  73.457420    14.8500     2.3743     0.1278     0.5499 7.7397e+01     2.9081      0.451      0.653     9.1252 0.0000e+00
      0.459 1.3581e-09    11.6588    101.110    107.624  73.447530    14.8500     2.3705     0.1278     0.4653 7.6328e+01     2.8779      0.451      0.653     9.1242 0.0000e+00
      0.459 1.7462e-09    11.6589    101.072    107.622  73.444173    14.8500     2.3858     0.1278     0.4653 7.8549e+01     2.8628      0.451      0.653     9.1232 0.0000e+00
      0.459 2.2451e-09    11.6567    101.069    107.635  73.450446    14.8500     2.3514     0.1278     0.4653 7.6312e+01     1.9715      0.451      0.653     9.1222 0.0000e+00
      0.459 2.8865e-09    11.6545    101.088    107.652  73.460038    14.8500     2.3781     0.1278     0.4653 7.8005e+01     1.9715      0.451      0.653     9.1212 0.0000e+00
      0.459 3.7112e-09    11.6507    101.119    107.667  73.467523    14.8500     2.3858     0.1278     0.4653 7.6544e+01     1.9413      0.451      0.653     9.1202 0.0000e+00
      0.459 4.7716e-09    11.6466    101.160    107.675  73.470906    14.7600     2.3667     0.0852     0.4653 7.6196e+01     1.8960      0.451      0.653     9.1191 0.0000e+00
      0.459 6.1349e-09    11.6465    101.174    107.685  73.475080    14.7600     2.4544     0.0852     0.4653 7.7683e+01     2.4398      0.451      0.654     9.1181 0.0000e+00
      0.459 7.8877e-09    11.6490    101.154    107.698  73.481160    14.7600     2.5002     0.0852     0.4653 7.6312e+01     2.3945      0.451      0.654     9.1170 0.0000e+00
      0.459 1.0141e-08    11.6529    101.129    107.710  73.486773    14.7600     2.4926     0.0852     0.4653 7.7785e+01     2.3945      0.451      0.654     9.1158 0.0000e+00
      0.459 1.3039e-08    11.6581    101.101    107.718  73.489425    14.8500     2.4811     0.1278     0.5499 7.7565e+01     2.4398      0.451      0.654     9.1147 0.0000e+00
      0.459 1.6764e-08    11.6600    101.072    107.710  73.481840    14.8500     2.4239     0.1278     0.5499 7.6014e+01     2.4398      0.451      0.654     9.1135 0.0000e+00
      0.459 2.1554e-08    11.6580    101.056    107.697  73.469978    14.8500     2.4468     0.1278     0.5499 7.8600e+01     2.3643      0.451      0.654     9.1123 0.0000e+00
      0.459 2.7712e-08    11.6555    101.033    107.689  73.462652    14.8500     2.4392     0.1278     0.5499 7.5569e+01     2.3945      0.451      0.654     9.1111 0.0000e+00
      0.459 3.5630e-08    11.6526    101.015    107.674  73.449923    14.8500     2.4735     0.1278     0.4653 7.8977e+01     2.4701      0.451      0.654     9.1099 0.0000e+00
      0.459 4.5810e-08    11.6496    101.024    107.646  73.428399    14.8500     2.2561     0.1278     0.4653 7.6162e+01     2.5305      0.451      0.654     9.1087 0.0000e+00
      0.459 5.8899e-08    11.6480    101.045    107.620  73.408305    14.8500     2.2484     0.1278     0.4653 7.7128e+01     2.6362      0.451      0.654     9.1075 0.0000e+00
      0.459 7.5727e-08    11.6457    101.069    107.600  73.392268    14.8500     2.2599     0.1278     0.4653 7.7498e+01     2.7571      0.451      0.654     9.1063 0.0000e+00
      0.460 9.7363e-08    11.6439    101.095    107.585  73.380002    14.8500     2.2522     0.1278     0.4653 7.7785e+01     2.5456      0.451      0.654     9.1052 0.0000e+00
      0.460 1.2518e-07    11.6453    101.115    107.582  73.376219    14.7600     2.3056     0.1278     0.5499 7.8583e+01     2.2737      0.451      0.654     9.1041 0.0000e+00
      0.460 1.6095e-07    11.6480    101.130    107.590  73.379910    14.7600     2.3285     0.1278     0.5499 7.6096e+01     2.3643      0.451      0.654     9.1031 0.0000e+00
      0.460 2.0693e-07    11.6510    101.143    107.599  73.384077    14.7600     2.2942     0.1278     0.5499 7.8737e+01     2.3643      0.451      0.654     9.1021 0.0000e+00
      0.460 2.6605e-07    11.6543    101.146    107.604  73.385839    14.7600     2.2866     0.1278     0.5499 7.6229e+01     2.3945      0.451      0.654     9.1011 0.0000e+00
      0.460 3.4207e-07    11.6569    101.147    107.612  73.389657    14.8500     2.1607     0.1278     0.4653 7.7431e+01     2.5909      0.451      0.654     9.1002 0.0000e+00
      0.460 4.3980e-07    11.6589    101.142    107.631  73.400540    14.8500     2.1874     0.1278     0.4653 7.8192e+01     2.6362      0.451      0.654     9.0993 0.0000e+00
      0.460 4.3980e-07    11.6607    101.140    107.658  73.417400    14.8500     2.1798     0.1278     0.4653 7.7212e+01     2.6664      0.451      0.654     9.0984 0.0000e+00
