Data/DataNotYetUploadedToEDI/Raw_CTD/RawDownloads/120225_ccr50_S8188002.cnv
* Sea-Bird SBE19plus  Data File:
* FileName = C:\R\Reservoirs\Data\DataNotYetUploadedToEDI\Raw_CTD\RawDownloads\120125_bvr50_S8188_0002.hex
* Software version 2.8.0.119
* Temperature SN = 8188
* Conductivity SN = 8188
* System UpLoad Time = Dec 10 2025 15:14:55
* <ApplicationData>
* <Seaterm232>
# nquan = 16
# nvalues = 1807                        
# units = specified
# name 0 = depFM: Depth [fresh water, m]
# name 1 = dz/dtM: Descent Rate [m/s]
# name 2 = sbeox0Mg/L: Oxygen, SBE 43 [mg/l]
# name 3 = sbeox0PS: Oxygen, SBE 43 [% saturation]
# name 4 = specc: Specific Conductance [uS/cm]
# name 5 = c0uS/cm: Conductivity [uS/cm]
# name 6 = wetCDOM: Fluorescence, WET Labs CDOM [mg/m^3]
# name 7 = flECO-AFL: Fluorescence, WET Labs ECO-AFL/FL [mg/m^3]
# name 8 = flECO-AFL1: Fluorescence, WET Labs ECO-AFL/FL, 2 [mg/m^3]
# name 9 = flECO-AFL2: Fluorescence, WET Labs ECO-AFL/FL, 3 [mg/m^3]
# name 10 = par/sat/log: PAR/Logarithmic, Satlantic
# name 11 = turbWETntu0: Turbidity, WET Labs ECO [NTU]
# name 12 = prdM: Pressure, Strain Gauge [db]
# name 13 = prdE: Pressure, Strain Gauge [psi]
# name 14 = tv290C: Temperature [ITS-90, deg C]
# name 15 = flag:  0.000e+00
# span 0 =     -0.570,     15.532       
# span 1 =     -0.447,      0.405       
# span 2 =     6.0419,    11.6915       
# span 3 =     53.048,    101.960       
# span 4 =   -730.952,    112.736       
# span 5 =-504.472030,  78.261689       
# span 6 =    -4.5000,   143.1000       
# span 7 =    -0.2922,     3.2593       
# span 8 =    -2.1300,     0.1704       
# span 9 =    -2.0304,    13.3668       
# span 10 = 1.1590e-01, 1.7092e+02      
# span 11 =    -1.1404,    71.2798      
# span 12 =     -0.559,     15.232      
# span 13 =     -0.810,     22.093      
# span 14 =     8.3035,     9.7106      
# span 15 = 0.0000e+00, 0.0000e+00      
# interval = seconds: 0.25
# start_time = Dec 02 2025 11:55:49 [Instrument's time stamp, header]
# bad_flag = -9.990e-29
*END*
[from data line 1085]
      3.616      0.093     8.6989     72.743    111.937  77.618917    15.0300     2.5155     0.1704     0.6768 6.0854e+00     2.2586      3.546      5.143     9.6650 0.0000e+00
      3.640      0.117     8.5848     72.115    111.950  77.632962    15.0300     2.5307     0.1704     0.6768 6.1505e+00     2.3643      3.569      5.177     9.6654 0.0000e+00
      3.670      0.144     8.4712     71.731    111.924  77.619950    15.0300     2.5383     0.1704     0.6768 6.0814e+00     2.2586      3.599      5.220     9.6660 0.0000e+00
      3.708      0.170     8.3652     71.664    111.908  77.610346    15.0300     2.5574     0.1278     0.5922 6.1412e+00     2.2435      3.637      5.274     9.6670 0.0000e+00
      3.757      0.192     8.2731     71.984    111.945  77.635526    15.0300     2.5116     0.1278     0.5922 5.6189e+00     2.8175      3.685      5.344     9.6686 0.0000e+00
      3.816      0.208     8.2013     72.727    111.975  77.656289    15.0300     2.4735     0.1278     0.5922 4.4542e+00     2.7722      3.742      5.428     9.6709 0.0000e+00
      3.879      0.217     8.1572     73.868    111.973  77.656214    15.0300     2.4659     0.1278     0.5922 3.9636e+00     2.8326      3.804      5.517     9.6730 0.0000e+00
      3.939      0.218     8.1494     75.327    111.981  77.663228    15.0300     2.4659     0.1278     0.5922 4.0472e+00     2.8477      3.862      5.602     9.6738 0.0000e+00
      3.994      0.213     8.1859     76.975    112.014  77.687188    15.2100     2.3552     0.1278     0.5922 3.9208e+00     2.3643      3.917      5.681     9.6735 0.0000e+00
      4.047      0.204     8.2704     78.635    112.045  77.710528    15.2100     2.3667     0.1278     0.5922 3.7143e+00     2.3341      3.968      5.755     9.6736 0.0000e+00
      4.097      0.192     8.3999     80.112    112.045  77.711523    15.2100     2.3514     0.1278     0.5922 3.5679e+00     2.3039      4.017      5.826     9.6743 0.0000e+00
      4.144      0.179     8.5658     81.216    112.043  77.710401    15.2100     2.3667     0.1278     0.5922 3.4311e+00     2.3492      4.064      5.895     9.6748 0.0000e+00
      4.190      0.166     8.7531     81.822    112.096  77.746789    15.1200     2.5651     0.1704     0.4653 3.2187e+00     2.6211      4.109      5.959     9.6753 0.0000e+00
      4.232      0.151     8.9417     81.909    112.174  77.800446    15.1200     2.5727     0.1704     0.4653 3.0366e+00     2.6211      4.150      6.020     9.6760 0.0000e+00
      4.269      0.134     9.1094     81.544    112.220  77.831781    15.1200     2.5574     0.1704     0.4653 2.9869e+00     2.5607      4.187      6.072     9.6766 0.0000e+00
      4.301      0.118     9.2350     80.859    112.245  77.847153    15.1200     2.5765     0.1704     0.4653 3.0215e+00     2.6966      4.218      6.117     9.6766 0.0000e+00
      4.328      0.101     9.3040     80.019    112.252  77.850662    15.0300     2.4277     0.1278     0.5076 3.0097e+00     2.1679      4.244      6.155     9.6764 0.0000e+00
      4.350      0.086     9.3139     79.197    112.234  77.837254    15.0300     2.4201     0.1278     0.5076 2.9087e+00     2.1377      4.266      6.188     9.6762 0.0000e+00
      4.370      0.073     9.2725     78.533    112.216  77.825313    15.0300     2.4506     0.1278     0.5076 2.9623e+00     2.1830      4.285      6.215     9.6759 0.0000e+00
      4.386      0.063     9.1947     78.096    112.196  77.811655    15.0300     2.4392     0.1278     0.5076 2.9316e+00     2.1830      4.301      6.238     9.6752 0.0000e+00
      4.399      0.055     9.0994     77.871    112.148  77.778664    15.0300     2.3591     0.1278     0.5076 2.9278e+00     2.4398      4.314      6.258     9.6745 0.0000e+00
      4.411      0.050     9.0060     77.776    112.098  77.743493    15.0300     2.3629     0.1278     0.4230 2.9220e+00     2.3643      4.326      6.275     9.6741 0.0000e+00
      4.422      0.047     8.9304     77.708    112.085  77.734694    15.0300     2.3667     0.1278     0.4230 2.9195e+00     2.5003      4.336      6.290     9.6742 0.0000e+00
      4.433      0.047     8.8808     77.572    112.130  77.765889    15.0300     2.3667     0.1278     0.4230 2.9189e+00     2.4096      4.347      6.305     9.6743 0.0000e+00
      4.444      0.049     8.8552     77.303    112.195  77.811461    15.0300     2.3705     0.1278     0.4230 2.8980e+00     2.3190      4.358      6.321     9.6743 0.0000e+00
      4.456      0.054     8.8444     76.875    112.238  77.841641    15.0300     2.3438     0.1278     0.5076 2.9075e+00     2.4247      4.370      6.338     9.6743 0.0000e+00
      4.470      0.062     8.8366     76.298    112.241  77.844514    15.0300     2.3858     0.1278     0.5076 2.8955e+00     2.3643      4.383      6.357     9.6743 0.0000e+00
      4.485      0.071     8.8211     75.625    112.207  77.820845    15.0300     2.3591     0.1278     0.5076 2.9043e+00     2.3190      4.398      6.379     9.6744 0.0000e+00
      4.504      0.082     8.7905     74.937    112.153  77.784285    15.0300     2.4086     0.1278     0.5076 2.8586e+00     2.4247      4.416      6.406     9.6746 0.0000e+00
      4.526      0.094     8.7418     74.318    112.080  77.733071    15.1200     2.4430     0.1704     0.5076 2.7978e+00     2.3794      4.438      6.437     9.6748 0.0000e+00
      4.552      0.105     8.6762     73.839    112.003  77.679496    15.1200     2.4125     0.1704     0.5076 2.7081e+00     2.3341      4.464      6.474     9.6750 0.0000e+00
      4.581      0.115     8.5997     73.556    111.982  77.665170    15.1200     2.4163     0.1704     0.5076 2.5626e+00     2.4398      4.493      6.516     9.6751 0.0000e+00
      4.614      0.123     8.5214     73.505    112.037  77.704238    15.1200     2.4430     0.1704     0.5076 2.4988e+00     2.4096      4.524      6.562     9.6753 0.0000e+00
      4.648      0.129     8.4509     73.685    112.075  77.731261    15.1200     2.4086     0.1278     0.3807 2.3760e+00     2.3794      4.558      6.610     9.6752 0.0000e+00
      4.682      0.132     8.3964     74.062    112.018  77.693556    15.1200     2.4163     0.1278     0.3807 2.3411e+00     2.3190      4.591      6.659     9.6751 0.0000e+00
      4.716      0.134     8.3642     74.565    111.932  77.634968    15.1200     2.4163     0.1278     0.3807 2.2720e+00     2.3190      4.625      6.708     9.6752 0.0000e+00
      4.750      0.134     8.3583     75.096    111.870  77.593773    15.1200     2.4430     0.1278     0.3807 2.1977e+00     2.5154      4.658      6.756     9.6755 0.0000e+00
      4.784      0.134     8.3788     75.554    111.839  77.572960    15.1200     2.4239     0.1278     0.3807 2.1309e+00     2.3039      4.692      6.805     9.6760 0.0000e+00
      4.819      0.135     8.4215     75.852    111.861  77.588937    15.1200     2.4163     0.1278     0.3807 2.1125e+00     2.2888      4.726      6.854     9.6767 0.0000e+00
      4.853      0.135     8.4786     75.935    111.934  77.639977    15.1200     2.4277     0.1278     0.3807 2.0532e+00     2.3492      4.759      6.902     9.6773 0.0000e+00
      4.887      0.136     8.5388     75.790    112.016  77.697767    15.1200     2.6757     0.1278     0.3807 2.0134e+00     2.3341      4.793      6.951     9.6778 0.0000e+00
      4.922      0.136     8.5908     75.446    112.078  77.741786    15.1200     2.6719     0.1278     0.3807 1.9535e+00     2.4096      4.827      7.001     9.6782 0.0000e+00
      4.957      0.137     8.6246     74.957    112.119  77.771795    15.1200     2.6528     0.1278     0.5922 1.8639e+00     2.3794      4.861      7.050     9.6786 0.0000e+00
      4.992      0.137     8.6339     74.388    112.136  77.785814    15.1200     2.6833     0.1278     0.5922 1.8120e+00     2.3341      4.895      7.100     9.6788 0.0000e+00
      5.027      0.137     8.6174     73.805    112.127  77.781593    15.1200     2.9313     0.1278     0.5922 1.7696e+00     2.7722      4.930      7.150     9.6792 0.0000e+00
      5.062      0.136     8.5783     73.260    112.096  77.762000    15.1200     2.9313     0.1278     0.5922 1.6966e+00     2.8175      4.965      7.201     9.6797 0.0000e+00
      5.098      0.133     8.5225     72.783    112.071  77.745764    15.0300     2.9084     0.1278     0.5499 1.6583e+00     2.8930      4.999      7.251     9.6804 0.0000e+00
      5.133      0.128     8.4576     72.391    112.089  77.758499    15.0300     2.9351     0.1278     0.5499 1.5509e+00     2.8930      5.034      7.301     9.6814 0.0000e+00
      5.166      0.121     8.3912     72.091    112.133  77.789629    15.0300     2.9198     0.1278     0.5499 1.5156e+00     2.6362      5.067      7.348     9.6824 0.0000e+00
      5.197      0.111     8.3290     71.883    112.179  77.821502    15.0300     2.9160     0.1278     0.5499 1.4673e+00     2.5909      5.097      7.392     9.6832 0.0000e+00
      5.224      0.101     8.2747     71.748    112.209  77.842655    15.2100     2.9160     0.1278     0.5076 1.4355e+00     2.6060      5.124      7.431     9.6837 0.0000e+00
      5.249      0.090     8.2301     71.660    112.206  77.840763    15.2100     2.9427     0.1278     0.5076 1.4676e+00     2.5607      5.147      7.465     9.6840 0.0000e+00
      5.269      0.081     8.1960     71.630    112.187  77.829296    15.2100     2.7253     0.1278     0.5076 1.4345e+00     2.4096      5.168      7.495     9.6841 0.0000e+00
      5.287      0.073     8.1724     71.685    112.175  77.823161    15.2100     2.7367     0.1278     0.5076 1.4296e+00     2.4701      5.185      7.521     9.6840 0.0000e+00
      5.304      0.068     8.1570     71.843    112.158  77.812738    15.2100     2.7329     0.1278     0.5076 1.4367e+00     2.3492      5.201      7.544     9.6840 0.0000e+00
      5.319      0.065     8.1469     72.132    112.146  77.805228    15.1200     2.7405     0.1278     0.5922 1.4521e+00     2.4247      5.216      7.566     9.6842 0.0000e+00
      5.335      0.063     8.1434     72.596    112.162  77.816597    15.1200     2.8740     0.1278     0.5922 1.3940e+00     2.6966      5.232      7.588     9.6849 0.0000e+00
      5.351      0.061     8.1495     73.282    112.166  77.819930    15.1200     2.8702     0.1278     0.5922 1.3309e+00     2.5305      5.248      7.611     9.6858 0.0000e+00
      5.367      0.060     8.1673     74.208    112.133  77.798150    15.1200     2.9008     0.1278     0.5922 1.3525e+00     2.6362      5.263      7.634     9.6865 0.0000e+00
      5.383      0.058     8.2000     75.332    112.127  77.795356    15.1200     2.8626     0.1278     0.5499 1.3040e+00     2.6815      5.279      7.656     9.6868 0.0000e+00
      5.398      0.056     8.2527     76.566    112.172  77.828770    15.1200     2.6223     0.1278     0.5499 1.3257e+00     2.5607      5.293      7.677     9.6869 0.0000e+00
      5.411      0.054     8.3307     77.787    112.216  77.861387    15.1200     2.6070     0.1278     0.5499 1.3117e+00     2.7269      5.306      7.696     9.6873 0.0000e+00
      5.424      0.054     8.4358     78.846    112.214  77.861981    15.1200     2.6032     0.1278     0.5499 1.2899e+00     2.5758      5.318      7.714     9.6878 0.0000e+00
      5.436      0.056     8.5635     79.604    112.151  77.820727    15.1200     2.6146     0.1278     0.6345 1.3174e+00     2.5607      5.331      7.732     9.6885 0.0000e+00
      5.449      0.059     8.7037     79.972    112.078  77.772539    15.1200     2.6337     0.1278     0.6345 1.3194e+00     2.2888      5.344      7.751     9.6893 0.0000e+00
      5.464      0.064     8.8423     79.926    112.047  77.752478    15.1200     2.6070     0.1278     0.6345 1.3177e+00     2.4398      5.358      7.771     9.6903 0.0000e+00
      5.481      0.068     8.9624     79.524    112.046  77.753198    15.1200     2.6146     0.1278     0.6345 1.2944e+00     2.4247      5.375      7.795     9.6913 0.0000e+00
      5.500      0.073     9.0483     78.886    112.076  77.774892    15.1200     2.6070     0.1278     0.6345 1.1833e+00     2.4549      5.394      7.823     9.6923 0.0000e+00
      5.521      0.076     9.0899     78.142    112.094  77.789407    15.1200     2.5498     0.1278     0.5499 1.1431e+00     2.3492      5.414      7.852     9.6933 0.0000e+00
      5.541      0.078     9.0845     77.420    112.075  77.778654    15.1200     2.5231     0.1278     0.5499 1.1561e+00     2.4398      5.434      7.881     9.6940 0.0000e+00
      5.561      0.078     9.0388     76.825    112.077  77.781689    15.1200     2.5383     0.1278     0.5499 1.1895e+00     2.3945      5.453      7.910     9.6945 0.0000e+00
      5.581      0.076     8.9661     76.417    112.066  77.775364    15.1200     2.5536     0.1278     0.5499 1.1345e+00     2.3794      5.473      7.938     9.6952 0.0000e+00
      5.600      0.074     8.8814     76.213    111.984  77.720064    15.1200     2.5574     0.1278     0.5922 1.0900e+00     2.5607      5.492      7.966     9.6961 0.0000e+00
      5.619      0.073     8.7992     76.201    111.859  77.634981    15.1200     2.5612     0.1278     0.5922 1.0936e+00     2.5607      5.511      7.993     9.6970 0.0000e+00
      5.637      0.071     8.7314     76.344    111.685  77.515392    15.1200     2.5231     0.1278     0.5922 1.0705e+00     2.5909      5.528      8.019     9.6978 0.0000e+00
      5.655      0.071     8.6849     76.598    111.384  77.307446    15.1200     2.5612     0.1278     0.5922 1.0689e+00     2.5607      5.545      8.043     9.6985 0.0000e+00
      5.672      0.071     8.6615     76.941    110.841  76.931736    15.0300     2.7367     0.1278     0.5076 1.0907e+00     2.3341      5.562      8.068     9.6993 0.0000e+00
      5.690      0.072     8.6600     77.369    109.887  76.270107    15.0300     2.7215     0.1278     0.5076 1.0514e+00     2.3039      5.579      8.093     9.6998 0.0000e+00
      5.708      0.073     8.6761     77.881    108.266  75.146124    15.0300     2.7215     0.1278     0.5076 1.0400e+00     2.4398      5.598      8.119     9.7003 0.0000e+00
      5.728      0.074     8.7049     78.459    105.573  73.278024    15.0300     2.7443     0.1278     0.5076 9.5137e-01     2.3945      5.617      8.147     9.7009 0.0000e+00
      5.748      0.075     8.7437     79.074    101.093  70.169644    15.1200     2.3209     0.1278     0.5922 1.0043e+00     2.3643      5.636      8.175     9.7014 0.0000e+00
      5.766      0.077     8.7923     79.685     93.611  64.978108    15.1200     2.3247     0.1278     0.5922 9.9169e-01     2.2737      5.655      8.202     9.7017 0.0000e+00
      5.785      0.080     8.8505     80.237     81.125  56.313019    15.1200     2.3209     0.1278     0.5922 9.6030e-01     2.4398      5.673      8.228     9.7020 0.0000e+00
      5.804      0.086     8.9161     80.676     60.288  41.851708    15.1200     2.2980     0.1278     0.5922 9.9926e-01     2.3190      5.692      8.255     9.7024 0.0000e+00
      5.825      0.092     8.9858     80.956     25.546  17.739820    15.1200     2.4354     0.1278     0.5922 9.8396e-01     2.3341      5.712      8.285     9.7029 0.0000e+00
      5.849      0.100     9.0552     81.056    -32.328 -22.426527    15.0300     2.4125     0.1278     0.5922 9.2166e-01     2.3492      5.736      8.319     9.7034 0.0000e+00
      5.876      0.107     9.1178     80.991   -128.754 -89.350377    15.0300     2.4354     0.1278     0.5922 8.9443e-01     2.3945      5.763      8.358     9.7038 0.0000e+00
      5.907      0.111     9.1676     80.815   -289.439-200.872099    15.0300     2.4468     0.1278     0.5922 8.7540e-01     2.4701      5.793      8.401     9.7041 0.0000e+00
      5.938      0.113     9.1995     80.590   -557.210-386.716845    15.0300     2.4659     0.1278     0.5922 7.7375e-01     2.3492      5.823      8.446     9.7043 0.0000e+00
      5.969      0.113     9.2108     80.380   -724.540-502.850937    15.1200     2.5155     0.1278     0.5076 7.6973e-01     2.3945      5.853      8.489     9.7045 0.0000e+00
