Data/DataNotYetUploadedToEDI/Raw_CTD/RawDownloads/120225_ccr50_S8188002.cnv
* Sea-Bird SBE19plus  Data File:
* FileName = C:\R\Reservoirs\Data\DataNotYetUploadedToEDI\Raw_CTD\RawDownloads\120125_bvr50_S8188_0002.hex
* Software version 2.8.0.119
* Temperature SN = 8188
* Conductivity SN = 8188
* System UpLoad Time = Dec 10 2025 15:14:55
* <ApplicationData>
* <Seaterm232>
# nquan = 16
# nvalues = 1807                        
# units = specified
# name 0 = depFM: Depth [fresh water, m]
# name 1 = dz/dtM: Descent Rate [m/s]
# name 2 = sbeox0Mg/L: Oxygen, SBE 43 [mg/l]
# name 3 = sbeox0PS: Oxygen, SBE 43 [% saturation]
# name 4 = specc: Specific Conductance [uS/cm]
# name 5 = c0uS/cm: Conductivity [uS/cm]
# name 6 = wetCDOM: Fluorescence, WET Labs CDOM [mg/m^3]
# name 7 = flECO-AFL: Fluorescence, WET Labs ECO-AFL/FL [mg/m^3]
# name 8 = flECO-AFL1: Fluorescence, WET Labs ECO-AFL/FL, 2 [mg/m^3]
# name 9 = flECO-AFL2: Fluorescence, WET Labs ECO-AFL/FL, 3 [mg/m^3]
# name 10 = par/sat/log: PAR/Logarithmic, Satlantic
# name 11 = turbWETntu0: Turbidity, WET Labs ECO [NTU]
# name 12 = prdM: Pressure, Strain Gauge [db]
# name 13 = prdE: Pressure, Strain Gauge [psi]
# name 14 = tv290C: Temperature [ITS-90, deg C]
# name 15 = flag:  0.000e+00
# span 0 =     -0.570,     15.532       
# span 1 =     -0.447,      0.405       
# span 2 =     6.0419,    11.6915       
# span 3 =     53.048,    101.960       
# span 4 =   -730.952,    112.736       
# span 5 =-504.472030,  78.261689       
# span 6 =    -4.5000,   143.1000       
# span 7 =    -0.2922,     3.2593       
# span 8 =    -2.1300,     0.1704       
# span 9 =    -2.0304,    13.3668       
# span 10 = 1.1590e-01, 1.7092e+02      
# span 11 =    -1.1404,    71.2798      
# span 12 =     -0.559,     15.232      
# span 13 =     -0.810,     22.093      
# span 14 =     8.3035,     9.7106      
# span 15 = 0.0000e+00, 0.0000e+00      
# interval = seconds: 0.25
# start_time = Dec 02 2025 11:55:49 [Instrument's time stamp, header]
# bad_flag = -9.990e-29
*END*
[from data line 362]
      0.460 -1.170e-08    11.0255     85.429    111.298  76.850199    14.8500     2.5155     0.0852     0.7614 7.9338e+01     2.2435      0.451      0.655     9.3181 0.0000e+00
      0.461 -1.504e-08    10.7640     82.119    111.218  76.828533    14.8500     2.5155     0.0852     0.7614 8.0379e+01     2.2435      0.452      0.655     9.3959 0.0000e+00
      0.461 -1.934e-08    10.4623     78.894    111.154  76.804842    14.8500     2.5155     0.0852     0.7614 7.9097e+01     2.1679      0.452      0.655     9.4563 0.0000e+00
      0.461 -2.487e-08    10.1216     75.913    111.108  76.784786    14.8500     2.2637     0.0852     0.7614 7.9892e+01     2.1377      0.452      0.655     9.4971 0.0000e+00
      0.461 -3.197e-08     9.7512     73.280    111.081  76.771002    14.8500     2.2446     0.1704     1.0152 7.9961e+01     2.1679      0.452      0.655     9.5223 0.0000e+00
      0.461 -4.111e-08     9.3698     71.091    111.047  76.747835    14.8500     2.2408     0.1704     1.0152 8.0397e+01     2.2435      0.452      0.655     9.5375 0.0000e+00
      0.461 -5.285e-08     8.9995     69.407    110.973  76.693139    14.8500     2.2866     0.1704     1.0152 7.9097e+01     2.1377      0.452      0.655     9.5466 0.0000e+00
      0.461 -5.946e-08     8.6581     68.206    110.887  76.630255    14.8500     2.1759     0.1704     1.0152 8.1116e+01     1.8960      0.452      0.655     9.5518 0.0000e+00
      0.461 -5.285e-08     8.3572     67.399    110.843  76.596310    14.8500     2.1798     0.1278     0.5499 7.9459e+01     2.0169      0.452      0.655     9.5541 0.0000e+00
      0.461 -4.110e-08     8.1074     66.867    110.822  76.578260    14.8500     2.2027     0.1278     0.5499 8.1222e+01     1.9111      0.452      0.655     9.5541 0.0000e+00
      0.461 -3.197e-08     7.9155     66.505    110.810  76.567299    14.8500     2.2027     0.1278     0.5499 7.9132e+01     1.9262      0.452      0.655     9.5528 0.0000e+00
      0.461 -2.487e-08     7.7789     66.243    110.816  76.568490    14.8500     1.9928     0.1278     0.5499 8.0642e+01     2.0018      0.452      0.655     9.5511 0.0000e+00
      0.461 -1.934e-08     7.6872     66.040    110.823  76.570172    14.8500     1.9661     0.1278     0.5499 7.8754e+01     1.9413      0.452      0.655     9.5495 0.0000e+00
      0.460 -1.504e-08     7.6267     65.865    110.826  76.568802    14.8500     2.0081     0.1278     0.4653 8.0923e+01     1.9866      0.451      0.655     9.5481 0.0000e+00
      0.460 -1.170e-08     7.5856     65.695    110.829  76.568006    14.8500     1.9852     0.1278     0.4653 7.9580e+01     1.8809      0.451      0.655     9.5467 0.0000e+00
      0.460 -9.101e-09     7.5560     65.519    110.839  76.571565    14.8500     2.0195     0.1278     0.4653 8.0519e+01     2.0018      0.451      0.655     9.5452 0.0000e+00
      0.460 -7.078e-09     7.5330     65.347    110.862  76.584420    14.8500     2.0234     0.1278     0.4653 7.9580e+01     1.9413      0.451      0.655     9.5437 0.0000e+00
      0.460 -5.505e-09     7.5134     65.186    110.871  76.588041    14.8500     2.0043     0.1704     0.5922 7.9979e+01     1.8809      0.451      0.655     9.5423 0.0000e+00
      0.460 -4.282e-09     7.4942     65.034    110.823  76.553450    14.8500     1.9890     0.1704     0.5922 8.0765e+01     1.9564      0.451      0.655     9.5408 0.0000e+00
      0.460 -3.331e-09     7.4744     64.888    110.750  76.501366    14.8500     2.3591     0.1704     0.5922 7.9909e+01     2.0018      0.451      0.655     9.5394 0.0000e+00
      0.460 -2.591e-09     7.4551     64.750    110.693  76.459819    14.8500     2.3591     0.1704     0.5922 8.1258e+01     1.8809      0.451      0.655     9.5381 0.0000e+00
      0.460 -2.015e-09     7.4369     64.626    110.647  76.425715    14.8500     2.3858     0.1278     0.5499 7.9770e+01     1.9715      0.451      0.655     9.5371 0.0000e+00
      0.460 -1.568e-09     7.4196     64.512    110.623  76.405929    14.8500     2.3514     0.1278     0.5499 8.0153e+01     1.9262      0.451      0.655     9.5363 0.0000e+00
      0.460 -1.220e-09     7.4031     64.396    110.618  76.399175    14.8500     2.3247     0.1278     0.5499 8.1222e+01     2.3643      0.451      0.655     9.5356 0.0000e+00
      0.460 -9.496e-10     7.3875     64.274    110.613  76.391678    14.8500     2.3018     0.1278     0.5499 8.0345e+01     2.4398      0.451      0.655     9.5347 0.0000e+00
      0.460 -7.395e-10     7.3735     64.151    110.599  76.377444    14.9400     2.3095     0.1278     0.4653 8.1434e+01     2.3643      0.452      0.655     9.5336 0.0000e+00
      0.461 -5.763e-10     7.3609     64.024    110.590  76.366651    14.9400     2.3209     0.1278     0.4653 8.0414e+01     2.3643      0.452      0.655     9.5322 0.0000e+00
      0.461 -4.497e-10     7.3479     63.894    110.622  76.384367    14.9400     2.2904     0.1278     0.4653 7.9805e+01     2.2586      0.452      0.655     9.5306 0.0000e+00
      0.461 -3.517e-10     7.3343     63.760    110.658  76.405373    14.9400     2.3209     0.1278     0.4653 8.1896e+01     2.1679      0.452      0.655     9.5287 0.0000e+00
      0.461 -2.760e-10     7.3206     63.628    110.635  76.385367    14.9400     2.2942     0.1278     0.4653 8.0118e+01     2.1377      0.452      0.655     9.5267 0.0000e+00
      0.461 -2.178e-10     7.3065     63.501    110.569  76.334982    14.8500     2.3438     0.1704     0.6345 8.0870e+01     2.1528      0.452      0.655     9.5247 0.0000e+00
      0.460 -1.734e-10     7.2919     63.380    110.503  76.284699    14.8500     2.3171     0.1704     0.6345 8.1275e+01     2.2132      0.452      0.655     9.5227 0.0000e+00
      0.460 -1.401e-10     7.2769     63.266    110.478  76.263027    14.8500     2.2904     0.1704     0.6345 8.0031e+01     2.1377      0.452      0.655     9.5209 0.0000e+00
      0.460 -1.156e-10     7.2622     63.154    110.491  76.268180    14.8500     2.3018     0.1704     0.6345 7.9580e+01     2.1679      0.452      0.655     9.5190 0.0000e+00
      0.460 -9.848e-11     7.2481     63.040    110.510  76.277577    14.8500     2.3095     0.1278     0.5922 8.1541e+01     2.3039      0.452      0.655     9.5169 0.0000e+00
      0.460 -8.762e-11     7.2347     62.922    110.522  76.281748    14.8500     2.4506     0.1278     0.5922 7.9666e+01     2.0622      0.452      0.655     9.5148 0.0000e+00
      0.460 -8.232e-11     7.2219     62.797    110.542  76.291786    14.8500     2.4354     0.1278     0.5922 8.0800e+01     1.9715      0.452      0.655     9.5128 0.0000e+00
      0.460 -8.224e-11     7.2094     62.666    110.574  76.310368    14.8500     2.4468     0.1278     0.5922 8.0694e+01     1.9866      0.452      0.655     9.5110 0.0000e+00
      0.460 -8.739e-11     7.1968     62.527    110.596  76.322486    14.9400     2.4315     0.1278     0.4230 8.0659e+01     2.0622      0.452      0.655     9.5093 0.0000e+00
      0.460 -9.809e-11     7.1836     62.385    110.611  76.329376    14.9400     2.1836     0.1278     0.4230 8.1967e+01     2.1981      0.452      0.655     9.5075 0.0000e+00
      0.460 -1.150e-10     7.1697     62.241    110.621  76.332876    14.9400     2.2179     0.1278     0.4230 8.0362e+01     2.1377      0.452      0.655     9.5057 0.0000e+00
      0.460 -1.392e-10     7.1550     62.095    110.628  76.333918    14.9400     2.1874     0.1278     0.4230 8.1222e+01     2.1528      0.452      0.655     9.5042 0.0000e+00
      0.460 -1.723e-10     7.1394     61.950    110.621  76.324797    14.9400     2.1721     0.1278     0.4230 8.0677e+01     2.2586      0.452      0.655     9.5027 0.0000e+00
      0.460 -2.163e-10     7.1234     61.811    110.601  76.305075    14.9400     1.9318     0.1278     0.5499 8.1099e+01     2.2283      0.452      0.655     9.5013 0.0000e+00
      0.460 -2.741e-10     7.1072     61.680    110.590  76.291451    14.9400     1.9585     0.1278     0.5499 8.1116e+01     2.2737      0.452      0.655     9.4997 0.0000e+00
      0.460 -3.492e-10     7.0908     61.561    110.583  76.280291    14.9400     1.9738     0.1278     0.5499 8.0888e+01     2.2586      0.452      0.655     9.4980 0.0000e+00
      0.460 -4.465e-10     7.0745     61.454    110.577  76.270616    14.9400     1.9471     0.1278     0.5499 8.0240e+01     2.1830      0.452      0.655     9.4960 0.0000e+00
      0.461 -5.722e-10     7.0591     61.361    110.579  76.267829    14.9400     1.9318     0.1278     0.5922 8.2844e+01     2.2132      0.452      0.655     9.4935 0.0000e+00
      0.461 -7.342e-10     7.0447     61.285    110.589  76.273184    14.9400     1.9509     0.1278     0.5922 8.0066e+01     2.2283      0.452      0.655     9.4907 0.0000e+00
      0.461 -9.428e-10     7.0314     61.230    110.611  76.288109    14.9400     1.9432     0.1278     0.5922 8.1505e+01     2.1679      0.452      0.655     9.4879 0.0000e+00
      0.460 -1.211e-09     7.0197     61.189    110.632  76.302611    14.9400     1.9471     0.1278     0.5922 8.1364e+01     2.2435      0.452      0.655     9.4854 0.0000e+00
      0.460 -1.557e-09     7.0094     61.160    110.652  76.316563    14.9400     2.1950     0.1278     0.5499 8.0712e+01     2.0169      0.452      0.655     9.4836 0.0000e+00
      0.460 -2.002e-09     7.0009     61.142    110.672  76.331692    14.9400     2.1950     0.1278     0.5499 8.2003e+01     2.0169      0.452      0.655     9.4827 0.0000e+00
      0.460 -2.574e-09     6.9946     61.130    110.663  76.326081    14.9400     2.1912     0.1278     0.5499 8.1116e+01     1.9866      0.452      0.655     9.4826 0.0000e+00
      0.460 -3.309e-09     6.9900     61.123    110.616  76.294243    14.9400     2.1874     0.1278     0.5499 8.1328e+01     2.0471      0.452      0.655     9.4827 0.0000e+00
      0.460 -4.254e-09     6.9866     61.115    110.572  76.263616    14.9400     2.1149     0.1704     0.5076 8.1736e+01     1.9111      0.452      0.655     9.4828 0.0000e+00
      0.460 -5.470e-09     6.9845     61.096    110.551  76.247993    14.9400     2.0920     0.1704     0.5076 8.0379e+01     1.9715      0.452      0.655     9.4832 0.0000e+00
      0.461 -7.033e-09     6.9830     61.060    110.558  76.251192    14.9400     2.1149     0.1704     0.5076 8.1753e+01     1.9413      0.452      0.655     9.4836 0.0000e+00
      0.461 -9.042e-09     6.9822     61.007    110.606  76.282048    14.9400     2.1225     0.1704     0.5076 8.1434e+01     1.9111      0.452      0.655     9.4838 0.0000e+00
      0.461 -1.163e-08     6.9813     60.933    110.669  76.322842    14.9400     2.1912     0.1704     0.5076 8.2593e+01     1.9413      0.452      0.655     9.4836 0.0000e+00
      0.461 -1.495e-08     6.9792     60.838    110.682  76.328560    14.9400     2.1988     0.1278     0.7191 8.1364e+01     1.9262      0.452      0.655     9.4831 0.0000e+00
      0.461 -1.922e-08     6.9751     60.732    110.653  76.304717    14.9400     2.2065     0.1278     0.7191 8.2288e+01     1.9564      0.452      0.655     9.4825 0.0000e+00
      0.461 -2.471e-08     6.9693     60.622    110.665  76.308833    14.9400     2.1874     0.1278     0.7191 8.1311e+01     2.0169      0.452      0.655     9.4815 0.0000e+00
      0.461 -3.177e-08     6.9611     60.511    110.718  76.342006    14.9400     2.2294     0.1278     0.7191 8.1222e+01     2.0169      0.452      0.655     9.4802 0.0000e+00
      0.461 -4.084e-08     6.9504     60.402    110.762  76.369165    14.9400     2.1912     0.1704     0.6768 8.1913e+01     1.9413      0.452      0.655     9.4786 0.0000e+00
      0.461 -5.251e-08     6.9386     60.292    110.769  76.371604    14.9400     2.2027     0.1704     0.6768 7.9770e+01     1.9866      0.452      0.655     9.4769 0.0000e+00
      0.461 -6.752e-08     6.9264     60.174    110.724  76.337997    14.9400     2.1836     0.1704     0.6768 8.2880e+01     1.9413      0.452      0.655     9.4752 0.0000e+00
      0.461 -8.681e-08     6.9139     60.052    110.635  76.275349    14.9400     2.1874     0.1704     0.6768 8.0817e+01     1.9715      0.452      0.655     9.4736 0.0000e+00
      0.461 -1.116e-07     6.9017     59.934    110.552  76.216859    14.9400     2.1836     0.1278     0.8037 8.0782e+01     2.0018      0.452      0.655     9.4721 0.0000e+00
      0.461 -1.435e-07     6.8893     59.825    110.521  76.194837    14.9400     2.1759     0.1278     0.8037 8.2575e+01     1.9413      0.452      0.655     9.4709 0.0000e+00
      0.461 -1.845e-07     6.8760     59.723    110.525  76.197420    14.9400     2.1645     0.1278     0.8037 8.1576e+01     1.9564      0.452      0.655     9.4700 0.0000e+00
      0.461 -2.372e-07     6.8622     59.626    110.521  76.195357    14.9400     2.2522     0.1278     0.8037 8.2395e+01     1.9262      0.452      0.655     9.4694 0.0000e+00
      0.460 -3.050e-07     6.8488     59.539    110.501  76.182110    14.9400     2.2675     0.1278     0.8037 8.1878e+01     1.8960      0.452      0.655     9.4690 0.0000e+00
      0.460 -3.921e-07     6.8364     59.464    110.486  76.172110    14.9400     2.2446     0.1278     1.2267 8.1152e+01     1.8809      0.452      0.655     9.4687 0.0000e+00
      0.460 -3.921e-07     6.8247     59.396    110.509  76.188640    14.9400     2.2370     0.1278     1.2267 8.2772e+01     1.8960      0.452      0.655     9.4685 0.0000e+00
      0.460 -3.050e-07     6.8136     59.327    110.569  76.230121    14.9400     2.1645     0.1278     1.2267 8.0747e+01     1.9715      0.452      0.655     9.4686 0.0000e+00
      0.460 -2.372e-07     6.8036     59.256    110.606  76.255714    14.9400     2.1874     0.1278     1.2267 8.2539e+01     1.9866      0.452      0.655     9.4688 0.0000e+00
      0.461 -1.845e-07     6.7950     59.182    110.595  76.248290    14.9400     2.1950     0.1278     0.6345 8.0292e+01     1.9715      0.452      0.655     9.4691 0.0000e+00
      0.461 -1.435e-07     6.7872     59.103    110.586  76.241800    14.9400     2.2027     0.1278     0.6345 8.2431e+01     1.9564      0.452      0.655     9.4694 0.0000e+00
      0.461 -1.116e-07     6.7794     59.013    110.613  76.260464    14.9400     2.3285     0.1278     0.6345 8.1311e+01     2.2435      0.452      0.655     9.4695 0.0000e+00
      0.461 -8.679e-08     6.7712     58.928    110.670  76.299278    14.9400     2.3171     0.1278     0.6345 8.2038e+01     2.0924      0.452      0.655     9.4696 0.0000e+00
      0.461 -6.751e-08     6.7628     58.861    110.713  76.328670    14.9400     2.2866     0.1278     0.3807 8.2163e+01     2.2283      0.452      0.655     9.4696 0.0000e+00
      0.461 -5.251e-08     6.7537     58.806    110.693  76.314557    14.9400     2.3247     0.1278     0.3807 8.1399e+01     2.2132      0.452      0.655     9.4695 0.0000e+00
      0.461 -4.084e-08     6.7435     58.753    110.635  76.275134    14.9400     2.3285     0.1278     0.3807 8.2880e+01     2.4549      0.452      0.655     9.4693 0.0000e+00
      0.461 -3.177e-08     6.7338     58.694    110.601  76.251789    14.9400     2.3018     0.1278     0.3807 8.1346e+01     2.3945      0.452      0.655     9.4691 0.0000e+00
      0.461 -2.471e-08     6.7261     58.626    110.593  76.246279    14.9400     2.3362     0.1278     0.5499 8.2808e+01     2.4398      0.452      0.655     9.4690 0.0000e+00
      0.461 -1.922e-08     6.7199     58.555    110.588  76.243164    14.9400     2.2980     0.1278     0.5499 8.1222e+01     2.3945      0.452      0.655     9.4690 0.0000e+00
      0.461 -1.495e-08     6.7138     58.485    110.587  76.243609    14.9400     2.3514     0.1278     0.5499 8.2199e+01     2.4398      0.452      0.655     9.4691 0.0000e+00
      0.461 -1.163e-08     6.7071     58.404    110.587  76.243739    14.9400     2.3819     0.1278     0.5499 8.1541e+01     2.2888      0.452      0.655     9.4692 0.0000e+00
