Data/DataNotYetUploadedToEDI/Raw_CTD/RawDownloads/120220_bvr50.cnv
* Sea-Bird SBE19plus  Data File:
* FileName = C:\DATA\120220_bvr_0001.hex
* Software version 2.8.0.119
* Temperature SN = 7809
* Conductivity SN = 7809
* System UpLoad Time = Dec 02 2020 17:09:25
* <ApplicationData>
* <Seaterm232>
# nquan = 16
# nvalues = 134                         
# units = specified
# name 0 = depFM: Depth [fresh water, m]
# name 1 = dz/dtM: Descent Rate [m/s]
# name 2 = orp: Oxidation Reduction Potential [mV]
# name 3 = sbeox0Mg/L: Oxygen, SBE 43 [mg/l]
# name 4 = sbeox0PS: Oxygen, SBE 43 [% saturation]
# name 5 = par/sat/log: PAR/Logarithmic, Satlantic
# name 6 = ph: pH
# name 7 = specc: Specific Conductance [uS/cm]
# name 8 = c0uS/cm: Conductivity [uS/cm]
# name 9 = flECO-AFL: Fluorescence, WET Labs ECO-AFL/FL [mg/m^3]
# name 10 = turbWETntu0: Turbidity, WET Labs ECO [NTU]
# name 11 = tv290C: Temperature [ITS-90, deg C]
# name 12 = density00: Density [density, kg/m^3]
# name 13 = prdE: Pressure, Strain Gauge [psi]
# name 14 = prdM: Pressure, Strain Gauge [db]
# name 15 = flag:  0.000e+00
# span 0 =     -0.732,     -0.037       
# span 1 =     -0.045,      0.151       
# span 2 =  -759.9015,  1240.2294       
# span 3 =     8.1884,    11.7758       
# span 4 =     68.691,     95.781       
# span 5 = 4.1895e+01, 2.2898e+03       
# span 6 =     15.789,     16.702       
# span 7 =      6.134,     44.069       
# span 8 =   3.781611,  28.371260       
# span 9 =    -1.1026,     3.2437       
# span 10 =    -0.7455,    13.9191      
# span 11 =     5.8233,     7.7095      
# span 12 =   999.8801,   999.9500      
# span 13 =     -1.044,     -0.051      
# span 14 =     -0.719,     -0.035      
# span 15 = 0.0000e+00, 0.0000e+00      
# interval = seconds: 0.25
# start_time = Dec 01 2020 22:21:33 [Instrument's time stamp, header]
# bad_flag = -9.990e-29
*END*
[from data line 91]
     -0.047      0.004   317.0173     8.9805     74.102 5.1077e+01     15.815     36.585  23.867126     2.8357     4.6707     7.6167   999.8869     -0.066     -0.045 0.0000e+00
     -0.047      0.005   316.6508     8.9423     73.926 5.0247e+01     15.815     36.829  24.026944     2.8263     4.6962     7.6157   999.8869     -0.067     -0.046 0.0000e+00
     -0.047      0.005   316.5094     8.9025     73.616 4.8542e+01     15.814     37.074  24.186125     2.8177     4.6347     7.6143   999.8870     -0.068     -0.047 0.0000e+00
     -0.046      0.004   317.1143     8.8695     73.264 4.8422e+01     15.814     37.300  24.333035     2.8179     4.5796     7.6150   999.8870     -0.066     -0.046 0.0000e+00
     -0.044      0.004   318.2852     8.8583     73.003 4.8597e+01     15.814     37.512  24.471321     2.8382     4.6131     7.6168   999.8869     -0.061     -0.043 0.0000e+00
     -0.042      0.004   318.9654     8.8471     72.895 5.0243e+01     15.814     37.694  24.589642     2.8816     4.6625     7.6179   999.8870     -0.059     -0.041 0.0000e+00
     -0.042      0.004   318.9715     8.7996     72.846 5.1364e+01     15.814     37.841  24.685422     2.8942     4.6618     7.6178   999.8871     -0.060     -0.041 0.0000e+00
     -0.041      0.004   319.6503     8.7547     72.750 5.1047e+01     15.815     37.927  24.741433     2.8772     4.6391     7.6167   999.8872     -0.059     -0.040 0.0000e+00
     -0.040      0.003   320.9773     8.7177     72.684 4.9737e+01     15.815     37.956  24.759459     2.8657     4.6273     7.6160   999.8874     -0.057     -0.039 0.0000e+00
     -0.039      0.003   321.2500     8.7103     72.723 4.8283e+01     15.815     37.983  24.776534     2.8504     4.6219     7.6157   999.8874     -0.055     -0.038 0.0000e+00
     -0.037      0.003   320.1084     8.7147     72.802 4.8338e+01     15.816     38.053  24.821026     2.8351     4.6085     7.6154   999.8875     -0.053     -0.037 0.0000e+00
     -0.037      0.002   319.3909     8.6938     72.808 4.8863e+01     15.817     38.105  24.853432     2.8242     4.6035     7.6150   999.8876     -0.051     -0.035 0.0000e+00
     -0.037      0.001   319.6305     8.6836     72.732 4.8970e+01     15.817     38.105  24.851223     2.8146     4.5610     7.6144   999.8876     -0.052     -0.036 0.0000e+00
     -0.037      0.000   319.7366     8.6905     72.661 4.8607e+01     15.817     38.119  24.857733     2.8334     4.4719     7.6133   999.8877     -0.053     -0.037 0.0000e+00
     -0.037     -0.001   320.0715     8.7090     72.671 4.7993e+01     15.817     38.141  24.868728     2.8797     4.4199     7.6118   999.8878     -0.053     -0.037 0.0000e+00
     -0.037     -0.002   320.6686     8.7082     72.642 4.7208e+01     15.817     38.129  24.857305     2.8981     4.4126     7.6098   999.8879     -0.053     -0.037 0.0000e+00
     -0.038     -0.002   320.9336     8.6971     72.428 4.7902e+01     15.817     38.118  24.846456     2.8929     4.4179     7.6074   999.8880     -0.054     -0.037 0.0000e+00
     -0.039     -0.002   321.2966     8.6815     72.107 4.9093e+01     15.817     38.151  24.864401     2.9222     4.4494     7.6045   999.8882     -0.055     -0.038 0.0000e+00
     -0.040     -0.002   321.5294     8.6901     71.760 4.9240e+01     15.817     38.186  24.883996     2.9850     4.4854     7.5997   999.8885     -0.057     -0.039 0.0000e+00
     -0.040     -0.004   320.5649     8.7025     71.467 4.9652e+01     15.817     38.205  24.893110     3.0225     4.4414     7.5943   999.8887     -0.059     -0.040 0.0000e+00
     -0.039     -0.008   318.6691     8.6640     71.197 4.9362e+01     15.817     38.236  24.911165     3.0144     4.3633     7.5892   999.8890     -0.056     -0.039 0.0000e+00
     -0.039     -0.013   317.2777     8.6299     70.820 4.8904e+01     15.817     38.241  24.912019     2.9726     4.4326     7.5847   999.8893     -0.053     -0.037 0.0000e+00
     -0.042     -0.017   316.9053     8.5816     70.394 5.0287e+01     15.817     38.231  24.903430     2.9169     4.5931     7.5808   999.8895     -0.056     -0.039 0.0000e+00
     -0.050     -0.021   317.2639     8.5473     70.060 5.1907e+01     15.817     38.283  24.934165     2.8849     4.6565     7.5766   999.8897     -0.069     -0.048 0.0000e+00
     -0.060     -0.025   317.9999     8.5290     69.827 5.2077e+01     15.817     38.336  24.966496     2.8806     4.6494     7.5729   999.8899     -0.086     -0.059 0.0000e+00
     -0.068     -0.029   318.4053     8.4776     69.605 5.1719e+01     15.818     38.061  24.786931     2.9222     4.5749     7.5714   999.8899     -0.099     -0.069 0.0000e+00
     -0.073     -0.034   318.1209     8.4187     69.285 5.1814e+01     15.818     36.606  23.841292     2.9880     4.4438     7.5689   999.8900     -0.104     -0.072 0.0000e+00
     -0.077     -0.039   317.4870     8.3800     68.866 5.4574e+01     15.817     34.302  22.348479     3.0176     4.4025     7.5639   999.8903     -0.107     -0.073 0.0000e+00
     -0.086     -0.043   316.9363     8.3597     68.691 6.0960e+01     15.816     32.804  21.387560     3.0231     4.4188     7.5590   999.8905     -0.119     -0.081 0.0000e+00
     -0.100     -0.045   316.8824     8.3338     69.084 6.4591e+01     15.815     32.144  20.974697     3.0162     4.4003     7.5593   999.8905     -0.141     -0.097 0.0000e+00
     -0.118     -0.043   317.6953     8.3061     70.182 6.3251e+01     15.815     31.631  20.654137     3.0099     4.3855     7.5612   999.8898     -0.167     -0.116 0.0000e+00
     -0.134     -0.035   319.0213     8.2288     72.037 6.6404e+01     15.815     31.365  20.492133     3.0231     4.3770     7.5692   999.8882     -0.193     -0.133 0.0000e+00
     -0.145     -0.025   319.9236     8.1884     74.522 7.3682e+01     15.814     31.323  20.474421     3.0326     4.3665     7.5974   999.8861     -0.211     -0.145 0.0000e+00
     -0.149     -0.013   319.9155     8.2292     77.387 7.5578e+01     15.813     31.259  20.439994     3.0298     4.3615     7.6278   999.8843     -0.217     -0.149 0.0000e+00
     -0.144      0.000   319.3530     8.3462     80.160 7.3125e+01     15.813     31.277  20.456349     3.0752     4.4194     7.6480   999.8830     -0.207     -0.142 0.0000e+00
     -0.139      0.014   318.8865     8.5777     82.350 7.2357e+01     15.813     31.506  20.608764     3.1812     4.5515     7.6658   999.8820     -0.194     -0.134 0.0000e+00
     -0.137      0.025   318.8350     8.8722     83.767 6.8712e+01     15.813     31.930  20.887763     3.2437     4.6205     7.6819   999.8812     -0.196     -0.135 0.0000e+00
     -0.134      0.033   319.2470     9.2383     84.586 6.3419e+01     15.813     32.548  21.293178     3.2307     4.6002     7.6938   999.8804     -0.198     -0.135 0.0000e+00
     -0.124      0.037   319.5657     9.5887     84.893 6.2712e+01     15.813     32.887  21.515521     3.2139     4.5815     7.7009   999.8801     -0.179     -0.124 0.0000e+00
     -0.107 -9.990e-29 -9.990e-29     9.8608 -9.990e-29 5.8673e+01 -9.990e-29 -9.990e-29 -9.990e-29 -9.990e-29 -9.990e-29     7.7045   999.8801     -0.152     -0.105 0.0000e+00
     -0.091 -9.990e-29 -9.990e-29    10.0148 -9.990e-29 5.3431e+01 -9.990e-29 -9.990e-29 -9.990e-29 -9.990e-29 -9.990e-29     7.7073   999.8801     -0.129     -0.088 0.0000e+00
     -0.078 -9.990e-29 -9.990e-29    10.1012 -9.990e-29 5.1767e+01 -9.990e-29 -9.990e-29 -9.990e-29 -9.990e-29 -9.990e-29     7.7094   999.8804     -0.108     -0.074 0.0000e+00
     -0.072 -9.990e-29 -9.990e-29    10.1610 -9.990e-29 5.0917e+01 -9.990e-29 -9.990e-29 -9.990e-29 -9.990e-29 -9.990e-29     7.7095   999.8806     -0.096     -0.066 0.0000e+00
