Data/DataNotYetUploadedToEDI/Raw_CTD/RawDownloads/120220_bvr50.cnv
* Sea-Bird SBE19plus  Data File:
* FileName = C:\DATA\120220_bvr_0001.hex
* Software version 2.8.0.119
* Temperature SN = 7809
* Conductivity SN = 7809
* System UpLoad Time = Dec 02 2020 17:09:25
* <ApplicationData>
* <Seaterm232>
# nquan = 16
# nvalues = 134                         
# units = specified
# name 0 = depFM: Depth [fresh water, m]
# name 1 = dz/dtM: Descent Rate [m/s]
# name 2 = orp: Oxidation Reduction Potential [mV]
# name 3 = sbeox0Mg/L: Oxygen, SBE 43 [mg/l]
# name 4 = sbeox0PS: Oxygen, SBE 43 [% saturation]
# name 5 = par/sat/log: PAR/Logarithmic, Satlantic
# name 6 = ph: pH
# name 7 = specc: Specific Conductance [uS/cm]
# name 8 = c0uS/cm: Conductivity [uS/cm]
# name 9 = flECO-AFL: Fluorescence, WET Labs ECO-AFL/FL [mg/m^3]
# name 10 = turbWETntu0: Turbidity, WET Labs ECO [NTU]
# name 11 = tv290C: Temperature [ITS-90, deg C]
# name 12 = density00: Density [density, kg/m^3]
# name 13 = prdE: Pressure, Strain Gauge [psi]
# name 14 = prdM: Pressure, Strain Gauge [db]
# name 15 = flag:  0.000e+00
# span 0 =     -0.732,     -0.037       
# span 1 =     -0.045,      0.151       
# span 2 =  -759.9015,  1240.2294       
# span 3 =     8.1884,    11.7758       
# span 4 =     68.691,     95.781       
# span 5 = 4.1895e+01, 2.2898e+03       
# span 6 =     15.789,     16.702       
# span 7 =      6.134,     44.069       
# span 8 =   3.781611,  28.371260       
# span 9 =    -1.1026,     3.2437       
# span 10 =    -0.7455,    13.9191      
# span 11 =     5.8233,     7.7095      
# span 12 =   999.8801,   999.9500      
# span 13 =     -1.044,     -0.051      
# span 14 =     -0.719,     -0.035      
# span 15 = 0.0000e+00, 0.0000e+00      
# interval = seconds: 0.25
# start_time = Dec 01 2020 22:21:33 [Instrument's time stamp, header]
# bad_flag = -9.990e-29
*END*
     -0.732 4.1071e-18  1240.1608    11.7331     93.754 1.9453e+02     16.137      6.134   3.781611    -0.9922    -0.1103     5.8233   999.9481     -1.041     -0.718 0.0000e+00
     -0.732 4.0001e-17  1240.2233    11.7500     93.841 7.6337e+02     16.651      6.164   3.800428    -0.9831    -0.0791     5.8235   999.9481     -1.041     -0.718 0.0000e+00
     -0.732 4.3954e-16  1240.2289    11.7542     94.051 1.7711e+03     16.697      6.226   3.838896    -0.9755    -0.0811     5.8238   999.9481     -1.042     -0.718 0.0000e+00
     -0.732 4.8349e-15  1240.2294    11.7377     94.084 2.2898e+03     16.702      6.271   3.866576    -0.9956    -0.0666     5.8241   999.9482     -1.041     -0.718 0.0000e+00
     -0.732 5.3184e-14  1240.2285    11.7105     93.890 2.2388e+03     16.702      6.296   3.881661    -1.0067     0.0279     5.8243   999.9482     -1.041     -0.718 0.0000e+00
     -0.731 5.8503e-13  1240.2189    11.7220     93.665 2.0662e+03     16.702      6.317   3.894556    -0.9950     0.1001     5.8246   999.9482     -1.040     -0.717 0.0000e+00
     -0.731 6.4353e-12  1240.1130    11.7731     93.583 1.8808e+03     16.702      6.319   3.895776    -0.9881     0.1194     5.8249   999.9482     -1.040     -0.717 0.0000e+00
     -0.732 7.0788e-11  1238.9479    11.7758     93.665 1.7453e+03     16.702      6.320   3.896412    -0.9892     0.1586     5.8250   999.9482     -1.042     -0.718 0.0000e+00
     -0.732 7.7867e-10  1226.1316    11.7388     93.753 1.6453e+03     16.702      6.329   3.902240    -0.9892     0.2650     5.8254   999.9482     -1.041     -0.717 0.0000e+00
     -0.732 8.5654e-09  1214.3833    11.7040     93.755 1.5491e+03     16.702      6.433   3.966242    -0.9792     0.3764     5.8258   999.9482     -1.040     -0.718 0.0000e+00
     -0.732 9.4219e-08  1226.1315    11.6894     93.770 1.4348e+03     16.697      6.650   4.100020    -0.9731     0.3722     5.8260   999.9482     -1.042     -0.719 0.0000e+00
     -0.732      0.000  1238.9471    11.7115     93.860 1.0633e+03     16.648      6.897   4.252530    -0.9921     0.1449     5.8264   999.9482     -1.041     -0.718 0.0000e+00
     -0.732      0.000  1240.1048    11.7287     93.895 4.6269e+02     16.440      7.265   4.479647    -0.9994    -0.1737     5.8266   999.9482     -1.041     -0.718 0.0000e+00
     -0.732      0.000  1240.1284    11.7199     93.800 1.5600e+02     16.163      8.736   5.388755    -0.9756    -0.2867     5.8269   999.9482     -1.042     -0.718 0.0000e+00
     -0.732      0.001  1239.2333    11.7171     93.723 4.3550e+02     16.094     12.663   7.830702    -0.9620    -0.2610     5.8270   999.9483     -1.042     -0.719 0.0000e+00
     -0.732      0.005  1229.2814    11.7366     93.734 1.0171e+03     16.135     19.291  12.015345    -0.9481    -0.0343     5.8277   999.9483     -1.042     -0.718 0.0000e+00
     -0.732      0.012  1119.8012    11.7501     93.743 1.3593e+03     16.063     29.044  18.273434    -0.9231     0.4288     5.8279   999.9485     -1.042     -0.718 0.0000e+00
     -0.732      0.021   458.5113    11.7225     93.672 1.4316e+03     15.957     37.778  23.963673    -0.9176     0.6688     5.8299   999.9483     -1.044     -0.719 0.0000e+00
     -0.728      0.032  -584.7410    11.7096     93.521 1.4042e+03     15.898     41.848  26.726521    -0.9188     0.6015     5.8306   999.9500     -1.040     -0.717 0.0000e+00
     -0.717      0.044  -759.9015    11.6708     93.437 1.0757e+03     15.865     44.048  28.276747    -0.9671     0.1991     5.9954   999.9467     -1.022     -0.705 0.0000e+00
     -0.701      0.055  -102.4594    11.5598     93.471 7.8767e+02     15.845     44.069  28.371260    -1.0628    -0.4197     6.3754   999.9379     -0.996     -0.687 0.0000e+00
     -0.685      0.061   280.7241    11.4597     93.538 1.0422e+03     15.834     42.342  27.299465    -1.1026    -0.7008     6.7107   999.9292     -0.974     -0.672 0.0000e+00
     -0.666      0.063   314.2092    11.3612     93.574 1.3452e+03     15.829     40.837  26.355843    -1.0959    -0.7277     6.9456   999.9188     -0.951     -0.655 0.0000e+00
     -0.646      0.064   310.1488    11.3004     93.542 1.4029e+03     15.825     39.200  25.335043    -1.0953    -0.7455     7.1168   999.9127     -0.915     -0.631 0.0000e+00
     -0.629      0.067   304.2482    11.2874     93.517 1.4276e+03     15.819     37.603  24.344567    -1.0286    -0.2291     7.2087   999.9081     -0.891     -0.614 0.0000e+00
     -0.617      0.071   303.7805    11.2844     93.522 1.4364e+03     15.812     36.556  23.703720    -0.8819     0.8809     7.2413   999.9055     -0.877     -0.605 0.0000e+00
     -0.606      0.076   303.3757    11.2905     93.332 1.4425e+03     15.807     36.566  23.738784    -0.7900     1.6214     7.2604   999.9045     -0.869     -0.599 0.0000e+00
     -0.586      0.085   305.5487    11.2658     92.918 1.4413e+03     15.805     37.336  24.261154    -0.7374     1.9944     7.3107   999.9013     -0.842     -0.581 0.0000e+00
     -0.556      0.097   314.0510    11.2400     92.692 1.4088e+03     15.810     38.452  25.009242    -0.2171     5.0810     7.3725   999.8979     -0.787     -0.543 0.0000e+00
     -0.529      0.109   318.2434    11.2418     92.874 1.3701e+03     15.814     39.550  25.743612     0.7509    10.7545     7.4252   999.8947     -0.748     -0.516 0.0000e+00
     -0.505      0.118   312.8752    11.2188     93.327 1.3830e+03     15.809     39.587  25.782810     1.2876    13.8054     7.4602   999.8931     -0.727     -0.501 0.0000e+00
     -0.471      0.125   307.4793    11.1297     93.831 1.4226e+03     15.797     38.334  24.975800     1.3608    13.9191     7.4874   999.8921     -0.671     -0.462 0.0000e+00
     -0.433      0.134   310.9072    11.0842     94.048 1.4310e+03     15.789     37.864  24.675554     1.5782    11.6146     7.5175   999.8911     -0.609     -0.421 0.0000e+00
     -0.401      0.144   318.5289    11.1140     93.985 1.4088e+03     15.790     39.342  25.640869     1.9702     7.2284     7.5466   999.8902     -0.568     -0.393 0.0000e+00
     -0.370      0.151   318.8412    11.1610     93.971 1.3648e+03     15.794     40.752  26.562439     2.1906     4.8662     7.5652   999.8895     -0.532     -0.367 0.0000e+00
     -0.328      0.148   311.0702    11.2457     94.127 1.3012e+03     15.797     41.132  26.811500     2.2112     4.6484     7.5770   999.8883     -0.476     -0.327 0.0000e+00
     -0.277      0.138   304.6726    11.2690     94.460 1.0639e+03     15.800     41.042  26.749314     2.1911     4.5605     7.5848   999.8876     -0.390     -0.269 0.0000e+00
     -0.232      0.122   303.6946    11.2335     94.869 6.0648e+02     15.803     40.394  26.317988     2.1575     4.5597     7.5854   999.8889     -0.323     -0.223 0.0000e+00
     -0.202      0.099   306.0424    11.2366     95.219 2.6834e+02     15.804     39.005  25.402210     2.1489     4.6038     7.5873   999.8895     -0.282     -0.194 0.0000e+00
     -0.183      0.072   309.0546    11.2479     95.441 1.7717e+02     15.805     36.936  24.049222     2.1529     4.6135     7.5930   999.8891     -0.254     -0.176 0.0000e+00
     -0.174      0.047   311.0336    11.2949     95.544 1.6685e+02     15.807     34.778  22.644119     2.1105     4.6084     7.5897   999.8895     -0.244     -0.169 0.0000e+00
     -0.172      0.029   312.4186    11.3572     95.680 1.6366e+02     15.809     33.177  21.604882     2.0378     4.5756     7.5753   999.8900     -0.243     -0.168 0.0000e+00
     -0.172      0.020   313.4961    11.4009     95.781 1.6110e+02     15.809     32.429  21.123398     2.0084     4.5608     7.5587   999.8904     -0.248     -0.171 0.0000e+00
     -0.170      0.017   313.9954    11.4387     95.668 1.5948e+02     15.809     32.435  21.134816     2.0123     4.6011     7.5502   999.8901     -0.245     -0.169 0.0000e+00
     -0.165      0.018   313.7241    11.4324     95.398 1.5745e+02     15.808     33.160  21.616112     2.0085     4.6509     7.5517   999.8892     -0.234     -0.161 0.0000e+00
     -0.158      0.022   313.8295    11.4530     94.962 1.5212e+02     15.808     34.605  22.567027     2.0010     4.6484     7.5577   999.8884     -0.224     -0.154 0.0000e+00
     -0.151      0.027   314.8386    11.4795     94.153 1.4165e+02     15.808     35.926  23.436706     1.9970     4.6048     7.5663   999.8877     -0.215     -0.148 0.0000e+00
     -0.145      0.032   315.4281    11.4504     92.703 1.2782e+02     15.808     36.314  23.696567     2.0085     4.6043     7.5765   999.8872     -0.205     -0.141 0.0000e+00
     -0.139      0.034   315.8811    11.4166     90.515 1.0498e+02     15.809     36.183  23.616126     2.0347     4.6082     7.5906   999.8866     -0.201     -0.139 0.0000e+00
     -0.128      0.033   316.9609    11.3686     87.815 7.5827e+01     15.810     36.064  23.542282     2.1041     4.5831     7.6063   999.8864     -0.187     -0.128 0.0000e+00
     -0.114      0.028   317.9866    11.2834     85.071 6.2643e+01     15.811     35.706  23.311110     2.2175     4.5758     7.6166   999.8866     -0.158     -0.109 0.0000e+00
     -0.103      0.020   319.2487    11.1129     82.635 6.2792e+01     15.811     34.997  22.850508     2.2810     4.5892     7.6256   999.8862     -0.145     -0.101 0.0000e+00
     -0.097      0.012   321.1224    10.8397     80.664 6.2428e+01     15.811     34.422  22.476005     2.2898     4.6067     7.6345   999.8856     -0.135     -0.093 0.0000e+00
     -0.098      0.003   321.7121    10.4920     79.309 6.3405e+01     15.811     34.207  22.334505     2.3335     4.6159     7.6379   999.8855     -0.134     -0.092 0.0000e+00
     -0.106     -0.004   320.0978    10.1455     78.530 6.5323e+01     15.810     34.127  22.281176     2.4089     4.6313     7.6410   999.8851     -0.154     -0.106 0.0000e+00
     -0.111     -0.009   318.8979     9.8563     78.132 6.5063e+01     15.810     34.312  22.401971     2.4487     4.6553     7.6455   999.8845     -0.163     -0.112 0.0000e+00
     -0.111     -0.009   319.2503     9.6044     77.862 6.3849e+01     15.811     34.989  22.843739     2.4709     4.6668     7.6474   999.8841     -0.157     -0.109 0.0000e+00
     -0.111     -0.006   319.6265     9.4498     77.527 6.2384e+01     15.811     35.801  23.373470     2.4766     4.5980     7.6448   999.8842     -0.155     -0.107 0.0000e+00
     -0.113     -0.001   319.2297     9.3652     77.111 6.1847e+01     15.811     36.353  23.733309     2.4411     4.4411     7.6422   999.8844     -0.161     -0.111 0.0000e+00
     -0.116      0.003   318.4105     9.3277     76.669 6.5412e+01     15.811     36.699  23.960029     2.4141     4.3494     7.6421   999.8844     -0.167     -0.115 0.0000e+00
     -0.115      0.007   318.6695     9.3091     76.319 6.5206e+01     15.811     36.889  24.085194     2.4162     4.3826     7.6419   999.8848     -0.166     -0.115 0.0000e+00
     -0.111      0.012   319.9532     9.2628     76.121 5.8913e+01     15.811     36.918  24.105064     2.4383     4.4641     7.6415   999.8851     -0.159     -0.109 0.0000e+00
     -0.106      0.015   319.4765     9.2163     76.071 5.4090e+01     15.811     36.966  24.136853     2.4629     4.5457     7.6413   999.8853     -0.150     -0.104 0.0000e+00
     -0.101      0.016   317.4656     9.1532     76.195 5.1029e+01     15.811     37.086  24.215854     2.4750     4.6141     7.6419   999.8854     -0.144     -0.100 0.0000e+00
     -0.094      0.014   317.4944     9.1101     76.495 5.0352e+01     15.811     37.213  24.299179     2.4891     4.6379     7.6437   999.8854     -0.133     -0.092 0.0000e+00
     -0.089      0.010   319.3936     9.0873     76.871 5.2017e+01     15.811     37.341  24.383234     2.4999     4.5935     7.6455   999.8853     -0.124     -0.086 0.0000e+00
     -0.089      0.008   320.9839     9.0794     77.170 5.2518e+01     15.811     37.475  24.471075     2.5197     4.5580     7.6462   999.8853     -0.126     -0.086 0.0000e+00
     -0.090      0.007   321.6655     9.0927     77.331 5.1606e+01     15.812     37.575  24.536745     2.5668     4.5862     7.6464   999.8853     -0.129     -0.089 0.0000e+00
     -0.091      0.007   321.0102     9.1328     77.411 5.0831e+01     15.812     37.585  24.542986     2.6018     4.6255     7.6471   999.8853     -0.131     -0.090 0.0000e+00
     -0.089      0.009   319.6004     9.1868     77.475 4.9411e+01     15.812     37.494  24.483111     2.6096     4.6553     7.6479   999.8853     -0.127     -0.087 0.0000e+00
     -0.084      0.013   318.8153     9.2240     77.495 4.7406e+01     15.813     37.343  24.383626     2.5939     4.6381     7.6483   999.8853     -0.119     -0.082 0.0000e+00
     -0.080      0.017   319.2617     9.2409     77.470 4.7039e+01     15.813     37.302  24.354903     2.5551     4.5549     7.6486   999.8854     -0.113     -0.077 0.0000e+00
     -0.076      0.020   320.3513     9.2443     77.459 4.7412e+01     15.813     37.455  24.452951     2.5401     4.5418     7.6482   999.8854     -0.111     -0.076 0.0000e+00
     -0.070      0.020   321.4064     9.2571     77.449 4.6574e+01     15.813     37.710  24.617750     2.5562     4.6176     7.6476   999.8855     -0.103     -0.070 0.0000e+00
     -0.062      0.019   321.5227     9.2595     77.379 4.5373e+01     15.813     37.933  24.761843     2.6162     4.6471     7.6473   999.8854     -0.087     -0.059 0.0000e+00
     -0.055      0.016   320.4665     9.2521     77.213 4.4013e+01     15.812     37.992  24.799816     2.7121     4.5884     7.6443   999.8856     -0.077     -0.053 0.0000e+00
     -0.052      0.012   319.8210     9.2535     76.968 4.2529e+01     15.812     37.932  24.759749     2.7427     4.5267     7.6403   999.8860     -0.072     -0.050 0.0000e+00
     -0.051      0.007   319.9130     9.2559     76.697 4.1895e+01     15.813     37.875  24.721384     2.7385     4.5531     7.6385   999.8861     -0.073     -0.049 0.0000e+00
     -0.050      0.002   319.7723     9.2496     76.476 4.2435e+01     15.814     37.869  24.716498     2.7670     4.5298     7.6373   999.8863     -0.072     -0.050 0.0000e+00
     -0.050      0.000   319.0657     9.2288     76.344 4.4056e+01     15.815     37.845  24.700663     2.7918     4.4169     7.6361   999.8864     -0.070     -0.048 0.0000e+00
     -0.051      0.001   318.5109     9.1981     76.285 4.6175e+01     15.815     37.780  24.656774     2.8002     4.3898     7.6348   999.8864     -0.072     -0.050 0.0000e+00
     -0.054      0.003   317.8824     9.1614     76.230 4.7465e+01     15.815     37.743  24.629821     2.8017     4.4079     7.6339   999.8864     -0.077     -0.053 0.0000e+00
     -0.055      0.004   316.2844     9.1337     76.132 4.7465e+01     15.815     37.652  24.565050     2.7803     4.4640     7.6332   999.8864     -0.080     -0.055 0.0000e+00
     -0.051      0.003   315.1936     9.1187     75.993 4.6075e+01     15.815     37.377  24.381019     2.7424     4.5535     7.6318   999.8866     -0.075     -0.052 0.0000e+00
     -0.046      0.002   315.3628     9.1152     75.837 4.5155e+01     15.814     36.974  24.117178     2.7157     4.5625     7.6310   999.8866     -0.062     -0.043 0.0000e+00
     -0.043      0.001   316.0064     9.1133     75.687 4.6570e+01     15.814     36.658  23.911925     2.6949     4.5732     7.6278   999.8868     -0.058     -0.040 0.0000e+00
     -0.046      0.000   316.9528     9.1006     75.466 4.8225e+01     15.814     36.488  23.802030     2.6913     4.6142     7.6181   999.8873     -0.067     -0.046 0.0000e+00
     -0.051     -0.002   317.8576     9.0884     75.143 4.9276e+01     15.814     36.391  23.739786     2.7301     4.6465     7.6103   999.8876     -0.074     -0.051 0.0000e+00
     -0.053     -0.002   318.1701     9.0631     74.805 5.0485e+01     15.814     36.377  23.730144     2.7920     4.6542     7.6100   999.8874     -0.076     -0.052 0.0000e+00
     -0.052     -0.001   317.8059     9.0524     74.492 5.0032e+01     15.815     36.406  23.748871     2.8291     4.6049     7.6127   999.8871     -0.076     -0.052 0.0000e+00
