Data/DataNotYetUploadedToEDI/Raw_CTD/RawDownloads/120225_ccr50_S8188002.cnv
* Sea-Bird SBE19plus  Data File:
* FileName = C:\R\Reservoirs\Data\DataNotYetUploadedToEDI\Raw_CTD\RawDownloads\120125_bvr50_S8188_0002.hex
* Software version 2.8.0.119
* Temperature SN = 8188
* Conductivity SN = 8188
* System UpLoad Time = Dec 10 2025 15:14:55
* <ApplicationData>
* <Seaterm232>
# nquan = 16
# nvalues = 1807                        
# units = specified
# name 0 = depFM: Depth [fresh water, m]
# name 1 = dz/dtM: Descent Rate [m/s]
# name 2 = sbeox0Mg/L: Oxygen, SBE 43 [mg/l]
# name 3 = sbeox0PS: Oxygen, SBE 43 [% saturation]
# name 4 = specc: Specific Conductance [uS/cm]
# name 5 = c0uS/cm: Conductivity [uS/cm]
# name 6 = wetCDOM: Fluorescence, WET Labs CDOM [mg/m^3]
# name 7 = flECO-AFL: Fluorescence, WET Labs ECO-AFL/FL [mg/m^3]
# name 8 = flECO-AFL1: Fluorescence, WET Labs ECO-AFL/FL, 2 [mg/m^3]
# name 9 = flECO-AFL2: Fluorescence, WET Labs ECO-AFL/FL, 3 [mg/m^3]
# name 10 = par/sat/log: PAR/Logarithmic, Satlantic
# name 11 = turbWETntu0: Turbidity, WET Labs ECO [NTU]
# name 12 = prdM: Pressure, Strain Gauge [db]
# name 13 = prdE: Pressure, Strain Gauge [psi]
# name 14 = tv290C: Temperature [ITS-90, deg C]
# name 15 = flag:  0.000e+00
# span 0 =     -0.570,     15.532       
# span 1 =     -0.447,      0.405       
# span 2 =     6.0419,    11.6915       
# span 3 =     53.048,    101.960       
# span 4 =   -730.952,    112.736       
# span 5 =-504.472030,  78.261689       
# span 6 =    -4.5000,   143.1000       
# span 7 =    -0.2922,     3.2593       
# span 8 =    -2.1300,     0.1704       
# span 9 =    -2.0304,    13.3668       
# span 10 = 1.1590e-01, 1.7092e+02      
# span 11 =    -1.1404,    71.2798      
# span 12 =     -0.559,     15.232      
# span 13 =     -0.810,     22.093      
# span 14 =     8.3035,     9.7106      
# span 15 = 0.0000e+00, 0.0000e+00      
# interval = seconds: 0.25
# start_time = Dec 02 2025 11:55:49 [Instrument's time stamp, header]
# bad_flag = -9.990e-29
*END*
[from data line 1537]
      8.736     -0.254     9.5125     84.130    112.526  78.120018    15.2100     2.2484     0.1278     0.4230 1.1607e-01     2.6664      8.567     12.425     9.7096 0.0000e+00
      8.677     -0.253     9.5132     84.300    112.516  78.113241    15.2100     2.2522     0.1278     0.4230 1.1617e-01     2.7118      8.509     12.341     9.7096 0.0000e+00
      8.618     -0.258     9.5226     84.440    112.525  78.119636    15.2100     2.3285     0.1278     0.4230 1.1620e-01     2.3643      8.452     12.258     9.7096 0.0000e+00
      8.556     -0.268     9.5389     84.537    112.504  78.104977    15.2100     2.2751     0.1278     0.4230 1.1600e-01     2.2888      8.390     12.169     9.7096 0.0000e+00
      8.487     -0.279     9.5588     84.591    112.436  78.057368    15.2100     2.2980     0.1278     0.4230 1.1623e-01     2.3039      8.322     12.071     9.7096 0.0000e+00
      8.409     -0.287     9.5782     84.621    112.391  78.026000    15.2100     2.3285     0.1704     0.5076 1.1620e-01     2.4398      8.246     11.960     9.7096 0.0000e+00
      8.327     -0.292     9.5941     84.654    112.406  78.036445    15.2100     2.3095     0.1704     0.5076 1.1605e-01     2.6060      8.166     11.844     9.7096 0.0000e+00
      8.247     -0.292     9.6051     84.714    112.419  78.045573    15.2100     2.3247     0.1704     0.5076 1.4096e-01     2.6513      8.088     11.730     9.7097 0.0000e+00
      8.174     -0.290     9.6113     84.816    112.385  78.021881    15.2100     2.2942     0.1704     0.5076 1.4716e-01     2.6513      8.016     11.626     9.7097 0.0000e+00
      8.105     -0.287     9.6146     84.949    112.354  78.000975    15.2100     2.2866     0.1278     0.5076 1.1623e-01     2.5909      7.949     11.529     9.7097 0.0000e+00
      8.037     -0.286     9.6184     85.087    112.352  77.999239    15.2100     2.2294     0.1278     0.5076 1.6091e-01     2.3341      7.882     11.432     9.7097 0.0000e+00
      7.966     -0.287     9.6252     85.207    112.333  77.986266    15.2100     2.2637     0.1278     0.5076 1.4870e-01     2.3945      7.812     11.331     9.7097 0.0000e+00
      7.891     -0.292     9.6367     85.292    112.333  77.986543    15.2100     2.2332     0.1278     0.5076 1.5831e-01     2.3039      7.739     11.224     9.7097 0.0000e+00
      7.814     -0.299     9.6519     85.335    112.419  78.046061    15.3000     2.2561     0.1278     0.5076 1.8419e-01     2.3492      7.663     11.114     9.7097 0.0000e+00
      7.736     -0.306     9.6676     85.332    112.541  78.130783    15.3000     2.3133     0.1278     0.5076 1.7070e-01     2.4701      7.587     11.004     9.7097 0.0000e+00
      7.659     -0.313     9.6812     85.286    112.606  78.175465    15.3000     2.3018     0.1278     0.5076 2.0232e-01     2.5003      7.511     10.894     9.7097 0.0000e+00
      7.580     -0.320     9.6909     85.211    112.587  78.162076    15.3000     2.2904     0.1278     0.5076 2.2291e-01     2.3945      7.434     10.782     9.7098 0.0000e+00
      7.498     -0.326     9.6957     85.128    112.542  78.130966    15.2100     2.3171     0.1278     0.5922 2.0758e-01     2.3341      7.353     10.665     9.7098 0.0000e+00
      7.412     -0.331     9.6954     85.062    112.524  78.117757    15.2100     2.2942     0.1278     0.5922 2.7762e-01     2.2737      7.268     10.542     9.7097 0.0000e+00
      7.324     -0.335     9.6903     85.026    112.506  78.104954    15.2100     2.3056     0.1278     0.5922 2.9845e-01     2.3794      7.183     10.418     9.7097 0.0000e+00
      7.238     -0.335     9.6818     85.026    112.486  78.091139    15.2100     2.2980     0.1278     0.5922 2.8945e-01     2.3341      7.098     10.295     9.7096 0.0000e+00
      7.151     -0.332     9.6723     85.051    112.500  78.100577    15.2100     2.3018     0.1278     0.5922 3.3847e-01     2.4247      7.013     10.172     9.7095 0.0000e+00
      7.066     -0.327     9.6647     85.085    112.520  78.113825    15.2100     2.3095     0.1278     0.4653 3.7937e-01     2.3643      6.929     10.050     9.7094 0.0000e+00
      6.982     -0.321     9.6607     85.111    112.501  78.100477    15.2100     2.2904     0.1278     0.4653 4.2967e-01     2.3492      6.847      9.931     9.7093 0.0000e+00
      6.902     -0.317     9.6607     85.111    112.470  78.078936    15.2100     2.3095     0.1278     0.4653 4.1015e-01     2.3945      6.768      9.817     9.7091 0.0000e+00
      6.824     -0.313     9.6636     85.069    112.451  78.065416    15.2100     2.3133     0.1278     0.4653 3.7372e-01     2.2888      6.692      9.707     9.7090 0.0000e+00
      6.748     -0.312     9.6676     84.982    112.421  78.044333    15.2100     2.1798     0.1704     0.5499 4.5911e-01     2.3643      6.617      9.598     9.7088 0.0000e+00
      6.669     -0.312     9.6705     84.864    112.372  78.010067    15.2100     2.1759     0.1704     0.5499 4.7525e-01     2.3039      6.539      9.485     9.7087 0.0000e+00
      6.588     -0.313     9.6705     84.736    112.346  77.991410    15.2100     2.1759     0.1704     0.5499 5.5610e-01     2.4247      6.460      9.370     9.7086 0.0000e+00
      6.506     -0.314     9.6657     84.620    112.360  78.001352    15.2100     2.1721     0.1704     0.5499 5.9901e-01     2.4398      6.380      9.254     9.7085 0.0000e+00
      6.426     -0.312     9.6559     84.532    112.365  78.004616    15.3000     2.2255     0.1278     0.5499 6.1483e-01     2.3794      6.301      9.140     9.7084 0.0000e+00
      6.345     -0.308     9.6425     84.480    112.341  77.988098    15.3000     2.2255     0.1278     0.5499 6.6965e-01     2.3643      6.223      9.025     9.7083 0.0000e+00
      6.266     -0.301     9.6279     84.462    112.349  77.993308    15.3000     2.2294     0.1278     0.5499 7.7274e-01     2.3945      6.144      8.912     9.7082 0.0000e+00
      6.188     -0.293     9.6148     84.473    112.410  78.035610    15.3000     2.2255     0.1278     0.5499 8.7066e-01     2.4096      6.068      8.802     9.7082 0.0000e+00
      6.115     -0.284     9.6049     84.508    112.440  78.056413    15.2100     2.2980     0.1278     0.4653 8.2051e-01     2.3945      5.996      8.697     9.7081 0.0000e+00
      6.045     -0.275     9.5989     84.562    112.410  78.035313    15.2100     2.3095     0.1278     0.4653 8.9152e-01     2.3039      5.928      8.598     9.7081 0.0000e+00
      5.977     -0.266     9.5969     84.628    112.389  78.020585    15.2100     2.2942     0.1278     0.4653 9.5137e-01     2.5003      5.862      8.502     9.7080 0.0000e+00
      5.911     -0.260     9.5982     84.707    112.386  78.018282    15.2100     2.3018     0.1278     0.4653 1.0288e+00     2.3190      5.796      8.407     9.7080 0.0000e+00
      5.846     -0.256     9.6022     84.793    112.377  78.011820    15.2100     2.2446     0.1278     0.4653 1.0742e+00     2.3492      5.733      8.315     9.7079 0.0000e+00
      5.783     -0.256     9.6083     84.865    112.371  78.007460    15.2100     2.2217     0.1278     0.4653 1.0763e+00     2.4398      5.671      8.225     9.7078 0.0000e+00
      5.720     -0.257     9.6158     84.914    112.364  78.002046    15.2100     2.2294     0.1278     0.4653 1.1079e+00     2.4096      5.610      8.136     9.7077 0.0000e+00
      5.655     -0.259     9.6249     84.941    112.361  78.000120    15.2100     2.2370     0.1278     0.4653 1.1882e+00     2.4398      5.546      8.044     9.7076 0.0000e+00
      5.588     -0.262     9.6346     84.950    112.380  78.013149    15.2100     2.3171     0.1278     0.4653 1.2882e+00     2.6211      5.480      7.948     9.7075 0.0000e+00
      5.519     -0.266     9.6429     84.948    112.403  78.028636    15.3000     2.3018     0.1278     0.5922 1.4296e+00     2.5909      5.412      7.849     9.7074 0.0000e+00
      5.449     -0.269     9.6485     84.940    112.412  78.034741    15.3000     2.3171     0.1278     0.5922 1.5345e+00     2.6211      5.344      7.751     9.7072 0.0000e+00
      5.381     -0.272     9.6515     84.926    112.410  78.033091    15.3000     2.3285     0.1278     0.5922 1.5269e+00     2.5909      5.277      7.654     9.7071 0.0000e+00
      5.313     -0.275     9.6526     84.915    112.385  78.015262    15.3000     2.2446     0.1278     0.5922 1.5472e+00     2.3643      5.211      7.557     9.7071 0.0000e+00
      5.244     -0.277     9.6524     84.912    112.346  77.988478    15.2100     2.2255     0.1278     1.0998 1.6329e+00     2.3492      5.143      7.458     9.7070 0.0000e+00
      5.172     -0.279     9.6515     84.911    112.328  77.975540    15.2100     2.2294     0.1278     1.0998 1.8563e+00     2.4247      5.072      7.356     9.7069 0.0000e+00
      5.098     -0.282     9.6500     84.898    112.333  77.978987    15.2100     2.2332     0.1278     1.0998 2.0275e+00     2.4398      5.000      7.251     9.7068 0.0000e+00
      5.026     -0.283     9.6487     84.868    112.358  77.995746    15.2100     2.4277     0.1278     1.0998 2.0716e+00     2.4398      4.929      7.148     9.7067 0.0000e+00
      4.954     -0.282     9.6484     84.824    112.408  78.030288    15.2100     2.4354     0.1278     1.0998 2.1730e+00     2.3643      4.858      7.046     9.7066 0.0000e+00
      4.882     -0.279     9.6483     84.778    112.454  78.061877    15.2100     2.4430     0.1278     0.5499 2.3534e+00     2.3643      4.788      6.944     9.7065 0.0000e+00
      4.810     -0.276     9.6469     84.741    112.447  78.057016    15.2100     2.4239     0.1278     0.5499 2.5587e+00     2.4096      4.717      6.841     9.7064 0.0000e+00
      4.739     -0.273     9.6435     84.726    112.409  78.030378    15.2100     2.4201     0.1278     0.5499 2.7341e+00     2.4096      4.647      6.740     9.7063 0.0000e+00
      4.670     -0.271     9.6385     84.749    112.392  78.018780    15.2100     2.4048     0.1278     0.5499 2.8002e+00     2.3794      4.580      6.643     9.7062 0.0000e+00
      4.604     -0.269     9.6333     84.812    112.416  78.035098    15.3000     2.4468     0.1278     0.5499 2.7960e+00     2.4247      4.515      6.548     9.7061 0.0000e+00
      4.537     -0.269     9.6291     84.906    112.452  78.059730    15.3000     2.4315     0.1278     0.5499 2.9804e+00     2.4701      4.449      6.453     9.7060 0.0000e+00
      4.469     -0.270     9.6274     85.012    112.457  78.063309    15.3000     2.3133     0.1278     0.5499 3.2475e+00     2.3341      4.382      6.356     9.7059 0.0000e+00
      4.399     -0.272     9.6300     85.118    112.454  78.060766    15.3000     2.3095     0.1278     0.5499 3.5095e+00     2.4398      4.314      6.257     9.7058 0.0000e+00
      4.328     -0.272     9.6372     85.214    112.472  78.073380    15.1200     2.3171     0.1278     0.5499 3.6038e+00     2.3945      4.244      6.156     9.7058 0.0000e+00
      4.257     -0.270     9.6479     85.286    112.462  78.066587    15.1200     2.3209     0.1278     0.5499 3.8633e+00     2.4096      4.175      6.056     9.7057 0.0000e+00
      4.187     -0.262     9.6599     85.325    112.416  78.034582    15.1200     2.3781     0.1278     0.5499 4.2463e+00     2.2586      4.106      5.955     9.7056 0.0000e+00
      4.118     -0.249     9.6720     85.337    112.399  78.022730    15.1200     2.3896     0.1278     0.5499 4.7470e+00     2.3945      4.038      5.857     9.7056 0.0000e+00
      4.053     -0.232     9.6829     85.336    112.410  78.029869    15.1200     2.3591     0.1278     0.7191 5.1803e+00     2.3794      3.974      5.764     9.7056 0.0000e+00
      3.994     -0.214     9.6911     85.340    112.407  78.027956    15.1200     2.3514     0.1278     0.7191 5.3264e+00     2.4398      3.917      5.681     9.7056 0.0000e+00
      3.944     -0.196     9.6955     85.362    112.379  78.008497    15.1200     2.5460     0.1278     0.7191 5.3010e+00     2.4247      3.868      5.610     9.7055 0.0000e+00
      3.900     -0.182     9.6969     85.394    112.350  77.988263    15.1200     2.5383     0.1278     0.7191 5.2438e+00     2.3945      3.824      5.547     9.7055 0.0000e+00
      3.860     -0.174     9.6968     85.419    112.358  77.993797    15.1200     2.5498     0.1278     0.7191 5.2472e+00     2.3039      3.785      5.490     9.7055 0.0000e+00
      3.820     -0.175     9.6973     85.435    112.388  78.014599    15.2100     2.5727     0.1704     0.5922 5.2415e+00     2.3945      3.747      5.434     9.7055 0.0000e+00
      3.780     -0.183     9.6998     85.436    112.407  78.028266    15.2100     2.5002     0.1704     0.5922 5.2086e+00     2.3794      3.707      5.376     9.7054 0.0000e+00
      3.734     -0.197     9.7033     85.420    112.439  78.050423    15.2100     2.4811     0.1704     0.5922 5.3184e+00     2.3341      3.662      5.311     9.7054 0.0000e+00
      3.682     -0.212     9.7063     85.390    112.495  78.088973    15.2100     2.4811     0.1704     0.5922 5.8392e+00     2.4701      3.611      5.238     9.7054 0.0000e+00
      3.624     -0.225     9.7080     85.357    112.508  78.098301    15.1200     2.4849     0.1278     0.4653 6.3889e+00     2.3945      3.554      5.154     9.7054 0.0000e+00
      3.560     -0.233     9.7082     85.335    112.448  78.056938    15.1200     2.4811     0.1278     0.4653 6.9464e+00     2.3794      3.492      5.064     9.7055 0.0000e+00
      3.495     -0.236     9.7063     85.336    112.380  78.009749    15.1200     2.2942     0.1278     0.4653 7.7875e+00     2.2586      3.428      4.971     9.7055 0.0000e+00
      3.432     -0.235     9.7029     85.357    112.364  77.998053    15.1200     2.3285     0.1278     0.4653 8.4487e+00     2.3341      3.366      4.881     9.7056 0.0000e+00
      3.373     -0.233     9.6992     85.384    112.377  78.006753    15.2100     2.2904     0.1278     0.5076 8.2456e+00     2.4398      3.308      4.797     9.7056 0.0000e+00
      3.318     -0.231     9.6967     85.409    112.379  78.008224    15.2100     2.3362     0.1278     0.5076 8.1211e+00     2.4096      3.254      4.719     9.7056 0.0000e+00
      3.263     -0.231     9.6968     85.426    112.400  78.022821    15.2100     2.3858     0.1278     0.5076 8.2473e+00     2.4852      3.200      4.641     9.7056 0.0000e+00
      3.206     -0.233     9.6992     85.437    112.460  78.064420    15.2100     2.3781     0.1278     0.5076 8.8778e+00     2.3794      3.144      4.560     9.7056 0.0000e+00
      3.145     -0.237     9.7023     85.444    112.521  78.106183    15.2100     2.3476     0.1278     0.5922 9.7792e+00     2.3492      3.084      4.473     9.7055 0.0000e+00
      3.081     -0.243     9.7051     85.450    112.551  78.127306    15.2100     2.3591     0.1278     0.5922 1.0646e+01     2.3794      3.022      4.383     9.7055 0.0000e+00
      3.018     -0.251     9.7071     85.453    112.549  78.125437    15.2100     2.3819     0.1278     0.5922 1.0894e+01     2.7420      2.960      4.293     9.7054 0.0000e+00
      2.956     -0.260     9.7083     85.449    112.518  78.104069    15.2100     2.3781     0.1278     0.5922 1.0765e+01     2.5909      2.899      4.204     9.7053 0.0000e+00
      2.892     -0.269     9.7091     85.430    112.492  78.085455    15.2100     2.3629     0.1278     0.5922 1.0975e+01     2.5305      2.836      4.113     9.7053 0.0000e+00
      2.823     -0.279     9.7098     85.395    112.502  78.092578    15.3000     2.3667     0.1278     0.5076 1.1789e+01     2.5456      2.769      4.016     9.7052 0.0000e+00
      2.749     -0.289     9.7101     85.349    112.535  78.115361    15.3000     2.2522     0.1278     0.5076 1.3268e+01     2.4247      2.696      3.910     9.7052 0.0000e+00
      2.670     -0.297     9.7097     85.303    112.570  78.139916    15.3000     2.2217     0.1278     0.5076 1.5314e+01     2.4398      2.619      3.798     9.7051 0.0000e+00
      2.591     -0.302     9.7076     85.266    112.601  78.160812    15.3000     2.2446     0.1278     0.5076 1.6071e+01     2.3341      2.541      3.685     9.7050 0.0000e+00
