Data/DataNotYetUploadedToEDI/Raw_CTD/RawDownloads/120220_fcr50.cnv
* Sea-Bird SBE19plus  Data File:
* FileName = C:\DATA\120220_bvr_0002.hex
* Software version 2.8.0.119
* Temperature SN = 7809
* Conductivity SN = 7809
* System UpLoad Time = Dec 02 2020 17:09:32
* <ApplicationData>
* <Seaterm232>
# nquan = 16
# nvalues = 124                         
# units = specified
# name 0 = depFM: Depth [fresh water, m]
# name 1 = dz/dtM: Descent Rate [m/s]
# name 2 = orp: Oxidation Reduction Potential [mV]
# name 3 = sbeox0Mg/L: Oxygen, SBE 43 [mg/l]
# name 4 = sbeox0PS: Oxygen, SBE 43 [% saturation]
# name 5 = par/sat/log: PAR/Logarithmic, Satlantic
# name 6 = ph: pH
# name 7 = specc: Specific Conductance [uS/cm]
# name 8 = c0uS/cm: Conductivity [uS/cm]
# name 9 = flECO-AFL: Fluorescence, WET Labs ECO-AFL/FL [mg/m^3]
# name 10 = turbWETntu0: Turbidity, WET Labs ECO [NTU]
# name 11 = tv290C: Temperature [ITS-90, deg C]
# name 12 = density00: Density [density, kg/m^3]
# name 13 = prdE: Pressure, Strain Gauge [psi]
# name 14 = prdM: Pressure, Strain Gauge [db]
# name 15 = flag:  0.000e+00
# span 0 =     -0.647,      0.051       
# span 1 =      0.000,      0.171       
# span 2 =   133.7852,  1194.4514       
# span 3 =   -37.0029,    11.9370       
# span 4 =   -235.510,    100.911       
# span 5 = 3.9145e+01, 1.2905e+03       
# span 6 =     -0.817,     16.231       
# span 7 =      3.196,     43.926       
# span 8 =   1.954119,  28.473389       
# span 9 =    -1.2415,    67.4073       
# span 10 =    -6.3562,   243.1066      
# span 11 =     5.5142,     8.3326      
# span 12 =   999.8448,   999.9566      
# span 13 =     -0.921,      0.073      
# span 14 =     -0.635,      0.051      
# span 15 = 0.0000e+00, 0.0000e+00      
# interval = seconds: 0.25
# start_time = Dec 02 2020 00:41:54 [Instrument's time stamp, header]
# bad_flag = -9.990e-29
*END*
     -0.647      0.001   133.7852    11.8544     94.339 1.1050e+02     15.915      3.383   2.068589    -0.9899    -0.0369     5.5685   999.9546     -0.921     -0.635 0.0000e+00
     -0.647      0.001   180.1600    11.8632     94.247 1.1139e+02     15.957      3.337   2.040776    -0.9865    -0.1067     5.5696   999.9545     -0.921     -0.635 0.0000e+00
     -0.646      0.001   203.6472    11.8850     94.214 1.1148e+02     15.970      3.273   2.001690    -0.9969    -0.1523     5.5715   999.9545     -0.919     -0.634 0.0000e+00
     -0.646      0.001   192.2586    11.8811     94.261 1.1069e+02     15.955      3.231   1.976128    -0.9910    -0.1764     5.5732   999.9544     -0.919     -0.634 0.0000e+00
     -0.646      0.001   198.9654    11.8742     94.352 1.1161e+02     15.926      3.246   1.985130    -0.9729    -0.2263     5.5744   999.9544     -0.919     -0.633 0.0000e+00
     -0.647      0.000   229.2432    11.8543     94.425 1.1893e+02     15.899      3.244   1.983821    -0.9778    -0.2747     5.5757   999.9543     -0.920     -0.634 0.0000e+00
     -0.647 1.8628e-08   243.4412    11.8502     94.410 1.8552e+02     15.879      3.206   1.960296    -0.9931    -0.3157     5.5772   999.9543     -0.920     -0.634 0.0000e+00
     -0.646 2.0490e-07   239.7666    11.8583     94.344 2.9815e+02     15.862      3.196   1.954119    -0.9860    -0.2750     5.5783   999.9542     -0.919     -0.633 0.0000e+00
     -0.646 2.0490e-07   235.7486    11.8702     94.304 3.0447e+02     15.848      3.331   2.035835    -0.9687    -0.2300     5.5780   999.9543     -0.919     -0.634 0.0000e+00
     -0.646 1.8627e-08   235.7287    11.8884     94.325 2.4945e+02     15.839      3.685   2.251425    -0.9744    -0.2863     5.5756   999.9543     -0.919     -0.634 0.0000e+00
     -0.646 1.6934e-09   236.6009    11.8825     94.400 2.3640e+02     15.835      4.147   2.533443    -0.9884    -0.3030     5.5701   999.9544     -0.919     -0.634 0.0000e+00
     -0.646 1.5395e-10   238.7236    11.8736     94.448 2.0531e+02     15.834      4.559   2.784771    -0.9655    -0.2600     5.5623   999.9546     -0.919     -0.634 0.0000e+00
     -0.646 1.4032e-11   242.4654    11.8695     94.376 1.8497e+02     15.836      4.927   3.009389    -0.9265    -0.2820     5.5552   999.9548     -0.919     -0.634 0.0000e+00
     -0.646 1.6790e-12   245.7064    11.8734     94.214 1.8027e+02     15.837      5.275   3.221860    -0.9178    -0.3284     5.5495   999.9551     -0.919     -0.634 0.0000e+00
     -0.646 4.5892e-12   247.1077    11.8874     94.089 1.5993e+02     15.835      5.446   3.326296    -0.9179    -0.3061     5.5454   999.9553     -0.919     -0.634 0.0000e+00
     -0.646 4.9219e-11   248.9120    11.9022     94.107 1.6061e+02     15.834      5.438   3.321750    -0.9274    -0.2530     5.5426   999.9555     -0.918     -0.633 0.0000e+00
     -0.646 5.4129e-10   252.8091    11.8895     94.192 1.7062e+02     15.836      5.393   3.293605    -0.9655    -0.2695     5.5409   999.9556     -0.919     -0.634 0.0000e+00
     -0.646 5.9542e-09   257.8323    11.8653     94.249 1.4597e+02     15.839      5.305   3.239440    -0.9877    -0.3341     5.5398   999.9558     -0.919     -0.634 0.0000e+00
     -0.646 6.5496e-08   263.4446    11.8398     94.275 1.0039e+02     15.841      5.198   3.173709    -0.9863    -0.3466     5.5391   999.9559     -0.919     -0.634 0.0000e+00
     -0.646 7.2046e-07   269.5589    11.8497     94.258 7.7972e+01     15.842      5.131   3.132433    -1.0435    -0.3187     5.5370   999.9559     -0.918     -0.633 0.0000e+00
     -0.646      0.000   275.6620    11.8699     94.267 8.0457e+01     15.842      5.111   3.120526    -1.1644    -0.3057     5.5333   999.9560     -0.918     -0.633 0.0000e+00
     -0.646      0.000   285.0119    11.8707     94.296 1.0177e+02     15.842      5.170   3.156453    -1.2375    -0.3267     5.5284   999.9560     -0.918     -0.633 0.0000e+00
     -0.645      0.001   319.3685    11.8842     94.296 2.5958e+02     15.855      5.427   3.313395    -1.2415    -0.3325     5.5257   999.9561     -0.918     -0.633 0.0000e+00
     -0.645      0.006   562.7798    11.8725     94.293 6.3515e+02     15.987      6.548   4.004369    -1.2310    -0.4442     5.5223   999.9561     -0.918     -0.633 0.0000e+00
     -0.646      0.016   986.3238    11.8751     94.220 1.0117e+03     16.200      9.633   5.935213    -1.1773    -2.0203     5.5235   999.9561     -0.918     -0.633 0.0000e+00
     -0.646      0.031  1194.4514    11.8874     94.074 1.1927e+03     16.231     16.006   9.994033    -1.0683    -4.8661     5.5192   999.9562     -0.918     -0.633 0.0000e+00
     -0.642      0.050   986.4139    11.8758     93.970 1.2419e+03     16.091     26.703  16.891252    -0.9913    -6.3562     5.5253   999.9561     -0.917     -0.632 0.0000e+00
     -0.627      0.072   558.4459    11.8882     93.931 1.2634e+03     15.961     38.126  24.349201    -0.9622    -6.2702     5.5142   999.9566     -0.899     -0.620 0.0000e+00
     -0.600      0.099   305.7144    11.8526     93.899 1.2821e+03     15.877     43.908  28.260264    -0.8490    -3.7921     5.6046   999.9554     -0.855     -0.589 0.0000e+00
     -0.570      0.126   265.2474    11.6996     93.844 1.2905e+03     15.826     43.926  28.473389    -0.6436     0.8435     6.0193   999.9455     -0.806     -0.555 0.0000e+00
     -0.540      0.149   253.2879    11.5387     93.761 1.2816e+03     15.796     42.332  27.624347    -0.5193     3.5325     6.5240   999.9321     -0.776     -0.535 0.0000e+00
     -0.499      0.165   245.8612    11.4311     93.686 1.2531e+03     15.783     41.031  26.939302    -0.4433     4.8250     6.8964   999.9219     -0.719     -0.496 0.0000e+00
     -0.445      0.171   241.2717    11.3448     93.651 1.2344e+03     15.777     40.208  26.534109     0.1507    15.7505     7.1867   999.9106     -0.626     -0.431 0.0000e+00
     -0.391      0.169   237.7183    11.2738     93.653 1.2458e+03     15.762     39.959  26.467822     1.2274    35.7220     7.4212   999.8983     -0.556     -0.383 0.0000e+00
     -0.343      0.159   233.0971    11.2028     93.728 1.2618e+03     15.744     40.038  26.581941     1.8264    46.5511     7.6356   999.8865     -0.484     -0.335 0.0000e+00
     -0.302      0.141   229.3637    11.1335     93.857 1.2654e+03     15.737     39.986  26.581919     1.8906    46.6037     7.8412   999.8746     -0.423     -0.292 0.0000e+00
     -0.272      0.120   226.7357    11.0873     93.990 1.2419e+03     15.737     39.786  26.467594     1.8613    35.7401     8.0131   999.8642     -0.384     -0.265 0.0000e+00
     -0.247      0.101   224.6386    11.0497     94.155 1.0595e+03     15.739     39.582  26.341423     1.7966    15.5554     8.1329   999.8569     -0.346     -0.239 0.0000e+00
     -0.228      0.087   224.1408    11.0399     94.318 8.8924e+02     15.741     39.453  26.261588     1.7566     4.5323     8.2052   999.8526     -0.326     -0.224 0.0000e+00
     -0.211      0.077   225.4494    11.0523     94.482 1.0422e+03     15.741     39.640  26.390345     1.7590     3.5709     8.2424   999.8503     -0.300     -0.207 0.0000e+00
     -0.193      0.070   228.2426    11.0530     94.672 1.2344e+03     15.742     39.810  26.502720     1.7680     3.5187     8.2653   999.8489     -0.272     -0.187 0.0000e+00
     -0.175      0.065   230.7250    11.0774     94.842 1.2603e+03     15.744     39.397  26.224813     1.6746     3.5236     8.2746   999.8483     -0.252     -0.173 0.0000e+00
     -0.156      0.061   231.9754    11.0933     95.007 1.2577e+03     15.745     38.889  25.884564     1.4974     3.5611     8.2808   999.8479     -0.222     -0.153 0.0000e+00
     -0.140      0.058   232.1766    11.1059     95.176 1.2554e+03     15.746     38.596  25.687167     1.3997     3.6293     8.2884   999.8475     -0.195     -0.136 0.0000e+00
     -0.128      0.054   231.1785    11.1368     95.450 1.2522e+03     15.748     38.302  25.487241     1.3906     3.6965     8.2854   999.8481     -0.182     -0.126 0.0000e+00
     -0.117      0.049   229.5439    11.1538     96.321 1.2502e+03     15.748     38.132  25.370106     1.3296     3.7212     8.2800   999.8481     -0.169     -0.117 0.0000e+00
     -0.105      0.045   228.2437    11.1737     98.081 1.2495e+03     15.748     38.106  25.349167     1.1957     3.7213     8.2781   999.8480     -0.150     -0.103 0.0000e+00
     -0.092      0.044   228.3632    11.1974     99.973 1.2515e+03     15.749     38.123  25.360926     1.1264     3.7313     8.2755   999.8483     -0.130     -0.089 0.0000e+00
     -0.082      0.043   229.6983    11.2067    100.911 1.2513e+03     15.749     38.148  25.385431     1.1400     3.7399     8.2702   999.8485     -0.115     -0.079 0.0000e+00
     -0.073      0.041   231.0506    11.2777    100.374 1.2348e+03     15.748     38.139  25.391747     1.1604     3.7565     8.2635   999.8490     -0.106     -0.073 0.0000e+00
     -0.063      0.038   231.8939    11.5354     98.574 1.0401e+03     15.747     38.096  25.373878     1.1625     3.7606     8.2574   999.8494     -0.091     -0.063 0.0000e+00
     -0.050      0.034   232.9259    11.8119     96.291 7.6397e+02     15.747     38.062  25.359670     1.1461     3.6865     8.2570   999.8495     -0.068     -0.048 0.0000e+00
     -0.040      0.030   234.3219    11.9370     94.121 7.1502e+02     15.747     38.129  25.410241     1.1437     3.6163     8.2683   999.8489     -0.054     -0.038 0.0000e+00
     -0.035      0.025   234.1465    11.8642     92.134 6.8145e+02     15.747     38.225  25.477918     1.1910     3.5979     8.2869   999.8477     -0.048     -0.033 0.0000e+00
     -0.031      0.020   231.9235    11.6023     90.235 5.2800e+02     15.747     38.228  25.480257     1.2505     3.5321     8.3028   999.8466     -0.043     -0.030 0.0000e+00
     -0.027      0.017   229.9859    11.3045     88.401 3.7924e+02     15.747     38.165  25.438516     1.2721     3.4739     8.3114   999.8461     -0.038     -0.027 0.0000e+00
     -0.023      0.016   229.8195    11.0505     86.607 2.2729e+02     15.747     38.034  25.353796     1.2710     3.4771     8.3204   999.8455     -0.032     -0.022 0.0000e+00
     -0.020      0.017   230.9447    10.8228     84.982 1.3756e+02     15.747     37.920  25.280475     1.2740     3.4683     8.3275   999.8452     -0.028     -0.019 0.0000e+00
     -0.017      0.018   232.5770    10.5960     83.713 1.2114e+02     15.747     37.874  25.249700     1.2901     3.4353     8.3238   999.8454     -0.026     -0.017 0.0000e+00
     -0.012      0.018   233.9822    10.3877     82.806 1.3620e+02     15.747     37.854  25.235403     1.2942     3.4214     8.3226   999.8455     -0.020     -0.013 0.0000e+00
     -0.004      0.017   234.7715    10.1690     82.231 2.1211e+02     15.747     37.856  25.234459     1.2849     3.4374     8.3289   999.8450     -0.006     -0.003 0.0000e+00
      0.002      0.015   235.0648     9.9630     81.936 3.3610e+02     15.748     37.866  25.238287     1.2825     3.4236     8.3326   999.8448      0.005      0.004 0.0000e+00
      0.005      0.012   234.9480     9.8200     81.738 3.9561e+02     15.749     37.935  25.281691     1.2950     3.3920     8.3324   999.8448      0.006      0.004 0.0000e+00
      0.006      0.009   234.3047     9.7134     81.424 4.3594e+02     15.749     38.083  25.378687     1.3210     3.3993     8.3312   999.8449      0.008      0.006 0.0000e+00
      0.007      0.007   233.5678     9.6461     80.889 5.5804e+02     15.749     38.207  25.459645     1.3300     3.4085     8.3281   999.8451      0.010      0.007 0.0000e+00
      0.008      0.005   233.4373     9.6229     80.309 5.6381e+02     15.748     38.268  25.499411     1.3375     3.4687     8.3244   999.8454      0.011      0.007 0.0000e+00
      0.009      0.005   233.8457     9.6086     80.004 4.2605e+02     15.749     38.333  25.542360     1.3821     3.5429     8.3210   999.8456      0.013      0.009 0.0000e+00
      0.010      0.005   234.4626     9.5805     80.054 5.2029e+02     15.750     38.418  25.598367     1.4215     3.4821     8.3178   999.8458      0.014      0.010 0.0000e+00
      0.012      0.005   235.1308     9.5097     80.265 8.0404e+02     15.750     38.527  25.669168     1.4135     3.4197     8.3164   999.8460      0.016      0.012 0.0000e+00
      0.013      0.005   235.8165     9.4218     80.475 7.2505e+02     15.750     38.672  25.764128     1.4089     3.4752     8.3156   999.8461      0.019      0.013 0.0000e+00
      0.014      0.004   236.4729     9.3839     80.637 3.7746e+02     15.749     38.816  25.858513     1.4327     3.5019     8.3144   999.8462      0.021      0.014 0.0000e+00
      0.014      0.004   237.1300     9.4017     80.690 3.1581e+02     15.749     38.914  25.922371     1.4439     3.4675     8.3129   999.8463      0.021      0.014 0.0000e+00
      0.015      0.004   237.9103     9.4364     80.669 5.1440e+02     15.749     38.981  25.965362     1.4298     3.4370     8.3109   999.8465      0.022      0.015 0.0000e+00
      0.017      0.003   238.6807     9.4570     80.597 5.5273e+02     15.749     39.031  25.997742     1.4152     3.4420     8.3089   999.8467      0.024      0.017 0.0000e+00
      0.018      0.003   239.2170     9.4852     80.440 3.3644e+02     15.749     39.031  25.996725     1.4386     3.5283     8.3070   999.8469      0.025      0.018 0.0000e+00
      0.019      0.002   239.5766     9.4877     80.327 1.6963e+02     15.749     38.967  25.953068     1.4738     3.6223     8.3052   999.8470      0.027      0.019 0.0000e+00
      0.019      0.002   239.8460     9.4800     80.234 1.6363e+02     15.749     38.912  25.913889     1.4784     3.6509     8.3032   999.8472      0.027      0.019 0.0000e+00
      0.020      0.002   239.9784     9.4849     80.048 2.4388e+02     15.749     38.904  25.903599     1.4749     3.6339     8.3011   999.8473      0.028      0.019 0.0000e+00
      0.020      0.003   240.1446     9.4489     79.835 3.3379e+02     15.750     38.895  25.892070     1.4699     3.5888     8.3009   999.8473      0.028      0.019 0.0000e+00
      0.020      0.003   240.3932     9.4402     79.669 3.1819e+02     15.750     38.916  25.901347     1.4566     3.5516     8.3005   999.8473      0.027      0.019 0.0000e+00
      0.021      0.004   240.5751     9.4414     79.534 2.3859e+02     15.750     38.998  25.952323     1.4285     3.4930     8.2964   999.8476      0.030      0.021 0.0000e+00
      0.023      0.005   240.7948     9.4114     79.376 2.6029e+02     15.749     39.073  26.000979     1.3973     3.3960     8.2895   999.8480      0.032      0.022 0.0000e+00
      0.024      0.005   241.2427     9.3875     79.185 4.1004e+02     15.749     39.141  26.045643     1.3942     3.3740     8.2819   999.8485      0.035      0.024 0.0000e+00
      0.026      0.004   241.9468     9.3681     78.981 6.5101e+02     15.750     39.241  26.111780     1.4472     3.5016     8.2752   999.8490      0.037      0.026 0.0000e+00
      0.026      0.004   242.6837     9.3593     78.836 8.3351e+02     15.752     39.323  26.166333     1.5330     3.6686     8.2711   999.8493      0.038      0.026 0.0000e+00
      0.027      0.003   243.1831     9.3380     78.771 6.6705e+02     15.752     39.370  26.197808     1.5644     3.7104     8.2701   999.8494      0.039      0.027 0.0000e+00
      0.027      0.003   243.4248     9.3176     78.693 3.7868e+02     15.751     39.430  26.238622     1.5499     3.6642     8.2698   999.8494      0.039      0.027 0.0000e+00
      0.028      0.003   243.5407     9.2887     78.575 3.2428e+02     15.750     39.490  26.279225     1.5581     3.6593     8.2687   999.8495      0.040      0.028 0.0000e+00
      0.029      0.003   243.5526     9.2685     78.449 4.1263e+02     15.750     39.532  26.308164     1.5683     3.6863     8.2684   999.8496      0.042      0.029 0.0000e+00
      0.030      0.003   243.4830     9.2696     78.308 5.3885e+02     15.749     39.571  26.334794     1.5496     3.6798     8.2699   999.8495      0.043      0.030 0.0000e+00
