Data/DataNotYetUploadedToEDI/Raw_CTD/RawDownloads/120324_fcr50_S7809002.cnv
* Sea-Bird SBE19plus  Data File:
* FileName = C:\R\Reservoirs\Data\DataNotYetUploadedToEDI\Raw_CTD\RawDownloads\120324_fcr50_S7809_0002.hex
* Software version 2.8.0.119
* Temperature SN = 7809
* Conductivity SN = 7809
* System UpLoad Time = Dec 04 2024 15:58:58
* <ApplicationData>
* <Seaterm232>
# nquan = 15
# nvalues = 1308                        
# units = specified
# name 0 = depFM: Depth [fresh water, m]
# name 1 = dz/dtM: Descent Rate [m/s]
# name 2 = sbeox0Mg/L: Oxygen, SBE 43 [mg/l]
# name 3 = sbeox0PS: Oxygen, SBE 43 [% saturation]
# name 4 = specc: Specific Conductance [uS/cm]
# name 5 = c0uS/cm: Conductivity [uS/cm]
# name 6 = flECO-AFL: Fluorescence, WET Labs ECO-AFL/FL [mg/m^3]
# name 7 = ph: pH
# name 8 = orp: Oxidation Reduction Potential [mV]
# name 9 = par/sat/log: PAR/Logarithmic, Satlantic
# name 10 = turbWETntu0: Turbidity, WET Labs ECO [NTU]
# name 11 = prdM: Pressure, Strain Gauge [db]
# name 12 = prdE: Pressure, Strain Gauge [psi]
# name 13 = tv290C: Temperature [ITS-90, deg C]
# name 14 = flag:  0.000e+00
# span 0 =     -0.557,      9.737       
# span 1 =     -0.468,      0.290       
# span 2 =     5.1474,    12.8590       
# span 3 =     42.897,    104.698       
# span 4 =      0.956,    361.248       
# span 5 =   0.539277, 235.660726       
# span 6 =    -1.0394,   227.2333       
# span 7 =     -2.790,     16.457       
# span 8 = -1177.0561,  1129.1796       
# span 9 = 1.2369e-01, 1.4997e+03       
# span 10 =   -10.6759,   931.7846      
# span 11 =     -0.546,      9.550      
# span 12 =     -0.792,     13.851      
# span 13 =     3.1688,     8.1020      
# span 14 = 0.0000e+00, 0.0000e+00      
# interval = seconds: 0.25
# start_time = Dec 03 2024 13:06:11 [Instrument's time stamp, header]
# bad_flag = -9.990e-29
*END*
[from data line 97]
      0.007      0.068     9.6415     77.819     45.189  28.608816     6.5651      9.490   273.8076 1.6909e+02     5.6451      0.002      0.003     6.6590 0.0000e+00
      0.043      0.093     9.6108     77.594     45.542  28.831885     6.5797      9.487   273.8546 2.0957e+02     5.5748      0.046      0.068     6.6547 0.0000e+00
      0.076      0.108     9.5921     77.465     44.807  28.367834     6.5877      9.488   273.8815 4.1221e+02     5.5248      0.072      0.106     6.6472 0.0000e+00
      0.110      0.110     9.5607     77.437     44.032  27.882147     6.7867      9.489   274.2176 6.1799e+02     5.4841      0.104      0.152     6.6499 0.0000e+00
      0.143      0.101     9.5261     77.490     43.862  27.780180     7.1549      9.492   274.5640 7.8765e+02     5.3911      0.147      0.214     6.6558 0.0000e+00
      0.165      0.086     9.4945     77.603     43.837  27.769245     7.3523      9.495   274.6279 8.6975e+02     5.3561      0.164      0.238     6.6514 0.0000e+00
      0.181      0.068     9.4801     77.711     43.801  27.749941     7.3754      9.498   274.0440 7.4980e+02     5.4029      0.175      0.253     6.6515 0.0000e+00
      0.197      0.050     9.4766     77.786     43.678  27.673640     7.4759      9.499   273.3548 6.0291e+02     5.4105      0.195      0.283     6.6595 0.0000e+00
      0.211      0.034     9.4794     77.804     43.577  27.607819     7.6694      9.497   273.3489 5.2181e+02     5.4138      0.209      0.304     6.6661 0.0000e+00
      0.216      0.024     9.4983     77.742     43.554  27.588380     7.7669      9.492   273.6289 3.6911e+02     5.4086      0.215      0.312     6.6719 0.0000e+00
      0.214      0.016     9.5094     77.631     43.522  27.565450     7.7641      9.488   273.8154 1.8973e+02     5.3471      0.211      0.305     6.6768 0.0000e+00
      0.213      0.010     9.5191     77.497     43.445  27.520844     7.8438      9.488   273.9694 1.0228e+02     5.3193      0.206      0.298     6.6795 0.0000e+00
      0.216      0.007     9.5244     77.360     43.388  27.493049     8.0065      9.489   274.0274 8.3999e+01     5.3795      0.212      0.309     6.6774 0.0000e+00
      0.221      0.006     9.5157     77.263     43.358  27.483098     8.0997      9.490   273.9145 8.0198e+01     5.4606      0.218      0.317     6.6687 0.0000e+00
      0.223      0.006     9.5026     77.223     43.316  27.463959     8.0969      9.489   273.7239 7.8662e+01     5.4466      0.219      0.318     6.6639 0.0000e+00
      0.224      0.005     9.4847     77.221     43.289  27.451939     8.0059      9.488   273.5291 7.8638e+01     5.3809      0.219      0.319     6.6705 0.0000e+00
      0.224      0.003     9.4624     77.266     43.304  27.464611     7.8644      9.487   273.3657 8.0214e+01     5.3824      0.220      0.318     6.6818 0.0000e+00
      0.225      0.001     9.4467     77.346     43.341  27.490330     7.8017      9.487   273.2967 8.2699e+01     5.3634      0.221      0.320     6.6926 0.0000e+00
      0.225      0.001     9.4427     77.421     43.369  27.509201     7.7881      9.488   273.2119 8.8508e+01     5.3219      0.220      0.320     6.7008 0.0000e+00
      0.225      0.002     9.4393     77.504     43.357  27.502499     7.6171      9.489   273.2859 9.5590e+01     5.3584      0.220      0.320     6.7065 0.0000e+00
      0.225      0.003     9.4436     77.629     43.311  27.472725     7.3076      9.489   273.6763 1.0789e+02     5.3959      0.221      0.320     6.7102 0.0000e+00
      0.226      0.003     9.4571     77.765     43.305  27.466336     7.1503      9.489   274.0598 1.2426e+02     5.3992      0.221      0.321     6.7124 0.0000e+00
      0.227      0.004     9.4643     77.843     43.343  27.488671     7.1549      9.488   274.3950 1.3349e+02     5.3634      0.223      0.323     6.7136 0.0000e+00
      0.229      0.004     9.4708     77.867     43.345  27.489076     7.1555      9.488   274.8031 1.4107e+02     5.3045      0.225      0.326     6.7153 0.0000e+00
      0.230      0.003     9.4886     77.867     43.320  27.471228     7.0995      9.488   274.9509 1.4048e+02     5.3023      0.226      0.328     6.7146 0.0000e+00
      0.231      0.002     9.5102     77.827     43.310  27.463155     7.0095      9.485   274.7194 1.3703e+02     5.3363      0.227      0.329     6.7112 0.0000e+00
      0.231      0.001     9.5207     77.820     43.300  27.454882     6.9753      9.483   274.5855 1.3440e+02     5.3750      0.227      0.329     6.7090 0.0000e+00
      0.231      0.000     9.5183     77.824     43.273  27.434632     6.9846      9.481   274.7088 1.1307e+02     5.3935      0.226      0.328     6.7078 0.0000e+00
      0.231 2.0489e-08     9.5256     77.636     43.237  27.408584     6.9720      9.481   274.9189 9.3068e+01     5.3558      0.226      0.328     6.7064 0.0000e+00
      0.231 2.2538e-07     9.5141     77.269     43.220  27.393643     6.9646      9.480   275.3194 8.8217e+01     5.3292      0.227      0.329     6.7044 0.0000e+00
      0.231 2.2538e-07     9.5092     76.833     43.209  27.380831     6.9789      9.480   275.8518 8.3965e+01     5.3789      0.226      0.327     6.7015 0.0000e+00
      0.231 2.0489e-08     9.5324     76.347     43.220  27.380516     6.9872      9.479   275.7637 7.9784e+01     5.4437      0.226      0.328     6.6983 0.0000e+00
      0.230 1.8626e-09     9.5024     75.833     43.247  27.389836     6.9983      9.478   274.8563 7.8733e+01     5.4292      0.226      0.328     6.6945 0.0000e+00
      0.230 1.6933e-10     9.4521     75.318     43.223  27.366657     7.0134      9.478   274.0861 7.7914e+01     5.3404      0.226      0.328     6.6898 0.0000e+00
      0.230 1.5393e-11     9.4032     74.831     43.216  27.353962     7.0279      9.477   273.9374 7.7038e+01     5.3271      0.226      0.328     6.6833 0.0000e+00
      0.230 1.3994e-12     9.3425     74.403     43.244  27.363186     7.0323      9.474   274.0901 7.7057e+01     5.4051      0.226      0.327     6.6750 0.0000e+00
      0.230 1.2722e-13     9.2815     74.028     43.239  27.351321     6.8911      9.472   274.2126 7.7418e+01     5.3947      0.226      0.328     6.6659 0.0000e+00
      0.230 1.1565e-14     9.2196     73.671     43.229  27.337349     6.6275      9.470   274.2994 7.8226e+01     5.3389      0.226      0.328     6.6562 0.0000e+00
      0.230 1.0514e-15     9.1599     73.316     43.214  27.321099     6.4837      9.467   274.7090 7.7894e+01     5.3452      0.226      0.328     6.6463 0.0000e+00
      0.230 9.5575e-17     9.1100     72.924     43.163  27.281681     6.4681      9.464   275.2939 7.7825e+01     5.3682      0.226      0.328     6.6365 0.0000e+00
      0.230 8.6301e-18     9.0700     72.501     43.110  27.241300     6.4711      9.462   275.5212 7.9310e+01     5.3775      0.225      0.327     6.6269 0.0000e+00
      0.230 1.3673e-19     9.0257     72.089     43.076  27.213404     6.4625      9.460   275.3922 8.0162e+01     5.3550      0.226      0.328     6.6178 0.0000e+00
      0.230 -7.114e-18     8.9888     71.687     43.061  27.198099     6.4479      9.457   275.1959 7.9705e+01     5.3356      0.225      0.327     6.6092 0.0000e+00
      0.230 -7.903e-17     8.9418     71.306     43.046  27.183088     6.4599      9.455   275.2986 7.9218e+01     5.3486      0.226      0.328     6.6008 0.0000e+00
      0.230 -8.694e-16     8.8875     70.958     43.016  27.158744     6.4829      9.454   276.2903 7.9413e+01     5.3412      0.225      0.327     6.5930 0.0000e+00
      0.230 -9.564e-15     8.8413     70.623     43.022  27.157466     6.5348      9.451   277.8078 7.9292e+01     5.3148      0.226      0.327     6.5860 0.0000e+00
      0.230 -1.052e-13     8.7920     70.315     43.047  27.167635     6.6296      9.447   278.5907 7.8763e+01     5.3368      0.225      0.327     6.5794 0.0000e+00
      0.230 -1.157e-12     8.7451     70.061     43.035  27.154837     6.6798      9.445   278.6998 7.8352e+01     5.3677      0.225      0.327     6.5729 0.0000e+00
      0.230 -1.273e-11     8.7064     69.833     43.004  27.129572     6.6926      9.442   278.4383 7.8422e+01     5.3811      0.225      0.327     6.5668 0.0000e+00
      0.229 -1.400e-10     8.6660     69.588     42.991  27.115847     6.7344      9.440   277.9246 7.8661e+01     5.3963      0.225      0.326     6.5604 0.0000e+00
      0.229 -1.540e-09     8.6266     69.340     43.001  27.115734     6.7770      9.439   277.7377 7.8070e+01     5.3810      0.225      0.326     6.5541 0.0000e+00
      0.229 -1.694e-08     8.5990     69.091     43.032  27.128201     6.7921      9.437   278.0710 7.7374e+01     5.3321      0.225      0.326     6.5480 0.0000e+00
      0.229 -1.864e-07     8.5756     68.826     43.062  27.139733     6.8010      9.434   278.7705 7.7267e+01     5.2831      0.225      0.326     6.5415 0.0000e+00
      0.229 -1.721e-07     8.5449     68.559     43.054  27.128305     6.8430      9.432   279.2262 7.7279e+01     5.3016      0.225      0.326     6.5345 0.0000e+00
      0.229 1.5587e-07     8.5153     68.308     43.047  27.116870     6.8999      9.430   279.2787 7.7654e+01     5.3506      0.225      0.326     6.5272 0.0000e+00
      0.229 3.1550e-07     8.4892     68.073     43.076  27.128316     6.9072      9.427   279.2334 7.7425e+01     5.3290      0.225      0.326     6.5196 0.0000e+00
      0.229 1.7267e-07     8.4559     67.839     43.105  27.139847     6.8978      9.425   279.0231 7.6551e+01     5.3138      0.225      0.326     6.5113 0.0000e+00
      0.229 1.4269e-08     8.4246     67.598     43.099  27.129434     6.9684      9.422   278.7149 7.6464e+01     5.3709      0.225      0.326     6.5031 0.0000e+00
      0.229 -1.400e-10     8.3952     67.366     43.109  27.129252     7.0870      9.419   278.4321 7.6539e+01     5.4389      0.225      0.326     6.4951 0.0000e+00
      0.229 -1.540e-09     8.3690     67.154     43.134  27.137649     7.1420      9.416   278.3574 7.6385e+01     5.4533      0.225      0.326     6.4872 0.0000e+00
      0.229 -1.694e-08     8.3425     66.944     43.091  27.104104     7.1338      9.414   278.6727 7.6461e+01     5.4083      0.225      0.326     6.4795 0.0000e+00
      0.228 -1.863e-07     8.3133     66.721     43.000  27.040770     7.0792      9.411   278.9742 7.7061e+01     5.4072      0.224      0.325     6.4719 0.0000e+00
      0.228 -1.863e-07     8.2855     66.502     42.955  27.006130     6.9897      9.408   279.3358 7.6746e+01     5.4395      0.224      0.325     6.4642 0.0000e+00
      0.229 -1.693e-08     8.2619     66.292     42.958  27.002405     6.9342      9.405   279.8613 7.6686e+01     5.3899      0.225      0.326     6.4566 0.0000e+00
      0.229 -1.539e-09     8.2398     66.092     42.957  26.995716     6.9151      9.403   279.2186 7.7519e+01     5.2850      0.224      0.325     6.4488 0.0000e+00
      0.228 -1.400e-10     8.2110     65.897     42.955  26.988677     6.9175      9.401   277.6741 7.6937e+01     5.2296      0.224      0.325     6.4414 0.0000e+00
      0.228 -1.400e-10     8.1867     65.704     42.952  26.980727     7.0205      9.398   277.1040 7.6633e+01     5.3014      0.224      0.324     6.4343 0.0000e+00
      0.228 -1.540e-09     8.1615     65.526     42.932  26.963012     7.1955      9.396   277.1445 7.6508e+01     5.4351      0.224      0.325     6.4272 0.0000e+00
      0.228 -1.694e-08     8.1391     65.355     42.943  26.964754     7.2689      9.393   277.0447 7.6582e+01     5.4465      0.224      0.324     6.4203 0.0000e+00
      0.228 -1.863e-07     8.1167     65.164     43.011  27.001774     7.2511      9.390   277.3608 7.6849e+01     5.3710      0.224      0.324     6.4135 0.0000e+00
      0.228 -1.863e-07     8.0929     64.976     43.065  27.030074     7.2377      9.387   278.0404 7.6250e+01     5.3082      0.223      0.323     6.4069 0.0000e+00
      0.228 -1.693e-08     8.0727     64.819     43.110  27.053218     7.2319      9.386   277.9487 7.6449e+01     5.2329      0.224      0.324     6.4005 0.0000e+00
      0.228 -1.512e-09     8.0551     64.655     43.179  27.091321     7.2311      9.383   276.9393 7.6193e+01     5.1775      0.224      0.325     6.3943 0.0000e+00
      0.229 1.6540e-10     8.0323     64.490     43.218  27.110211     7.2275      9.379   276.2478 7.6438e+01     5.1506      0.224      0.325     6.3879 0.0000e+00
      0.229 3.3461e-09     8.0054     64.342     43.197  27.091346     7.2383      9.376   276.2131 7.7540e+01     5.2502      0.225      0.326     6.3817 0.0000e+00
      0.228 3.6946e-08     7.9937     64.189     43.146  27.053489     7.2707      9.373   276.4332 7.7190e+01     5.4936      0.224      0.324     6.3754 0.0000e+00
      0.228 4.0642e-07     7.9722     64.029     43.121  27.033033     7.2779      9.370   276.6718 7.7027e+01     5.5999      0.223      0.323     6.3688 0.0000e+00
      0.228      0.000     7.9517     63.873     43.132  27.034293     7.2581      9.368   276.7743 7.6892e+01     5.5443      0.223      0.324     6.3624 0.0000e+00
      0.228      0.000     7.9374     63.717     43.195  27.068718     7.2819      9.365   277.2426 7.6605e+01     5.5731      0.223      0.324     6.3563 0.0000e+00
      0.228      0.001     7.9189     63.567     43.504  27.258970     7.3664      9.362   278.0322 7.6835e+01     5.7098      0.224      0.324     6.3499 0.0000e+00
      0.228      0.001     7.9001     63.474     43.858  27.495259     7.4308      9.358   278.3196 7.6228e+01     5.8299      0.223      0.324     6.3442 0.0000e+00
      0.228      0.000     7.8817     63.532     43.794  27.515485     7.4441      9.353   278.0504 7.6097e+01     5.8639      0.224      0.325     6.3374 0.0000e+00
      0.229 1.8320e-08     7.8655     63.924     43.519  27.440164     7.4443      9.348   277.6167 7.7711e+01     5.8130      0.224      0.325     6.3318 0.0000e+00
      0.229 2.0152e-07     7.8439     64.917     43.325  27.409195     7.4746      9.344   277.5490 7.8758e+01     5.6932      0.224      0.325     6.3244 0.0000e+00
      0.228 1.8471e-07     7.8313     66.796     43.208  27.394843     7.5354      9.341   278.6093 7.8349e+01     5.5423      0.224      0.325     6.3217 0.0000e+00
      0.228 -1.369e-10     7.8157     69.670     43.156  27.393535     7.5712      9.338   280.3696 7.8114e+01     5.4583      0.224      0.324     6.3922 0.0000e+00
      0.228 -1.506e-09     7.8247     73.272     43.135  27.393415     7.5754      9.335   281.0229 7.8203e+01     5.4292      0.224      0.324     6.5329 0.0000e+00
      0.228 -1.656e-08     7.9112     77.215     43.129  27.393405     7.6028      9.332   280.6573 7.7630e+01     5.3944      0.223      0.324     6.6461 0.0000e+00
      0.228 -1.822e-07     8.1172     81.166     43.127  27.393412     7.6781      9.328   280.5090 7.6590e+01     5.3799      0.223      0.323     6.7104 0.0000e+00
      0.228 -1.409e-07     8.4795     84.754     43.123  27.393507     7.7369      9.325   280.1765 7.6112e+01     5.3899      0.224      0.324     6.7436 0.0000e+00
      0.228 4.8228e-07     8.9355     87.674     43.118  27.394546     7.7312      9.322   279.3913 7.6617e+01     5.3793      0.224      0.324     6.7548 0.0000e+00
      0.228      0.000     9.4263     89.797     43.129  27.405982     7.6663      9.319   279.3608 7.7051e+01     5.3202      0.223      0.324     6.7569 0.0000e+00
      0.228      0.000     9.9281     91.112     43.123  27.404933     7.5844      9.317   280.3236 7.7158e+01     5.2897      0.224      0.325     6.7563 0.0000e+00
      0.228      0.001    10.3791     91.674     43.087  27.381869     7.5571      9.315   280.8800 7.6959e+01     5.3522      0.224      0.324     6.7596 0.0000e+00
      0.228      0.002    10.7389     91.700     43.092  27.380822     7.5697      9.314   280.7532 7.6795e+01     5.4260      0.224      0.324     6.7652 0.0000e+00
