Data/DataNotYetUploadedToEDI/Raw_CTD/RawDownloads/120324_bvr50_S8188002.cnv
* Sea-Bird SBE19plus  Data File:
* FileName = C:\R\Reservoirs\Data\DataNotYetUploadedToEDI\Raw_CTD\RawDownloads\120324_bvr50_S8188_0002.hex
* Software version 2.8.0.119
* Temperature SN = 8188
* Conductivity SN = 8188
* System UpLoad Time = Dec 04 2024 16:16:52
* <ApplicationData>
* <Seaterm232>
# nquan = 16
# nvalues = 1343                        
# units = specified
# name 0 = depFM: Depth [fresh water, m]
# name 1 = dz/dtM: Descent Rate [m/s]
# name 2 = sbeox0Mg/L: Oxygen, SBE 43 [mg/l]
# name 3 = sbeox0PS: Oxygen, SBE 43 [% saturation]
# name 4 = specc: Specific Conductance [uS/cm]
# name 5 = c0uS/cm: Conductivity [uS/cm]
# name 6 = wetCDOM: Fluorescence, WET Labs CDOM [mg/m^3]
# name 7 = flECO-AFL: Fluorescence, WET Labs ECO-AFL/FL [mg/m^3]
# name 8 = flECO-AFL1: Fluorescence, WET Labs ECO-AFL/FL, 2 [mg/m^3]
# name 9 = flECO-AFL2: Fluorescence, WET Labs ECO-AFL/FL, 3 [mg/m^3]
# name 10 = par/sat/log: PAR/Logarithmic, Satlantic
# name 11 = turbWETntu0: Turbidity, WET Labs ECO [NTU]
# name 12 = prdM: Pressure, Strain Gauge [db]
# name 13 = prdE: Pressure, Strain Gauge [psi]
# name 14 = tv290C: Temperature [ITS-90, deg C]
# name 15 = flag:  0.000e+00
# span 0 =     -0.675,      9.726       
# span 1 =     -0.315,      0.185       
# span 2 =     6.6679,    13.9719       
# span 3 =     52.899,    110.339       
# span 4 =      1.817,     34.631       
# span 5 =   0.998652,  21.283818       
# span 6 =    -4.5000,    31.3200       
# span 7 =    -0.5211,   245.0652       
# span 8 =    -2.1300,     1.8744       
# span 9 =    -2.3688,     1.8189       
# span 10 = 1.1585e-01, 2.3411e+03      
# span 11 =    -8.3462,   108.2453      
# span 12 =     -0.662,      9.538      
# span 13 =     -0.960,     13.834      
# span 14 =     2.4569,     5.8575      
# span 15 = 0.0000e+00, 0.0000e+00      
# interval = seconds: 0.25
# start_time = Dec 03 2024 12:34:37 [Instrument's time stamp, header]
# bad_flag = -9.990e-29
*END*
[from data line 91]
     -0.050      0.000     9.2606     72.603     34.022  20.918137    28.8900     2.1378     0.2130     0.4230 6.6202e+01     3.3462     -0.049     -0.071     5.7464 0.0000e+00
     -0.049      0.000     9.2281     72.202     34.011  20.910243    28.8900     2.1454     0.2130     0.4230 6.4316e+01     3.4369     -0.049     -0.071     5.7455 0.0000e+00
     -0.050     -0.001     9.1894     71.798     34.000  20.901757    28.8900     2.1378     0.2130     0.5499 4.2867e+01     3.3764     -0.049     -0.071     5.7440 0.0000e+00
     -0.050     -0.001     9.1448     71.393     34.000  20.900370    28.8900     2.1035     0.2130     0.5499 6.8440e+01     3.3311     -0.049     -0.071     5.7424 0.0000e+00
     -0.051     -0.001     9.0963     71.005     33.996  20.897749    28.8900     2.0997     0.2130     0.5499 7.2073e+01     3.3462     -0.050     -0.072     5.7408 0.0000e+00
     -0.051     -0.001     9.0466     70.654     33.987  20.891205    28.8900     2.1302     0.2130     0.5499 7.5849e+01     3.3613     -0.050     -0.073     5.7388 0.0000e+00
     -0.052      0.000     8.9964     70.350     33.979  20.884964    28.9800     2.1302     0.2130     0.4653 3.8621e+01     3.3613     -0.051     -0.073     5.7366 0.0000e+00
     -0.052      0.000     8.9459     70.099     33.968  20.877362    28.9800     2.1378     0.2130     0.4653 6.6519e+01     3.3160     -0.051     -0.073     5.7349 0.0000e+00
     -0.051      0.001     8.8976     69.902     33.958  20.870354    28.9800     2.1798     0.2130     0.4653 6.9792e+01     3.3311     -0.050     -0.073     5.7338 0.0000e+00
     -0.051      0.001     8.8539     69.755     33.959  20.870034    28.9800     2.1950     0.2130     0.4653 8.6430e+01     3.3613     -0.050     -0.072     5.7326 0.0000e+00
     -0.051      0.001     8.8162     69.640     33.971  20.876316    28.9800     2.1683     0.2130     0.4653 6.3442e+01     3.3160     -0.050     -0.072     5.7310 0.0000e+00
     -0.050      0.001     8.7850     69.539     33.982  20.882912    28.9800     2.1759     0.2130     0.4653 6.1957e+01     3.3915     -0.050     -0.071     5.7295 0.0000e+00
     -0.050      0.001     8.7607     69.433     33.988  20.885609    28.9800     2.2370     0.2130     0.4653 7.6262e+01     3.3009     -0.049     -0.071     5.7282 0.0000e+00
     -0.049      0.001     8.7425     69.312     33.979  20.879154    28.9800     2.2294     0.2130     0.4653 7.2418e+01     3.3160     -0.049     -0.070     5.7268 0.0000e+00
     -0.049      0.001     8.7285     69.174     33.956  20.863817    28.9800     2.2828     0.2130     0.4653 7.3161e+01     3.3915     -0.048     -0.070     5.7255 0.0000e+00
     -0.049      0.000     8.7160     69.021     33.935  20.849443    29.0700     2.2446     0.2130     0.4230 6.6404e+01     3.3160     -0.048     -0.069     5.7245 0.0000e+00
     -0.049      0.000     8.7029     68.857     33.921  20.840162    29.0700     2.2370     0.2130     0.4230 6.6375e+01     3.2103     -0.048     -0.069     5.7235 0.0000e+00
     -0.049      0.000     8.6881     68.687     33.905  20.829517    29.0700     2.2637     0.2130     0.4230 8.0170e+01     3.3462     -0.048     -0.070     5.7220 0.0000e+00
     -0.049      0.000     8.6713     68.519     33.889  20.818650    29.0700     2.2408     0.2130     0.4230 6.2199e+01     3.3764     -0.049     -0.070     5.7201 0.0000e+00
     -0.049      0.000     8.6525     68.358     33.881  20.812628    29.0700     2.2294     0.2130     0.5499 6.0862e+01     3.3613     -0.049     -0.070     5.7184 0.0000e+00
     -0.049      0.000     8.6321     68.193     33.873  20.805862    29.0700     2.4430     0.2130     0.5499 7.4138e+01     3.2405     -0.048     -0.070     5.7174 0.0000e+00
     -0.049      0.001     8.6110     68.022     33.860  20.796549    29.0700     2.4277     0.2130     0.5499 7.1263e+01     3.3915     -0.048     -0.070     5.7164 0.0000e+00
     -0.049      0.001     8.5904     67.845     33.853  20.790168    29.0700     2.4277     0.2130     0.5499 6.9534e+01     3.3462     -0.048     -0.069     5.7148 0.0000e+00
     -0.049      0.001     8.5706     67.663     33.854  20.788999    29.0700     2.4315     0.1704     0.4653 5.4135e+01     3.3915     -0.048     -0.069     5.7125 0.0000e+00
     -0.048      0.001     8.5505     67.469     33.856  20.788748    29.0700     2.3781     0.1704     0.4653 7.2120e+01     3.4067     -0.047     -0.069     5.7102 0.0000e+00
     -0.048      0.001     8.5295     67.260     33.847  20.781385    29.0700     2.3591     0.1704     0.4653 8.1134e+01     3.3160     -0.047     -0.069     5.7078 0.0000e+00
     -0.048      0.000     8.5079     67.034     33.824  20.764947    29.0700     2.3514     0.1704     0.4653 6.8499e+01     3.1952     -0.047     -0.069     5.7050 0.0000e+00
     -0.048      0.000     8.4856     66.795     33.800  20.746995    29.1600     2.3896     0.2130     0.4653 6.0506e+01     3.3160     -0.047     -0.068     5.7024 0.0000e+00
     -0.048      0.000     8.4618     66.550     33.771  20.726724    29.1600     2.3209     0.2130     0.4653 6.6274e+01     3.3764     -0.047     -0.068     5.7001 0.0000e+00
     -0.048      0.000     8.4362     66.301     33.737  20.702707    29.1600     2.3285     0.2130     0.4653 4.8530e+01     3.3462     -0.047     -0.068     5.6975 0.0000e+00
     -0.048      0.000     8.4086     66.042     33.719  20.688450    29.1600     2.2942     0.2130     0.4653 7.0723e+01     3.3160     -0.047     -0.068     5.6940 0.0000e+00
     -0.048     -0.001     8.3794     65.777     33.730  20.692093    29.1600     2.3247     0.2130     0.4653 6.4877e+01     3.3462     -0.047     -0.069     5.6898 0.0000e+00
     -0.048     -0.001     8.3497     65.515     33.751  20.702663    29.1600     2.3018     0.2130     0.4230 7.0141e+01     3.2556     -0.047     -0.069     5.6854 0.0000e+00
     -0.049     -0.001     8.3194     65.259     33.762  20.707054    29.1600     2.3209     0.2130     0.4230 7.0846e+01     3.4067     -0.048     -0.069     5.6811 0.0000e+00
     -0.049     -0.001     8.2878     65.013     33.766  20.706437    29.1600     2.2866     0.2130     0.4230 7.5045e+01     3.3311     -0.048     -0.070     5.6767 0.0000e+00
     -0.049     -0.001     8.2554     64.778     33.761  20.700648    29.1600     2.3018     0.2130     0.4230 6.7304e+01     3.4067     -0.048     -0.070     5.6723 0.0000e+00
     -0.049     -0.001     8.2234     64.550     33.753  20.692122    29.1600     2.3018     0.2130     0.5922 7.2955e+01     3.3613     -0.048     -0.070     5.6682 0.0000e+00
     -0.049      0.000     8.1921     64.332     33.748  20.686551    29.1600     2.3095     0.2130     0.5922 7.8686e+01     3.4067     -0.048     -0.070     5.6644 0.0000e+00
     -0.049      0.000     8.1620     64.122     33.746  20.682448    29.1600     2.2637     0.2130     0.5922 6.9655e+01     3.2858     -0.048     -0.070     5.6603 0.0000e+00
     -0.049     -0.001     8.1334     63.916     33.745  20.678718    29.1600     2.2866     0.2130     0.5922 6.4666e+01     3.3764     -0.048     -0.070     5.6559 0.0000e+00
     -0.050     -0.001     8.1058     63.713     33.736  20.670386    29.2500     2.3095     0.1704     0.5922 6.9837e+01     3.3613     -0.049     -0.071     5.6513 0.0000e+00
     -0.050     -0.001     8.0793     63.507     33.718  20.655229    29.2500     2.3095     0.1704     0.5922 7.3034e+01     3.3009     -0.049     -0.071     5.6471 0.0000e+00
     -0.050     -0.001     8.0537     63.292     33.694  20.637170    29.2500     2.2789     0.1704     0.5922 7.1154e+01     3.3613     -0.049     -0.071     5.6432 0.0000e+00
     -0.050     -0.001     8.0287     63.073     33.684  20.627316    29.2500     2.2980     0.1704     0.5922 7.5454e+01     3.3462     -0.049     -0.072     5.6388 0.0000e+00
     -0.051     -0.001     8.0043     62.855     33.708  20.638968    29.2500     2.3056     0.2130     0.4653 6.9338e+01     3.3915     -0.050     -0.072     5.6338 0.0000e+00
     -0.051     -0.001     7.9795     62.636     33.752  20.663286    29.2500     2.2980     0.2130     0.4653 6.8395e+01     3.3311     -0.050     -0.073     5.6282 0.0000e+00
     -0.052     -0.001     7.9537     62.418     33.779  20.678887    29.2500     2.3209     0.2130     0.4653 6.9943e+01     3.4067     -0.051     -0.074     5.6225 0.0000e+00
     -0.052     -0.000     7.9273     62.208     33.779  20.677985    29.2500     2.3095     0.2130     0.4653 9.1613e+01     3.2707     -0.051     -0.074     5.6170 0.0000e+00
     -0.052      0.001     7.9008     62.015     33.752  20.660340    29.2500     2.3247     0.2130     0.4653 6.5786e+01     3.6181     -0.051     -0.074     5.6124 0.0000e+00
     -0.052      0.001     7.8740     61.843     33.716  20.637173    29.2500     2.3018     0.1704     0.3807 6.7071e+01     3.5426     -0.051     -0.074     5.6091 0.0000e+00
     -0.051      0.002     7.8470     61.696     33.701  20.626194    29.2500     2.3171     0.1704     0.3807 7.8311e+01     3.6030     -0.050     -0.073     5.6073 0.0000e+00
     -0.050      0.002     7.8208     61.575     33.709  20.628458    29.2500     2.3133     0.1704     0.3807 7.4931e+01     3.6635     -0.049     -0.072     5.6062 0.0000e+00
     -0.050      0.001     7.7967     61.478     33.726  20.636605    29.2500     2.3133     0.1704     0.3807 6.3084e+01     3.3009     -0.049     -0.071     5.6048 0.0000e+00
     -0.050      0.001     7.7755     61.394     33.736  20.640863    29.3400     2.3018     0.1704     0.5922 6.5019e+01     3.2405     -0.049     -0.071     5.6028 0.0000e+00
     -0.050      0.001     7.7576     61.315     33.742  20.642367    29.3400     2.3018     0.1704     0.5922 9.6036e+01     3.4218     -0.049     -0.071     5.5999 0.0000e+00
     -0.050      0.000     7.7431     61.232     33.758  20.649482    29.3400     2.3018     0.1704     0.5922 2.4588e+01     3.4067     -0.049     -0.071     5.5965 0.0000e+00
     -0.050      0.000     7.7315     61.144     33.772  20.656141    29.3400     2.1683     0.1704     0.5922 6.6765e+01     3.3462     -0.049     -0.071     5.5931 0.0000e+00
     -0.050      0.000     7.7216     61.050     33.781  20.660140    29.2500     2.1721     0.1704     0.5499 6.0165e+01     3.3462     -0.049     -0.071     5.5901 0.0000e+00
     -0.050      0.001     7.7122     60.951     33.794  20.666525    29.2500     2.1874     0.1704     0.5499 4.4674e+01     3.4218     -0.049     -0.071     5.5869 0.0000e+00
     -0.049      0.001     7.7024     60.847     33.808  20.673019    29.2500     2.1874     0.1704     0.5499 7.7869e+01     3.4218     -0.048     -0.071     5.5836 0.0000e+00
     -0.049      0.001     7.6919     60.742     33.813  20.673389    29.2500     2.1759     0.1704     0.5499 6.0493e+01     3.3613     -0.048     -0.070     5.5807 0.0000e+00
     -0.049      0.001     7.6806     60.642     33.801  20.663752    29.2500     2.1988     0.1704     0.5499 6.2389e+01     3.3160     -0.048     -0.070     5.5783 0.0000e+00
     -0.049      0.001     7.6686     60.551     33.781  20.649503    29.3400     2.1607     0.2130     0.5076 7.2702e+01     3.5124     -0.048     -0.070     5.5758 0.0000e+00
     -0.049      0.001     7.6562     60.462     33.774  20.642767    29.3400     2.1721     0.2130     0.5076 6.9007e+01     3.3311     -0.048     -0.070     5.5725 0.0000e+00
     -0.049      0.001     7.6436     60.367     33.788  20.649710    29.3400     2.2599     0.2130     0.5076 6.4638e+01     3.3764     -0.048     -0.070     5.5692 0.0000e+00
     -0.049      0.000     7.6317     60.267     33.813  20.664220    29.3400     2.2522     0.2130     0.5076 7.8977e+01     3.4218     -0.048     -0.069     5.5659 0.0000e+00
     -0.049      0.000     7.6209     60.169     33.824  20.670261    29.3400     2.2637     0.2130     0.5922 7.4315e+01     3.3462     -0.048     -0.069     5.5625 0.0000e+00
     -0.049      0.000     7.6103     60.067     33.804  20.657499    29.3400     2.2408     0.2130     0.5922 7.2828e+01     3.3764     -0.048     -0.069     5.5594 0.0000e+00
     -0.049      0.000     7.5988     59.957     33.780  20.642437    29.3400     2.4468     0.2130     0.5922 6.4051e+01     3.2405     -0.048     -0.069     5.5570 0.0000e+00
     -0.049      0.000     7.5866     59.844     33.785  20.644947    29.3400     2.4506     0.2130     0.5922 5.0962e+01     3.3009     -0.048     -0.069     5.5551 0.0000e+00
     -0.049      0.000     7.5745     59.739     33.807  20.657738    29.3400     2.4239     0.2130     0.5499 7.1325e+01     3.3764     -0.048     -0.069     5.5538 0.0000e+00
     -0.048      0.000     7.5618     59.649     33.825  20.668293    29.3400     2.4468     0.2130     0.5499 6.4246e+01     3.3462     -0.047     -0.069     5.5533 0.0000e+00
     -0.048      0.000     7.5479     59.566     33.831  20.671463    29.3400     2.2866     0.2130     0.5499 6.6447e+01     3.3462     -0.047     -0.069     5.5532 0.0000e+00
     -0.049      0.000     7.5338     59.483     33.821  20.664114    29.3400     2.3133     0.2130     0.5499 7.7785e+01     3.3311     -0.048     -0.069     5.5525 0.0000e+00
     -0.049      0.000     7.5209     59.401     33.804  20.652248    29.3400     2.3324     0.1704     0.4653 7.1979e+01     3.3160     -0.048     -0.069     5.5512 0.0000e+00
     -0.048      0.000     7.5096     59.326     33.789  20.640664    29.3400     2.3209     0.1704     0.4653 6.8783e+01     3.3764     -0.047     -0.069     5.5503 0.0000e+00
     -0.048      0.000     7.4994     59.252     33.775  20.630253    29.3400     2.2713     0.1704     0.4653 7.3480e+01     3.3160     -0.047     -0.069     5.5498 0.0000e+00
     -0.049      0.000     7.4892     59.168     33.777  20.630185    29.3400     2.2561     0.1704     0.4653 6.7071e+01     3.3160     -0.048     -0.069     5.5483 0.0000e+00
     -0.049      0.000     7.4794     59.080     33.804  20.644422    29.3400     2.2828     0.1704     0.4653 7.1573e+01     3.3462     -0.048     -0.069     5.5456 0.0000e+00
     -0.048      0.001     7.4706     58.995     33.833  20.660835    29.4300     2.2484     0.1704     0.5076 6.5829e+01     3.3764     -0.047     -0.069     5.5425 0.0000e+00
     -0.048      0.001     7.4618     58.906     33.840  20.663894    29.4300     2.2599     0.1704     0.5076 7.0493e+01     3.8750     -0.047     -0.068     5.5397 0.0000e+00
     -0.048      0.001     7.4517     58.815     33.826  20.654414    29.4300     2.2751     0.1704     0.5076 6.9158e+01     3.7692     -0.047     -0.068     5.5373 0.0000e+00
     -0.048      0.001     7.4411     58.729     33.808  20.641811    29.4300     2.2828     0.1704     0.5076 7.1371e+01     3.9203     -0.047     -0.068     5.5347 0.0000e+00
     -0.048      0.001     7.4307     58.644     33.786  20.626707    29.3400     2.2522     0.1704     0.5076 6.9278e+01     3.7994     -0.047     -0.068     5.5325 0.0000e+00
     -0.047      0.001     7.4198     58.562     33.765  20.613036    29.3400     2.1950     0.1704     0.5076 6.3070e+01     3.3764     -0.046     -0.067     5.5310 0.0000e+00
     -0.047      0.001     7.4088     58.488     33.761  20.609097    29.3400     2.1759     0.1704     0.5076 6.6519e+01     3.3915     -0.046     -0.067     5.5292 0.0000e+00
     -0.047      0.001     7.3984     58.417     33.771  20.613839    29.3400     2.2141     0.1704     0.5076 6.9158e+01     3.2707     -0.046     -0.067     5.5268 0.0000e+00
     -0.047      0.001     7.3882     58.346     33.778  20.616582    29.5200     2.1874     0.1704     0.5076 6.2010e+01     3.3915     -0.046     -0.067     5.5245 0.0000e+00
     -0.047      0.001     7.3782     58.272     33.768  20.610096    29.5200     2.2522     0.1704     0.5076 7.7464e+01     3.4369     -0.046     -0.066     5.5227 0.0000e+00
