Data/DataNotYetUploadedToEDI/Raw_CTD/RawDownloads/120324_bvr50_S8188002.cnv
* Sea-Bird SBE19plus  Data File:
* FileName = C:\R\Reservoirs\Data\DataNotYetUploadedToEDI\Raw_CTD\RawDownloads\120324_bvr50_S8188_0002.hex
* Software version 2.8.0.119
* Temperature SN = 8188
* Conductivity SN = 8188
* System UpLoad Time = Dec 04 2024 16:16:52
* <ApplicationData>
* <Seaterm232>
# nquan = 16
# nvalues = 1343                        
# units = specified
# name 0 = depFM: Depth [fresh water, m]
# name 1 = dz/dtM: Descent Rate [m/s]
# name 2 = sbeox0Mg/L: Oxygen, SBE 43 [mg/l]
# name 3 = sbeox0PS: Oxygen, SBE 43 [% saturation]
# name 4 = specc: Specific Conductance [uS/cm]
# name 5 = c0uS/cm: Conductivity [uS/cm]
# name 6 = wetCDOM: Fluorescence, WET Labs CDOM [mg/m^3]
# name 7 = flECO-AFL: Fluorescence, WET Labs ECO-AFL/FL [mg/m^3]
# name 8 = flECO-AFL1: Fluorescence, WET Labs ECO-AFL/FL, 2 [mg/m^3]
# name 9 = flECO-AFL2: Fluorescence, WET Labs ECO-AFL/FL, 3 [mg/m^3]
# name 10 = par/sat/log: PAR/Logarithmic, Satlantic
# name 11 = turbWETntu0: Turbidity, WET Labs ECO [NTU]
# name 12 = prdM: Pressure, Strain Gauge [db]
# name 13 = prdE: Pressure, Strain Gauge [psi]
# name 14 = tv290C: Temperature [ITS-90, deg C]
# name 15 = flag:  0.000e+00
# span 0 =     -0.675,      9.726       
# span 1 =     -0.315,      0.185       
# span 2 =     6.6679,    13.9719       
# span 3 =     52.899,    110.339       
# span 4 =      1.817,     34.631       
# span 5 =   0.998652,  21.283818       
# span 6 =    -4.5000,    31.3200       
# span 7 =    -0.5211,   245.0652       
# span 8 =    -2.1300,     1.8744       
# span 9 =    -2.3688,     1.8189       
# span 10 = 1.1585e-01, 2.3411e+03      
# span 11 =    -8.3462,   108.2453      
# span 12 =     -0.662,      9.538      
# span 13 =     -0.960,     13.834      
# span 14 =     2.4569,     5.8575      
# span 15 = 0.0000e+00, 0.0000e+00      
# interval = seconds: 0.25
# start_time = Dec 03 2024 12:34:37 [Instrument's time stamp, header]
# bad_flag = -9.990e-29
*END*
[from data line 1176]
      9.726     -0.006    10.6728     85.250     34.329  21.182907    30.8700     3.0076     0.2130     0.5076 1.1597e-01    38.1363      9.538     13.834     5.8519 0.0000e+00
      9.724     -0.020    10.6700     85.184     34.431  21.246403    30.8700     3.0381     0.2130     0.5076 1.1612e-01    37.9702      9.536     13.831     5.8518 0.0000e+00
      9.719     -0.037    10.6650     85.123     34.488  21.281490    30.8700     4.6021     0.2130     0.5076 1.1600e-01   108.2453      9.531     13.823     5.8517 0.0000e+00
      9.709     -0.058    10.6583     85.080     34.429  21.245764    30.8700     4.6479     0.2130     0.5076 1.1628e-01   108.1698      9.521     13.809     5.8517 0.0000e+00
      9.693     -0.084    10.6506     85.047     34.358  21.201368    30.8700     4.6365     0.2130     0.3807 1.1605e-01   108.1395      9.506     13.787     5.8518 0.0000e+00
      9.671     -0.113    10.6423     85.004     34.344  21.192204    30.8700     4.6479     0.2130     0.3807 1.1617e-01   108.1698      9.484     13.755     5.8521 0.0000e+00
      9.640     -0.147    10.6346     84.933     34.347  21.193930    30.8700     2.2942     0.2130     0.3807 1.1610e-01    24.4197      9.454     13.711     5.8525 0.0000e+00
      9.600     -0.181    10.6291     84.825     34.308  21.169182    30.8700     2.2942     0.2130     0.3807 1.1602e-01    24.4197      9.414     13.654     5.8527 0.0000e+00
      9.548     -0.214    10.6252     84.690     34.212  21.109370    30.8700     2.2980     0.2130     0.4230 1.1628e-01    24.3895      9.364     13.581     5.8524 0.0000e+00
      9.486     -0.242    10.6200     84.559     34.117  21.050304    30.8700     2.2942     0.2130     0.4230 1.1610e-01    24.3593      9.303     13.493     5.8517 0.0000e+00
      9.415     -0.263    10.6113     84.472     34.094  21.035955    30.8700     2.1225     0.2130     0.4230 1.1605e-01     5.5064      9.234     13.392     5.8508 0.0000e+00
      9.340     -0.275    10.5980     84.458     34.099  21.038608    30.8700     2.1149     0.2130     0.4230 1.1605e-01     5.5518      9.160     13.285     5.8499 0.0000e+00
      9.264     -0.278    10.5814     84.536     34.078  21.025128    30.8700     2.1187     0.1704     0.5076 1.1612e-01     5.4611      9.085     13.176     5.8491 0.0000e+00
      9.190     -0.273    10.5653     84.700     34.092  21.033726    30.8700     2.1302     0.1704     0.5076 1.1628e-01     5.5216      9.012     13.071     5.8485 0.0000e+00
      9.120     -0.265    10.5545     84.933     34.145  21.066696    30.8700     2.1798     0.1704     0.5076 1.1607e-01     3.5879      8.944     12.972     5.8481 0.0000e+00
      9.056     -0.258    10.5529     85.208     34.175  21.085050    30.8700     2.1759     0.1704     0.5076 1.1625e-01     3.7390      8.881     12.880     5.8478 0.0000e+00
      8.995     -0.255    10.5626     85.485     34.160  21.075767    30.8700     2.1798     0.1704     0.5076 1.1623e-01     3.5879      8.821     12.794     5.8476 0.0000e+00
      8.935     -0.256    10.5831     85.719     34.122  21.052297    30.8700     2.1607     0.1704     0.5076 1.1623e-01     3.6332      8.762     12.709     5.8475 0.0000e+00
      8.872     -0.260    10.6122     85.894     34.070  21.020327    30.8700     2.0729     0.1704     0.5076 1.1602e-01     3.6181      8.701     12.619     5.8475 0.0000e+00
      8.804     -0.265    10.6465     86.012     34.000  20.977303    30.8700     2.0539     0.1704     0.5076 1.1612e-01     3.6937      8.634     12.523     5.8475 0.0000e+00
      8.733     -0.269    10.6812     86.081     33.965  20.955548    30.8700     2.0424     0.1704     0.5076 1.1612e-01     3.5577      8.564     12.421     5.8475 0.0000e+00
      8.660     -0.271    10.7105     86.113     34.035  20.999030    30.7800     2.0615     0.2130     0.5076 1.1617e-01     3.6635      8.492     12.317     5.8475 0.0000e+00
      8.588     -0.271    10.7323     86.118     34.178  21.087491    30.7800     2.1111     0.2130     0.5076 1.1610e-01     4.0864      8.423     12.216     5.8475 0.0000e+00
      8.520     -0.271    10.7471     86.100     34.281  21.150957    30.7800     2.1302     0.2130     0.5076 1.1617e-01     4.1167      8.356     12.119     5.8474 0.0000e+00
      8.455     -0.271    10.7557     86.064     34.307  21.166536    30.7800     2.1492     0.2130     0.5076 1.1605e-01     4.0260      8.291     12.026     5.8474 0.0000e+00
      8.389     -0.274    10.7596     86.021     34.258  21.136391    30.8700     2.1454     0.2130     0.5499 1.1620e-01     4.0864      8.227     11.932     5.8474 0.0000e+00
      8.320     -0.279    10.7603     85.976     34.135  21.060449    30.8700     2.0653     0.2130     0.5499 1.1602e-01     3.6786      8.160     11.835     5.8474 0.0000e+00
      8.248     -0.285    10.7580     85.924     34.018  20.988133    30.8700     2.0501     0.2130     0.5499 1.1617e-01     3.6635      8.088     11.731     5.8475 0.0000e+00
      8.172     -0.291    10.7535     85.858     33.998  20.975808    30.8700     2.0729     0.2130     0.5499 1.1605e-01     3.7088      8.014     11.623     5.8475 0.0000e+00
      8.095     -0.295    10.7482     85.781     34.063  21.016207    30.8700     2.0386     0.2130     0.5499 1.1607e-01     3.6937      7.938     11.514     5.8475 0.0000e+00
      8.018     -0.298    10.7426     85.706     34.161  21.076305    30.8700     2.1302     0.1704     0.4653 1.1610e-01     3.6937      7.863     11.405     5.8475 0.0000e+00
      7.942     -0.299    10.7360     85.639     34.261  21.138288    30.8700     2.1302     0.1704     0.4653 1.1623e-01     3.6030      7.789     11.297     5.8474 0.0000e+00
      7.866     -0.299    10.7278     85.581     34.330  21.180858    30.8700     2.1149     0.1704     0.4653 1.1605e-01     3.6786      7.714     11.189     5.8474 0.0000e+00
      7.791     -0.299    10.7182     85.533     34.344  21.189487    30.8700     2.1073     0.1704     0.4653 1.1620e-01     3.6332      7.640     11.081     5.8474 0.0000e+00
      7.715     -0.298    10.7088     85.500     34.323  21.176430    30.8700     2.1416     0.2130     0.4653 1.1612e-01     3.6635      7.566     10.973     5.8474 0.0000e+00
      7.638     -0.297    10.7005     85.492     34.268  21.142188    30.8700     2.0997     0.2130     0.4653 1.1612e-01     3.6030      7.490     10.864     5.8474 0.0000e+00
      7.561     -0.296    10.6933     85.514     34.173  21.083601    30.8700     2.1340     0.2130     0.4653 1.1623e-01     3.6181      7.415     10.754     5.8473 0.0000e+00
      7.485     -0.293    10.6873     85.560     34.104  21.040787    30.8700     2.1149     0.2130     0.4653 1.1617e-01     3.6937      7.340     10.646     5.8473 0.0000e+00
      7.411     -0.292    10.6832     85.617     34.109  21.044135    31.3200     2.1302     0.2130     0.4653 1.1612e-01     3.6484      7.268     10.541     5.8472 0.0000e+00
      7.338     -0.291    10.6822     85.673     34.172  21.082595    31.3200     2.1264     0.2130     0.4653 1.1623e-01     3.5879      7.196     10.437     5.8471 0.0000e+00
      7.266     -0.292    10.6849     85.716     34.263  21.138550    31.3200     2.1073     0.2130     0.4653 1.1617e-01     3.5879      7.125     10.334     5.8470 0.0000e+00
      7.192     -0.296    10.6907     85.744     34.345  21.189100    31.3200     2.1378     0.2130     0.4653 1.1605e-01     3.6030      7.053     10.230     5.8469 0.0000e+00
      7.117     -0.300    10.6979     85.758     34.366  21.201935    30.8700     2.0539     0.1704     0.4230 1.1620e-01     3.7692      6.980     10.123     5.8469 0.0000e+00
      7.039     -0.304    10.7049     85.760     34.315  21.170523    30.8700     2.0310     0.1704     0.4230 1.1617e-01     3.7843      6.903     10.012     5.8468 0.0000e+00
      6.959     -0.307    10.7103     85.754     34.240  21.124315    30.8700     2.0882     0.1704     0.4230 1.2881e-01     3.8296      6.825      9.898     5.8466 0.0000e+00
      6.879     -0.308    10.7138     85.747     34.198  21.098765    30.8700     2.0653     0.1704     0.4230 1.7272e-01     3.8447      6.746      9.784     5.8465 0.0000e+00
      6.799     -0.307    10.7156     85.744     34.202  21.100996    30.8700     2.0806     0.1704     0.4230 1.5240e-01     3.5728      6.668      9.671     5.8464 0.0000e+00
      6.721     -0.306    10.7159     85.744     34.210  21.105722    30.8700     2.0653     0.2130     0.5076 1.5862e-01     3.6030      6.591      9.560     5.8463 0.0000e+00
      6.645     -0.307    10.7151     85.745     34.214  21.108233    30.8700     2.0501     0.2130     0.5076 1.8694e-01     3.7088      6.517      9.452     5.8462 0.0000e+00
      6.569     -0.309    10.7143     85.742     34.235  21.121143    30.8700     2.0501     0.2130     0.5076 1.5844e-01     3.4671      6.442      9.344     5.8462 0.0000e+00
      6.492     -0.311    10.7139     85.729     34.246  21.127985    30.8700     2.0577     0.2130     0.5076 1.9083e-01     4.3433      6.366      9.233     5.8462 0.0000e+00
      6.411     -0.313    10.7139     85.703     34.218  21.110678    30.8700     2.0424     0.1704     0.5076 2.2960e-01     4.2828      6.287      9.119     5.8461 0.0000e+00
      6.328     -0.315    10.7140     85.669     34.169  21.080531    30.8700     2.0768     0.1704     0.5076 2.8607e-01     4.3130      6.206      9.001     5.8461 0.0000e+00
      6.245     -0.314    10.7137     85.634     34.125  21.053396    30.8700     2.0501     0.1704     0.5076 3.2754e-01     4.2828      6.124      8.883     5.8461 0.0000e+00
      6.164     -0.312    10.7120     85.607     34.100  21.037963    30.8700     2.1950     0.1704     0.5076 3.3751e-01     3.6030      6.045      8.768     5.8462 0.0000e+00
      6.086     -0.308    10.7088     85.589     34.110  21.044050    30.8700     2.1874     0.1704     0.4230 3.7576e-01     3.4671      5.968      8.656     5.8462 0.0000e+00
      6.009     -0.305    10.7045     85.576     34.134  21.059347    30.8700     2.1798     0.1704     0.4230 3.7348e-01     3.6181      5.893      8.547     5.8463 0.0000e+00
      5.933     -0.302    10.7001     85.569     34.138  21.062052    30.8700     2.1721     0.1704     0.4230 3.9700e-01     3.6484      5.819      8.439     5.8464 0.0000e+00
      5.857     -0.300    10.6967     85.568     34.133  21.058860    30.8700     2.1340     0.1704     0.4230 4.0536e-01     3.3009      5.744      8.331     5.8465 0.0000e+00
      5.780     -0.297    10.6944     85.573     34.123  21.052900    31.0500     2.0958     0.1704     0.4653 4.8149e-01     3.3462      5.668      8.221     5.8465 0.0000e+00
      5.702     -0.293    10.6928     85.581     34.116  21.048555    31.0500     2.1264     0.1704     0.4653 5.7266e-01     3.3613      5.592      8.110     5.8466 0.0000e+00
      5.626     -0.289    10.6918     85.594     34.119  21.050639    31.0500     2.1187     0.1704     0.4653 6.3520e-01     3.3462      5.518      8.002     5.8467 0.0000e+00
      5.553     -0.284    10.6918     85.613     34.121  21.051745    31.0500     2.1950     0.1704     0.4653 6.4396e-01     3.3764      5.446      7.899     5.8468 0.0000e+00
      5.483     -0.280    10.6924     85.639     34.128  21.056149    31.0500     2.1645     0.1704     0.4653 6.8006e-01     3.4218      5.377      7.799     5.8470 0.0000e+00
      5.415     -0.278    10.6933     85.672     34.126  21.055073    30.9600     2.1645     0.1704     0.4653 6.9033e-01     3.2858      5.310      7.701     5.8471 0.0000e+00
      5.346     -0.277    10.6949     85.710     34.122  21.052210    30.9600     2.1683     0.1704     0.4653 7.4375e-01     3.3764      5.242      7.604     5.8472 0.0000e+00
      5.276     -0.277    10.6973     85.752     34.116  21.048788    30.9600     2.0844     0.1704     0.4653 8.8477e-01     3.5426      5.174      7.504     5.8472 0.0000e+00
      5.204     -0.277    10.7005     85.795     34.089  21.031950    30.9600     2.0768     0.1704     0.4653 9.6848e-01     3.6332      5.103      7.402     5.8473 0.0000e+00
      5.131     -0.277    10.7046     85.827     34.088  21.031049    30.8700     2.0272     0.2130     0.4653 1.0865e+00     3.5728      5.032      7.299     5.8473 0.0000e+00
      5.059     -0.275    10.7093     85.835     34.131  21.057789    30.8700     2.0424     0.2130     0.4653 1.1549e+00     3.5275      4.962      7.197     5.8473 0.0000e+00
      4.990     -0.272    10.7146     85.812     34.160  21.075503    30.8700     2.0424     0.2130     0.4653 1.2146e+00     3.3764      4.893      7.097     5.8473 0.0000e+00
      4.921     -0.270    10.7200     85.757     34.146  21.067019    30.8700     2.0501     0.2130     0.4653 1.2986e+00     3.3160      4.827      7.000     5.8473 0.0000e+00
      4.854     -0.268    10.7240     85.681     34.134  21.059934    30.8700     2.0539     0.2130     0.5076 1.3640e+00     3.2707      4.761      6.905     5.8473 0.0000e+00
      4.788     -0.269    10.7251     85.597     34.158  21.074257    30.8700     2.0729     0.2130     0.5076 1.3750e+00     3.3915      4.695      6.810     5.8473 0.0000e+00
      4.720     -0.270    10.7221     85.514     34.186  21.091910    30.8700     2.0157     0.2130     0.5076 1.4824e+00     3.4067      4.629      6.714     5.8472 0.0000e+00
      4.651     -0.271    10.7152     85.446     34.186  21.091721    30.8700     1.9890     0.2130     0.5076 1.6841e+00     3.3160      4.561      6.615     5.8472 0.0000e+00
      4.579     -0.272    10.7058     85.404     34.163  21.077619    31.3200     2.0119     0.2130     0.4230 1.8458e+00     3.3915      4.491      6.514     5.8472 0.0000e+00
      4.508     -0.271    10.6953     85.385     34.137  21.061772    31.3200     2.0005     0.2130     0.4230 2.0008e+00     3.3160      4.421      6.412     5.8472 0.0000e+00
      4.438     -0.269    10.6849     85.383     34.101  21.039953    31.3200     2.1416     0.2130     0.4230 2.1074e+00     3.3311      4.353      6.313     5.8473 0.0000e+00
      4.371     -0.266    10.6764     85.387     34.053  21.010326    31.3200     2.1454     0.2130     0.4230 2.2294e+00     3.4067      4.286      6.217     5.8473 0.0000e+00
      4.304     -0.264    10.6711     85.388     33.986  20.968972    31.3200     2.1302     0.2130     0.4230 2.3978e+00     3.4671      4.221      6.122     5.8474 0.0000e+00
      4.239     -0.265    10.6688     85.386     33.924  20.930742    30.8700     2.1035     0.2130     0.4230 2.5349e+00     3.3915      4.157      6.030     5.8475 0.0000e+00
      4.174     -0.268    10.6685     85.383     33.934  20.937201    30.8700     2.1225     0.2130     0.4230 2.5383e+00     3.3613      4.093      5.937     5.8476 0.0000e+00
      4.107     -0.272    10.6689     85.377     34.013  20.986090    30.8700     2.0501     0.2130     0.4230 2.6614e+00     3.4520      4.027      5.841     5.8478 0.0000e+00
      4.036     -0.276    10.6689     85.370     34.105  21.042669    30.8700     2.0653     0.2130     0.4230 3.1277e+00     3.3915      3.958      5.740     5.8480 0.0000e+00
      3.961     -0.279    10.6686     85.363     34.172  21.084201    30.8700     2.0729     0.2130     0.5076 3.5842e+00     3.2858      3.885      5.635     5.8481 0.0000e+00
      3.887     -0.279    10.6682     85.356     34.194  21.097872    30.8700     2.0577     0.2130     0.5076 3.9550e+00     3.2707      3.812      5.529     5.8483 0.0000e+00
      3.815     -0.277    10.6675     85.345     34.177  21.087327    30.8700     2.0997     0.2130     0.5076 4.0798e+00     3.6332      3.741      5.427     5.8485 0.0000e+00
      3.746     -0.275    10.6665     85.332     34.142  21.065680    30.8700     2.1378     0.2130     0.5076 4.2104e+00     3.6030      3.673      5.328     5.8486 0.0000e+00
