Data/DataNotYetUploadedToEDI/Raw_CTD/RawDownloads/120324_bvr50_S8188002.cnv
* Sea-Bird SBE19plus  Data File:
* FileName = C:\R\Reservoirs\Data\DataNotYetUploadedToEDI\Raw_CTD\RawDownloads\120324_bvr50_S8188_0002.hex
* Software version 2.8.0.119
* Temperature SN = 8188
* Conductivity SN = 8188
* System UpLoad Time = Dec 04 2024 16:16:52
* <ApplicationData>
* <Seaterm232>
# nquan = 16
# nvalues = 1343                        
# units = specified
# name 0 = depFM: Depth [fresh water, m]
# name 1 = dz/dtM: Descent Rate [m/s]
# name 2 = sbeox0Mg/L: Oxygen, SBE 43 [mg/l]
# name 3 = sbeox0PS: Oxygen, SBE 43 [% saturation]
# name 4 = specc: Specific Conductance [uS/cm]
# name 5 = c0uS/cm: Conductivity [uS/cm]
# name 6 = wetCDOM: Fluorescence, WET Labs CDOM [mg/m^3]
# name 7 = flECO-AFL: Fluorescence, WET Labs ECO-AFL/FL [mg/m^3]
# name 8 = flECO-AFL1: Fluorescence, WET Labs ECO-AFL/FL, 2 [mg/m^3]
# name 9 = flECO-AFL2: Fluorescence, WET Labs ECO-AFL/FL, 3 [mg/m^3]
# name 10 = par/sat/log: PAR/Logarithmic, Satlantic
# name 11 = turbWETntu0: Turbidity, WET Labs ECO [NTU]
# name 12 = prdM: Pressure, Strain Gauge [db]
# name 13 = prdE: Pressure, Strain Gauge [psi]
# name 14 = tv290C: Temperature [ITS-90, deg C]
# name 15 = flag:  0.000e+00
# span 0 =     -0.675,      9.726       
# span 1 =     -0.315,      0.185       
# span 2 =     6.6679,    13.9719       
# span 3 =     52.899,    110.339       
# span 4 =      1.817,     34.631       
# span 5 =   0.998652,  21.283818       
# span 6 =    -4.5000,    31.3200       
# span 7 =    -0.5211,   245.0652       
# span 8 =    -2.1300,     1.8744       
# span 9 =    -2.3688,     1.8189       
# span 10 = 1.1585e-01, 2.3411e+03      
# span 11 =    -8.3462,   108.2453      
# span 12 =     -0.662,      9.538      
# span 13 =     -0.960,     13.834      
# span 14 =     2.4569,     5.8575      
# span 15 = 0.0000e+00, 0.0000e+00      
# interval = seconds: 0.25
# start_time = Dec 03 2024 12:34:37 [Instrument's time stamp, header]
# bad_flag = -9.990e-29
*END*
[from data line 452]
      0.146      0.061    10.7453     85.736     34.168  21.078551    30.1500     2.1645     0.2130     0.4653 3.6160e+01     3.3160      0.144      0.208     5.8417 0.0000e+00
      0.162      0.060    10.7367     85.722     34.174  21.081959    30.1500     2.1874     0.2130     0.4653 3.5468e+01     3.2858      0.159      0.230     5.8425 0.0000e+00
      0.176      0.060    10.7268     85.724     34.168  21.078809    30.1500     2.2065     0.2130     0.4653 3.6397e+01     3.3613      0.173      0.251     5.8431 0.0000e+00
      0.191      0.060    10.7185     85.730     34.148  21.066269    30.1500     2.2027     0.2130     0.5922 3.4480e+01     3.2556      0.188      0.272     5.8435 0.0000e+00
      0.206      0.060    10.7135     85.726     34.149  21.066875    30.1500     2.1759     0.2130     0.5922 3.3280e+01     3.3915      0.203      0.294     5.8438 0.0000e+00
      0.222      0.061    10.7118     85.699     34.146  21.064863    30.1500     2.1950     0.2130     0.5922 3.0476e+01     3.2707      0.218      0.316     5.8440 0.0000e+00
      0.237      0.062    10.7120     85.648     34.121  21.049742    30.1500     2.1798     0.2130     0.5922 3.0496e+01     3.3160      0.233      0.338     5.8442 0.0000e+00
      0.253      0.063    10.7127     85.586     34.101  21.037386    30.1500     2.1874     0.2130     0.5499 3.0843e+01     3.4671      0.249      0.360     5.8443 0.0000e+00
      0.269      0.064    10.7122     85.535     34.061  21.012557    30.1500     2.2980     0.2130     0.5499 2.9531e+01     3.4218      0.264      0.383     5.8443 0.0000e+00
      0.285      0.065    10.7089     85.518     34.035  20.996504    30.1500     2.2942     0.2130     0.5499 2.7126e+01     3.3915      0.280      0.406     5.8442 0.0000e+00
      0.302      0.066    10.7025     85.540     34.068  21.016799    30.1500     2.3209     0.2130     0.5499 2.6897e+01     3.2707      0.297      0.430     5.8441 0.0000e+00
      0.319      0.066    10.6947     85.590     34.121  21.048992    30.1500     2.3209     0.2130     0.5499 2.6364e+01     3.3009      0.313      0.454     5.8440 0.0000e+00
      0.337      0.066    10.6884     85.651     34.167  21.077780    30.1500     2.2599     0.1704     0.5076 2.5177e+01     3.3462      0.330      0.479     5.8439 0.0000e+00
      0.354      0.066    10.6863     85.701     34.265  21.138709    30.1500     2.2370     0.1704     0.5076 2.3624e+01     3.3160      0.347      0.503     5.8437 0.0000e+00
      0.370      0.065    10.6891     85.731     34.409  21.228120    30.1500     2.2255     0.1704     0.5076 2.3162e+01     3.3462      0.363      0.527     5.8437 0.0000e+00
      0.387      0.063    10.6954     85.741     34.490  21.278279    30.1500     2.2370     0.1704     0.5076 2.3727e+01     3.3009      0.380      0.551     5.8437 0.0000e+00
      0.403      0.061    10.7028     85.736     34.488  21.276683    30.1500     2.2446     0.1704     0.4653 2.2561e+01     3.4067      0.395      0.574     5.8440 0.0000e+00
      0.419      0.059    10.7090     85.726     34.423  21.236841    30.1500     2.2713     0.1704     0.4653 2.0348e+01     3.3160      0.411      0.596     5.8445 0.0000e+00
      0.433      0.057    10.7126     85.727     34.341  21.185954    30.1500     2.2789     0.1704     0.4653 2.1582e+01     3.4369      0.425      0.616     5.8450 0.0000e+00
      0.447      0.056    10.7137     85.751     34.319  21.172166    30.1500     2.2446     0.1704     0.4653 2.2468e+01     3.4822      0.439      0.636     5.8454 0.0000e+00
      0.461      0.054    10.7131     85.797     34.338  21.183838    30.2400     2.3018     0.2130     0.5499 2.0441e+01     3.6030      0.452      0.656     5.8453 0.0000e+00
      0.474      0.052    10.7119     85.857     34.335  21.182276    30.2400     2.2751     0.2130     0.5499 1.8883e+01     3.5426      0.466      0.675     5.8451 0.0000e+00
      0.488      0.050    10.7121     85.918     34.304  21.163081    30.2400     2.2942     0.2130     0.5499 1.9310e+01     3.5426      0.479      0.694     5.8448 0.0000e+00
      0.501      0.048    10.7151     85.969     34.261  21.137061    30.2400     2.3018     0.2130     0.5499 1.9833e+01     3.6484      0.491      0.712     5.8446 0.0000e+00
      0.513      0.047    10.7209     86.001     34.215  21.109222    30.2400     2.2522     0.2130     0.5499 1.9730e+01     3.3462      0.503      0.729     5.8447 0.0000e+00
      0.524      0.045    10.7283     86.002     34.183  21.090057    30.1500     2.2789     0.2130     0.4653 1.8249e+01     3.4520      0.514      0.745     5.8451 0.0000e+00
      0.535      0.044    10.7358     85.967     34.202  21.102326    30.1500     2.2217     0.2130     0.4653 1.8707e+01     3.3462      0.525      0.761     5.8456 0.0000e+00
      0.546      0.043    10.7421     85.899     34.271  21.145320    30.1500     2.2522     0.2130     0.4653 1.9268e+01     3.3160      0.535      0.777     5.8461 0.0000e+00
      0.557      0.042    10.7458     85.816     34.332  21.182726    30.1500     2.3171     0.2130     0.4653 1.8115e+01     3.5879      0.546      0.792     5.8468 0.0000e+00
      0.568      0.042    10.7458     85.731     34.344  21.190674    30.2400     2.3018     0.1704     0.5499 1.7217e+01     3.6030      0.557      0.808     5.8476 0.0000e+00
      0.578      0.041    10.7411     85.652     34.306  21.167302    30.2400     2.3209     0.1704     0.5499 1.7511e+01     3.6181      0.567      0.823     5.8483 0.0000e+00
      0.588      0.041    10.7325     85.588     34.243  21.128278    30.2400     2.2942     0.1704     0.5499 1.7534e+01     3.5879      0.577      0.837     5.8488 0.0000e+00
      0.598      0.042    10.7222     85.551     34.198  21.101019    30.2400     2.1874     0.1704     0.5499 1.7725e+01     3.3613      0.586      0.851     5.8490 0.0000e+00
      0.608      0.042    10.7116     85.550     34.151  21.072283    30.2400     2.1645     0.1704     0.5076 1.6560e+01     3.4067      0.597      0.865     5.8491 0.0000e+00
      0.620      0.044    10.7017     85.581     34.076  21.026446    30.2400     2.1912     0.1704     0.5076 1.6535e+01     3.3613      0.608      0.881     5.8492 0.0000e+00
      0.631      0.045    10.6936     85.633     34.032  20.999061    30.2400     2.1798     0.1704     0.5076 1.6961e+01     3.3764      0.619      0.898     5.8496 0.0000e+00
      0.643      0.047    10.6888     85.700     34.038  21.002733    30.2400     2.1798     0.1704     0.5076 1.6825e+01     3.2707      0.630      0.914     5.8500 0.0000e+00
      0.655      0.049    10.6886     85.766     34.044  21.006590    30.2400     2.2027     0.2130     0.5076 1.6005e+01     3.2556      0.642      0.931     5.8503 0.0000e+00
      0.667      0.051    10.6924     85.816     34.045  21.007679    30.2400     2.1950     0.2130     0.5076 1.5966e+01     3.2556      0.654      0.949     5.8505 0.0000e+00
      0.680      0.052    10.6989     85.847     34.053  21.012263    30.2400     2.1912     0.2130     0.5076 1.5729e+01     3.3009      0.667      0.968     5.8505 0.0000e+00
      0.694      0.053    10.7072     85.858     34.061  21.017581    30.2400     2.2332     0.2130     0.5076 1.5794e+01     3.6181      0.681      0.988     5.8505 0.0000e+00
      0.709      0.054    10.7154     85.851     34.099  21.040979    30.2400     2.2522     0.2130     0.5076 1.5458e+01     3.5275      0.695      1.008     5.8506 0.0000e+00
      0.722      0.055    10.7217     85.833     34.153  21.074761    30.2400     2.2370     0.2130     0.5076 1.5096e+01     3.6030      0.708      1.027     5.8507 0.0000e+00
      0.736      0.056    10.7254     85.805     34.207  21.108028    30.2400     2.2484     0.2130     0.5076 1.5394e+01     3.6181      0.722      1.047     5.8509 0.0000e+00
      0.750      0.056    10.7268     85.770     34.270  21.147659    30.2400     2.2675     0.2130     0.5076 1.4939e+01     3.7994      0.736      1.067     5.8512 0.0000e+00
      0.765      0.056    10.7259     85.732     34.284  21.156445    30.2400     2.2370     0.2130     0.5076 1.4891e+01     3.7994      0.750      1.088     5.8515 0.0000e+00
      0.780      0.056    10.7234     85.691     34.194  21.100895    30.3300     2.2904     0.1704     0.4653 1.4907e+01     3.7994      0.765      1.110     5.8520 0.0000e+00
      0.795      0.056    10.7199     85.651     34.066  21.021936    30.3300     2.2789     0.1704     0.4653 1.4920e+01     3.7843      0.779      1.130     5.8525 0.0000e+00
      0.809      0.054    10.7154     85.625     33.992  20.976153    30.3300     2.3171     0.1704     0.4653 1.4897e+01     3.5728      0.793      1.150     5.8529 0.0000e+00
      0.822      0.052    10.7105     85.621     33.975  20.965272    30.3300     2.3018     0.1704     0.4653 1.4920e+01     3.6332      0.807      1.170     5.8532 0.0000e+00
      0.836      0.050    10.7053     85.641     34.016  20.990373    30.2400     2.3095     0.2130     0.5922 1.4701e+01     3.4973      0.820      1.189     5.8533 0.0000e+00
      0.849      0.046    10.7004     85.681     34.122  21.056159    30.2400     2.2942     0.2130     0.5922 1.4701e+01     3.5426      0.833      1.208     5.8532 0.0000e+00
      0.861      0.042    10.6972     85.735     34.220  21.116470    30.2400     2.2904     0.2130     0.5922 1.4752e+01     3.5728      0.844      1.225     5.8530 0.0000e+00
      0.871      0.037    10.6967     85.801     34.268  21.145581    30.2400     2.2675     0.2130     0.5922 1.4704e+01     3.6635      0.854      1.239     5.8527 0.0000e+00
      0.880      0.033    10.6994     85.865     34.284  21.155238    30.2400     2.3209     0.2130     0.5499 1.4650e+01     3.7541      0.862      1.251     5.8526 0.0000e+00
      0.887      0.028    10.7044     85.914     34.285  21.155978    30.2400     2.3095     0.2130     0.5499 1.4823e+01     3.6332      0.870      1.262     5.8524 0.0000e+00
      0.894      0.024    10.7112     85.939     34.292  21.159944    30.2400     2.2408     0.2130     0.5499 1.5178e+01     3.3915      0.876      1.271     5.8523 0.0000e+00
      0.899      0.021    10.7194     85.938     34.267  21.144303    30.2400     2.2599     0.2130     0.5499 1.5307e+01     3.4520      0.882      1.279     5.8521 0.0000e+00
      0.904      0.019    10.7276     85.912     34.184  21.092940    30.2400     2.2446     0.2130     0.5499 1.4504e+01     3.3764      0.887      1.286     5.8518 0.0000e+00
      0.908      0.016    10.7337     85.869     34.121  21.053873    30.2400     2.2294     0.1704     0.5499 1.4797e+01     3.3764      0.890      1.292     5.8515 0.0000e+00
      0.912      0.013    10.7369     85.813     34.135  21.062470    30.2400     2.3095     0.1704     0.5499 1.5228e+01     3.3160      0.894      1.297     5.8511 0.0000e+00
      0.916      0.011    10.7369     85.748     34.182  21.091163    30.2400     2.2942     0.1704     0.5499 1.4845e+01     3.3311      0.898      1.302     5.8508 0.0000e+00
      0.919      0.009    10.7337     85.683     34.212  21.109780    30.2400     2.3362     0.1704     0.5499 1.5053e+01     3.3462      0.901      1.307     5.8505 0.0000e+00
      0.920      0.007    10.7284     85.631     34.221  21.115321    30.2400     2.2980     0.1704     0.5499 1.4746e+01     3.4671      0.902      1.309     5.8503 0.0000e+00
      0.921      0.006    10.7214     85.602     34.224  21.117228    30.2400     2.1874     0.1704     0.5499 1.4920e+01     3.3764      0.903      1.310     5.8503 0.0000e+00
      0.922      0.004    10.7133     85.591     34.235  21.123971    30.2400     2.1912     0.1704     0.5499 1.4624e+01     3.3613      0.904      1.311     5.8502 0.0000e+00
      0.923      0.002    10.7052     85.591     34.251  21.133368    30.2400     2.1645     0.1704     0.5499 1.5481e+01     3.3009      0.905      1.313     5.8500 0.0000e+00
      0.924      0.000    10.6988     85.596     34.263  21.139962    30.3300     2.1912     0.1704     0.5076 1.5596e+01     3.2405      0.906      1.314     5.8499 0.0000e+00
      0.924     -0.002    10.6951     85.602     34.253  21.133566    30.3300     2.2446     0.1704     0.5076 1.4816e+01     3.3160      0.906      1.314     5.8498 0.0000e+00
      0.923     -0.004    10.6939     85.614     34.233  21.120437    30.3300     2.2408     0.1704     0.5076 1.5057e+01     3.3462      0.905      1.312     5.8496 0.0000e+00
      0.921     -0.005    10.6940     85.628     34.242  21.124945    30.3300     2.2294     0.1704     0.5076 1.5251e+01     3.3764      0.903      1.309     5.8491 0.0000e+00
      0.918     -0.005    10.6948     85.638     34.267  21.140328    30.2400     2.2294     0.1704     0.4653 1.4868e+01     3.3613      0.900      1.306     5.8483 0.0000e+00
      0.915     -0.004    10.6959     85.654     34.284  21.150783    30.2400     2.1759     0.1704     0.4653 1.5086e+01     3.4369      0.898      1.302     5.8473 0.0000e+00
      0.914     -0.003    10.6977     85.686     34.282  21.149142    30.2400     2.1874     0.1704     0.4653 1.5401e+01     3.4671      0.897      1.301     5.8462 0.0000e+00
      0.914     -0.001    10.6996     85.739     34.242  21.125015    30.2400     2.2179     0.1704     0.4653 1.5569e+01     3.3462      0.897      1.301     5.8453 0.0000e+00
      0.915      0.001    10.7011     85.813     34.179  21.085902    30.2400     2.1988     0.1704     0.4653 1.5994e+01     3.2858      0.897      1.302     5.8448 0.0000e+00
      0.916      0.003    10.7030     85.898     34.132  21.057207    30.2400     2.1073     0.2130     0.4653 1.5664e+01     3.4520      0.898      1.303     5.8447 0.0000e+00
      0.917      0.005    10.7070     85.981     34.119  21.049195    30.2400     2.1264     0.2130     0.4653 1.4807e+01     3.3009      0.899      1.305     5.8448 0.0000e+00
      0.918      0.006    10.7137     86.051     34.117  21.047785    30.2400     2.1149     0.2130     0.4653 1.5185e+01     3.3009      0.900      1.306     5.8448 0.0000e+00
      0.920      0.006    10.7229     86.103     34.153  21.070519    30.2400     2.1149     0.2130     0.4653 1.5384e+01     3.4067      0.902      1.308     5.8448 0.0000e+00
      0.922      0.006    10.7336     86.124     34.239  21.123457    30.2400     2.1149     0.2130     0.4230 1.5401e+01     3.3764      0.904      1.312     5.8448 0.0000e+00
      0.925      0.006    10.7438     86.104     34.326  21.176921    30.2400     2.1340     0.2130     0.4230 1.5461e+01     3.3160      0.906      1.315     5.8449 0.0000e+00
      0.926      0.006    10.7526     86.050     34.385  21.213314    30.2400     2.1111     0.2130     0.4230 1.5411e+01     3.4218      0.908      1.317     5.8451 0.0000e+00
      0.927      0.005    10.7591     85.982     34.355  21.194564    30.2400     2.1225     0.2130     0.4230 1.4765e+01     3.3764      0.909      1.318     5.8452 0.0000e+00
      0.927      0.004    10.7617     85.914     34.231  21.117661    30.2400     2.1683     0.2130     0.5922 1.5732e+01     3.3915      0.909      1.319     5.8452 0.0000e+00
      0.928      0.004    10.7592     85.860     34.085  21.027792    30.2400     2.1836     0.2130     0.5922 1.5451e+01     3.3160      0.910      1.321     5.8451 0.0000e+00
      0.929      0.004    10.7525     85.829     33.941  20.938817    30.2400     2.1874     0.2130     0.5922 1.5234e+01     3.3462      0.911      1.322     5.8450 0.0000e+00
      0.930      0.005    10.7441     85.814     33.856  20.886732    30.2400     2.1988     0.2130     0.5922 1.5444e+01     3.2405      0.912      1.324     5.8449 0.0000e+00
      0.931      0.005    10.7355     85.811     33.899  20.913389    30.2400     2.1645     0.2130     0.6345 1.6243e+01     3.3764      0.913      1.325     5.8449 0.0000e+00
      0.933      0.006    10.7288     85.821     34.004  20.978117    30.2400     2.2027     0.2130     0.6345 1.5576e+01     3.3613      0.915      1.327     5.8449 0.0000e+00
