Data/DataNotYetUploadedToEDI/Raw_CTD/RawDownloads/120324_fcr50_S7809002.cnv
* Sea-Bird SBE19plus  Data File:
* FileName = C:\R\Reservoirs\Data\DataNotYetUploadedToEDI\Raw_CTD\RawDownloads\120324_fcr50_S7809_0002.hex
* Software version 2.8.0.119
* Temperature SN = 7809
* Conductivity SN = 7809
* System UpLoad Time = Dec 04 2024 15:58:58
* <ApplicationData>
* <Seaterm232>
# nquan = 15
# nvalues = 1308                        
# units = specified
# name 0 = depFM: Depth [fresh water, m]
# name 1 = dz/dtM: Descent Rate [m/s]
# name 2 = sbeox0Mg/L: Oxygen, SBE 43 [mg/l]
# name 3 = sbeox0PS: Oxygen, SBE 43 [% saturation]
# name 4 = specc: Specific Conductance [uS/cm]
# name 5 = c0uS/cm: Conductivity [uS/cm]
# name 6 = flECO-AFL: Fluorescence, WET Labs ECO-AFL/FL [mg/m^3]
# name 7 = ph: pH
# name 8 = orp: Oxidation Reduction Potential [mV]
# name 9 = par/sat/log: PAR/Logarithmic, Satlantic
# name 10 = turbWETntu0: Turbidity, WET Labs ECO [NTU]
# name 11 = prdM: Pressure, Strain Gauge [db]
# name 12 = prdE: Pressure, Strain Gauge [psi]
# name 13 = tv290C: Temperature [ITS-90, deg C]
# name 14 = flag:  0.000e+00
# span 0 =     -0.557,      9.737       
# span 1 =     -0.468,      0.290       
# span 2 =     5.1474,    12.8590       
# span 3 =     42.897,    104.698       
# span 4 =      0.956,    361.248       
# span 5 =   0.539277, 235.660726       
# span 6 =    -1.0394,   227.2333       
# span 7 =     -2.790,     16.457       
# span 8 = -1177.0561,  1129.1796       
# span 9 = 1.2369e-01, 1.4997e+03       
# span 10 =   -10.6759,   931.7846      
# span 11 =     -0.546,      9.550      
# span 12 =     -0.792,     13.851      
# span 13 =     3.1688,     8.1020      
# span 14 = 0.0000e+00, 0.0000e+00      
# interval = seconds: 0.25
# start_time = Dec 03 2024 13:06:11 [Instrument's time stamp, header]
# bad_flag = -9.990e-29
*END*
[from data line 1254]
     -0.554 7.8995e-18     6.6188     55.329    350.434 227.256347    -0.0987      8.398   445.2114 4.3737e+02    -0.1876     -0.544     -0.789     7.4305 0.0000e+00
     -0.554 7.1815e-19     6.6268     55.294    350.415 227.232220    -0.0780      8.422   414.3648 9.6674e+02    -0.1601     -0.544     -0.788     7.4286 0.0000e+00
     -0.554 6.5285e-20     6.6317     55.245    350.429 227.229847    -0.0708      8.427   403.9158 1.2573e+03    -0.1554     -0.543     -0.788     7.4268 0.0000e+00
     -0.554 5.9350e-21     6.6385     55.212    350.444 227.227647    -0.0782      8.427   397.5135 1.2938e+03    -0.1647     -0.544     -0.789     7.4251 0.0000e+00
     -0.554 5.3955e-22     6.6420     55.154    350.427 227.205605    -0.0759      8.426   391.1609 1.3037e+03    -0.1693     -0.543     -0.788     7.4233 0.0000e+00
     -0.554 4.9049e-23     6.6361     55.053    350.466 227.219542    -0.0850      8.424   383.6343 1.3080e+03    -0.1774     -0.543     -0.787     7.4215 0.0000e+00
     -0.554 4.4590e-24     6.6271     54.915    350.558 227.268040    -0.1133      8.425   371.2975 1.3149e+03    -0.1937     -0.544     -0.788     7.4199 0.0000e+00
     -0.554 4.0537e-25     6.6280     54.722    350.593 227.279561    -0.1261      8.426   357.7201 1.3172e+03    -0.2298     -0.543     -0.788     7.4181 0.0000e+00
     -0.554 3.6851e-26     6.6217     54.469    350.535 227.230726    -0.1235      8.420   354.2088 1.3177e+03    -0.2729     -0.544     -0.788     7.4166 0.0000e+00
     -0.554 3.3501e-27     6.6078     54.149    350.489 227.189985    -0.1156      8.348   500.6635 1.3005e+03    -0.3049     -0.544     -0.788     7.4150 0.0000e+00
     -0.554 3.0456e-28     6.5946     53.789    350.478 227.171267    -0.1056      7.889   775.4370 1.0378e+03    -0.3094     -0.543     -0.788     7.4135 0.0000e+00
     -0.554 2.7687e-29     6.5696     53.423    350.441 227.132511    -0.0946      6.791   904.0294 7.9696e+02    -0.2924     -0.544     -0.788     7.4119 0.0000e+00
     -0.554 2.5170e-30     6.5416     53.033    350.435 227.105687    -0.0817      5.962   928.3492 1.0432e+03    -0.2702     -0.544     -0.789     7.4101 0.0000e+00
     -0.554 2.2882e-31     6.5022     52.623    350.485 227.103127    -0.0747      6.493   473.4907 1.3010e+03    -0.2115     -0.544     -0.788     7.4086 0.0000e+00
     -0.554 2.0802e-32     6.4554     52.227    350.538 227.101523    -0.0762      7.698  -527.4310 1.3189e+03    -0.1643     -0.543     -0.788     7.4070 0.0000e+00
     -0.554 1.8911e-33     6.4157     51.869    350.556 227.086259    -0.0834      8.292  -756.0770 1.3270e+03    -0.1777     -0.544     -0.789     7.4053 0.0000e+00
     -0.554 1.7191e-34     6.3675     51.572    350.523 227.046653    -0.0871      8.242  -187.0435 1.3320e+03    -0.1683     -0.544     -0.788     7.4024 0.0000e+00
     -0.555 1.5629e-35     6.3182     51.306    350.483 227.006943    -0.0959      8.168   240.4754 1.3370e+03    -0.1538     -0.544     -0.789     7.3967 0.0000e+00
     -0.555 1.4208e-36     6.2704     51.052    350.475 226.990428    -0.1146      8.183   537.8957 1.3479e+03     0.1342     -0.544     -0.789     7.3910 0.0000e+00
     -0.555 1.2916e-37     6.2269     50.904    350.468 226.975056    -0.1141      8.217   638.4029 1.3536e+03     0.8206     -0.544     -0.788     7.3872 0.0000e+00
     -0.555 1.1742e-38     6.1914     50.847    350.444 226.949176    -0.1065      8.299   564.5049 1.3564e+03     1.2116     -0.544     -0.789     7.3848 0.0000e+00
     -0.555 1.0674e-39     6.1662     50.790    350.435 226.933708    -0.1222      8.360   544.2855 1.3555e+03     1.1727     -0.544     -0.789     7.3830 0.0000e+00
     -0.555 9.7040e-41     6.1249     50.703    350.424 226.916132    -0.1458      8.382   558.6120 1.3480e+03     1.1359     -0.544     -0.789     7.3815 0.0000e+00
     -0.554 8.8220e-42     6.1091     50.524    350.360 226.864756    -0.1581      8.394   576.7456 1.3497e+03     1.1420     -0.544     -0.788     7.3800 0.0000e+00
     -0.554 8.0200e-43     6.1125     50.339    350.315 226.824929    -0.1630      8.403   589.3940 1.3532e+03     1.1435     -0.544     -0.788     7.3784 0.0000e+00
     -0.555 7.2910e-44     6.0977     50.175    350.322 226.818875    -0.1639      8.414   583.7735 1.3510e+03     1.1203     -0.544     -0.789     7.3770 0.0000e+00
     -0.555 6.6280e-45     6.1010     49.919    350.296 226.791551    -0.1352      8.454   481.6015 1.3546e+03     0.8271     -0.544     -0.789     7.3756 0.0000e+00
     -0.555 6.0255e-46     6.0683     49.598    350.250 226.750757    -0.0911      8.515   297.5475 1.3546e+03     0.2980     -0.544     -0.788     7.3741 0.0000e+00
     -0.555 5.4775e-47     6.0436     49.284    350.203 226.709943    -0.0806      8.472   345.7266 1.3521e+03     0.0516     -0.544     -0.789     7.3727 0.0000e+00
     -0.555 4.9798e-48     6.0363     48.913    350.177 226.682359    -0.0909      8.327   658.0251 1.3594e+03     0.1020     -0.544     -0.789     7.3712 0.0000e+00
     -0.555 4.5270e-49     6.0013     48.521    350.179 226.673438    -0.1081      8.294   751.0306 1.3670e+03     0.3613     -0.544     -0.789     7.3696 0.0000e+00
     -0.555 4.1155e-50     5.9559     48.203    350.184 226.666110    -0.1387      8.399   548.5955 1.3746e+03     0.7952     -0.544     -0.789     7.3681 0.0000e+00
     -0.555 3.7414e-51     5.9261     47.861    350.188 226.657808    -0.1615      8.459   431.4167 1.3848e+03     0.9766     -0.544     -0.789     7.3666 0.0000e+00
     -0.555 3.4012e-52     5.8827     47.498    350.173 226.637100    -0.1674      8.463   393.6339 1.3966e+03     0.9146     -0.544     -0.789     7.3651 0.0000e+00
     -0.555 3.0920e-53     5.8195     47.132    350.143 226.607870    -0.1759      8.438   423.8783 1.4066e+03     0.8302     -0.544     -0.789     7.3635 0.0000e+00
     -0.555 2.8109e-54     5.8000     46.751    350.086 226.560589    -0.1894      8.376   564.7925 1.4009e+03     0.7079     -0.544     -0.789     7.3621 0.0000e+00
     -0.555 2.5554e-55     5.7513     46.419    350.031 226.513772    -0.1884      8.369   590.1798 1.3931e+03     0.6316     -0.544     -0.789     7.3606 0.0000e+00
     -0.555 2.3231e-56     5.7063     46.084    350.012 226.490144    -0.1819      8.398   644.5366 1.3976e+03     0.6598     -0.544     -0.789     7.3591 0.0000e+00
     -0.555 2.1119e-57     5.6707     45.761    349.993 226.467044    -0.1682      8.368   817.9753 1.4056e+03     0.7757     -0.544     -0.789     7.3576 0.0000e+00
     -0.555 1.9199e-58     5.6107     45.461    349.948 226.426623    -0.1398      8.327   858.9642 1.4150e+03     0.9402     -0.544     -0.789     7.3560 0.0000e+00
     -0.555 1.7454e-59     5.5841     45.125    349.902 226.385694    -0.1294      8.539   336.1801 1.4184e+03     1.0424     -0.544     -0.788     7.3545 0.0000e+00
     -0.555 1.5867e-60     5.5380     44.800    349.875 226.356469    -0.1342      8.905  -645.6169 1.4163e+03     1.0557     -0.544     -0.789     7.3529 0.0000e+00
     -0.555 1.4424e-61     5.4973     44.524    349.851 226.329453    -0.1230      8.950 -1177.0561 1.4186e+03     0.9984     -0.544     -0.789     7.3513 0.0000e+00
     -0.555 1.3113e-62     5.4702     44.240    349.846 226.315238    -0.1018      8.720 -1129.5009 1.4045e+03     0.8961     -0.544     -0.789     7.3497 0.0000e+00
     -0.555 1.1921e-63     5.4231     43.933    349.861 226.312678    -0.0948      8.480  -849.7159 1.3756e+03     0.8431     -0.544     -0.788     7.3480 0.0000e+00
     -0.555 1.0837e-64     5.3828     43.650    349.857 226.298492    -0.1038      8.312  -502.8873 1.3819e+03     0.8015     -0.544     -0.789     7.3465 0.0000e+00
     -0.555 9.8520e-66     5.3538     43.401    349.833 226.271803    -0.1023      8.272  -298.1818 1.4188e+03     0.6319     -0.544     -0.788     7.3449 0.0000e+00
     -0.555 8.9571e-67     5.3220     43.178    349.812 226.246175    -0.0940      8.287  -172.1717 1.4433e+03     0.3636     -0.544     -0.789     7.3433 0.0000e+00
     -0.555 8.2098e-68     5.2796     42.986    349.827 226.244811    -0.1031      8.232   -98.2506 1.4554e+03     0.1882     -0.544     -0.789     7.3415 0.0000e+00
     -0.555 1.4804e-68     5.2478     42.897    349.851 226.255293    -0.1128      8.176   -97.1963 1.4691e+03     0.1511     -0.544     -0.789     7.3399 0.0000e+00
     -0.555 -9.990e-29     5.2175 -9.990e-29 -9.990e-29 -9.990e-29 -9.990e-29 -9.990e-29 -9.990e-29 1.4825e+03 -9.990e-29     -0.544     -0.789     7.3381 0.0000e+00
     -0.555 -9.990e-29     5.1916 -9.990e-29 -9.990e-29 -9.990e-29 -9.990e-29 -9.990e-29 -9.990e-29 1.4893e+03 -9.990e-29     -0.544     -0.789     7.3366 0.0000e+00
     -0.555 -9.990e-29     5.1665 -9.990e-29 -9.990e-29 -9.990e-29 -9.990e-29 -9.990e-29 -9.990e-29 1.4952e+03 -9.990e-29     -0.544     -0.789     7.3348 0.0000e+00
     -0.555 -9.990e-29     5.1474 -9.990e-29 -9.990e-29 -9.990e-29 -9.990e-29 -9.990e-29 -9.990e-29 1.4997e+03 -9.990e-29     -0.544     -0.788     7.3334 0.0000e+00
