Data/DataNotYetUploadedToEDI/Raw_CTD/RawDownloads/120324_fcr50_S7809002.cnv
* Sea-Bird SBE19plus  Data File:
* FileName = C:\R\Reservoirs\Data\DataNotYetUploadedToEDI\Raw_CTD\RawDownloads\120324_fcr50_S7809_0002.hex
* Software version 2.8.0.119
* Temperature SN = 7809
* Conductivity SN = 7809
* System UpLoad Time = Dec 04 2024 15:58:58
* <ApplicationData>
* <Seaterm232>
# nquan = 15
# nvalues = 1308                        
# units = specified
# name 0 = depFM: Depth [fresh water, m]
# name 1 = dz/dtM: Descent Rate [m/s]
# name 2 = sbeox0Mg/L: Oxygen, SBE 43 [mg/l]
# name 3 = sbeox0PS: Oxygen, SBE 43 [% saturation]
# name 4 = specc: Specific Conductance [uS/cm]
# name 5 = c0uS/cm: Conductivity [uS/cm]
# name 6 = flECO-AFL: Fluorescence, WET Labs ECO-AFL/FL [mg/m^3]
# name 7 = ph: pH
# name 8 = orp: Oxidation Reduction Potential [mV]
# name 9 = par/sat/log: PAR/Logarithmic, Satlantic
# name 10 = turbWETntu0: Turbidity, WET Labs ECO [NTU]
# name 11 = prdM: Pressure, Strain Gauge [db]
# name 12 = prdE: Pressure, Strain Gauge [psi]
# name 13 = tv290C: Temperature [ITS-90, deg C]
# name 14 = flag:  0.000e+00
# span 0 =     -0.557,      9.737       
# span 1 =     -0.468,      0.290       
# span 2 =     5.1474,    12.8590       
# span 3 =     42.897,    104.698       
# span 4 =      0.956,    361.248       
# span 5 =   0.539277, 235.660726       
# span 6 =    -1.0394,   227.2333       
# span 7 =     -2.790,     16.457       
# span 8 = -1177.0561,  1129.1796       
# span 9 = 1.2369e-01, 1.4997e+03       
# span 10 =   -10.6759,   931.7846      
# span 11 =     -0.546,      9.550      
# span 12 =     -0.792,     13.851      
# span 13 =     3.1688,     8.1020      
# span 14 = 0.0000e+00, 0.0000e+00      
# interval = seconds: 0.25
# start_time = Dec 03 2024 13:06:11 [Instrument's time stamp, header]
# bad_flag = -9.990e-29
*END*
[from data line 1061]
      6.804     -0.311     7.1143     58.824    287.285 190.078559     4.6718      8.458   180.0279 1.2414e-01    55.0532      6.672      9.677     8.0737 0.0000e+00
      6.744     -0.309     7.0658     58.493    288.688 191.024759     5.0064      8.458   182.3428 1.2713e-01    50.8912      6.639      9.629     8.0755 0.0000e+00
      6.638     -0.277     7.0202     58.183    289.497 191.583772     5.0643      8.458   184.5385 1.3449e-01    50.1017      6.523      9.461     8.0776 0.0000e+00
      6.512     -0.230     6.9873     57.900    289.865 191.850267     5.4143      8.458   186.7020 1.4124e-01    45.8154      6.361      9.226     8.0784 0.0000e+00
      6.436     -0.180     6.9476     57.642    290.079 192.009012     6.0672      8.460   188.3675 1.4162e-01    38.0756      6.283      9.112     8.0792 0.0000e+00
      6.427     -0.128     6.9060     57.402    290.388 192.224312     6.4323      8.461   189.1881 1.3952e-01    33.8914      6.296      9.132     8.0824 0.0000e+00
      6.445     -0.091     6.8695     57.156    290.852 192.535162     6.4584      8.461   189.5691 1.3696e-01    33.6194      6.324      9.174     8.0873 0.0000e+00
      6.456     -0.094     6.8344     56.884    291.488 192.953977     6.3324      8.462   189.4467 1.3546e-01    34.6844      6.336      9.189     8.0914 0.0000e+00
      6.451     -0.144     6.8047     56.636    292.351 193.515436     6.0739      8.464   189.3429 1.3828e-01    36.6915      6.334      9.187     8.0945 0.0000e+00
      6.421     -0.209     6.7757     56.461    293.228 194.080126     5.9213      8.464   189.9488 1.4806e-01    37.7673      6.313      9.156     8.0962 0.0000e+00
      6.344     -0.254     6.7495     56.302    293.845 194.473923     5.9358      8.464   190.7488 1.7526e-01    37.6152      6.242      9.053     8.0970 0.0000e+00
      6.222     -0.266     6.7145     56.121    294.280 194.759586     6.1746      8.463   191.5309 2.2297e-01    34.9884      6.104      8.854     8.0968 0.0000e+00
      6.101     -0.247     6.6806     55.953    294.686 195.039975     6.6028      8.462   192.0921 2.6732e-01    30.2602      5.957      8.641     8.0951 0.0000e+00
      6.032     -0.210     6.6662     55.813    295.063 195.306031     6.8513      8.463   192.2851 2.8086e-01    27.7582      5.893      8.548     8.0918 0.0000e+00
      6.017     -0.180     6.6497     55.680    295.500 195.610245     6.8826      8.465   192.9181 2.7107e-01    27.6582      5.898      8.553     8.0883 0.0000e+00
      6.021     -0.180     6.6255     55.575    296.223 196.096149     6.8059      8.465   193.7236 2.6256e-01    28.5032      5.906      8.566     8.0880 0.0000e+00
      6.018     -0.217     6.6037     55.499    297.335 196.832156     6.6489      8.465   194.2801 2.7369e-01    30.0171      5.910      8.571     8.0906 0.0000e+00
      5.982     -0.268     6.5904     55.401    298.501 197.601938     6.5564      8.465   195.0871 3.1734e-01    30.7951      5.892      8.545     8.0938 0.0000e+00
      5.880     -0.306     6.5711     55.289    299.266 198.112275     6.5540      8.463   196.0817 4.1047e-01    30.7706      5.794      8.405     8.0966 0.0000e+00
      5.722     -0.319     6.5579     55.206    299.683 198.397480     6.6357      8.462   196.8407 5.2145e-01    29.7900      5.605      8.129     8.0981 0.0000e+00
      5.580     -0.316     6.5536     55.154    300.004 198.619784     6.7617      8.462   197.0377 5.8250e-01    27.9568      5.435      7.882     8.0976 0.0000e+00
      5.516     -0.307     6.5409     55.114    300.393 198.881279     6.8052      8.463   197.1727 5.8833e-01    26.9491      5.387      7.813     8.0966 0.0000e+00
      5.509     -0.297     6.5244     55.058    301.061 199.320484     6.7863      8.464   197.6125 5.7642e-01    26.8631      5.410      7.847     8.0972 0.0000e+00
      5.490     -0.287     6.5151     54.963    301.947 199.900408     6.7413      8.466   198.2258 5.9992e-01    26.9170      5.406      7.841     8.0994 0.0000e+00
      5.415     -0.278     6.5098     54.864    302.698 200.392009     6.6688      8.467   199.2529 7.0139e-01    26.9858      5.332      7.734     8.1013 0.0000e+00
      5.288     -0.268     6.5053     54.804    303.296 200.786665     6.6342      8.466   200.3956 8.5963e-01    27.0118      5.188      7.524     8.1020 0.0000e+00
      5.157     -0.243     6.5014     54.767    303.847 201.153843     6.6475      8.464   201.2870 9.9118e-01    26.9246      5.033      7.300     8.1013 0.0000e+00
      5.081     -0.191     6.4878     54.730    304.274 201.441094     6.8379      8.464   202.1149 1.0281e+00    25.8290      4.955      7.187     8.0998 0.0000e+00
      5.069     -0.126     6.4734     54.703    304.661 201.700951     7.1969      8.464   202.7487 1.0065e+00    23.8416      4.964      7.200     8.0987 0.0000e+00
      5.087     -0.080     6.4683     54.708    305.100 201.992761     7.4000      8.464   203.1848 9.7579e-01    22.7753      4.991      7.239     8.0987 0.0000e+00
      5.107     -0.087     6.4647     54.724    305.736 202.410436     7.4215      8.465   203.7747 9.4595e-01    22.6043      5.011      7.268     8.0992 0.0000e+00
      5.112     -0.155     6.4601     54.709    306.799 203.104496     7.3578      8.465   204.2886 9.5774e-01    21.6031      5.023      7.286     8.0999 0.0000e+00
      5.087     -0.251     6.4546     54.684    308.249 204.050937     7.2359      8.465   204.6657 1.0472e+00    19.8244      5.009      7.265     8.1008 0.0000e+00
      5.007     -0.329     6.4560     54.679    309.641 204.960723     7.1716      8.465   205.3232 1.2384e+00    18.8604      4.936      7.159     8.1010 0.0000e+00
      4.863     -0.359     6.4622     54.700    310.506 205.531168     7.1797      8.464   206.3011 1.5444e+00    18.6921      4.782      6.936     8.1006 0.0000e+00
      4.690     -0.340     6.4577     54.746    310.944 205.829498     7.3508      8.462   207.1978 1.8844e+00    17.7216      4.585      6.650     8.0990 0.0000e+00
      4.555     -0.289     6.4539     54.803    311.293 206.072397     7.6673      8.462   207.8196 2.0602e+00    15.8716      4.427      6.420     8.0964 0.0000e+00
      4.510     -0.226     6.4539     54.888    311.613 206.292525     7.8434      8.462   208.3976 1.9948e+00    14.8379      4.395      6.375     8.0939 0.0000e+00
      4.532     -0.177     6.4564     55.024    312.032 206.571475     7.8577      8.462   208.8528 1.8775e+00    14.6857      4.449      6.453     8.0934 0.0000e+00
      4.553     -0.159     6.4616     55.119    312.805 207.077621     7.8402      8.463   209.1078 1.8789e+00    14.1682      4.482      6.499     8.0955 0.0000e+00
      4.534     -0.169     6.4698     55.144    313.723 207.677118     7.8062      8.463   209.5009 2.0242e+00    13.2606      4.464      6.475     8.0979 0.0000e+00
      4.464     -0.191     6.4730     55.164    314.410 208.124818     7.7875      8.463   210.1639 2.3229e+00    12.7638      4.396      6.377     8.0992 0.0000e+00
      4.354     -0.204     6.4979     55.208    314.923 208.459235     7.7889      8.461   210.8433 2.6920e+00    12.7396      4.268      6.190     8.0994 0.0000e+00
      4.254     -0.190     6.5114     55.294    315.413 208.776832     7.8144      8.461   211.3492 2.9012e+00    12.6610      4.143      6.010     8.0984 0.0000e+00
      4.212     -0.148     6.5067     55.364    315.892 209.085112     7.8802      8.462   211.8922 2.8798e+00    12.4962      4.113      5.967     8.0966 0.0000e+00
      4.212     -0.094     6.5130     55.329    316.341 209.370820     7.9351      8.462   212.5038 2.8060e+00    12.4207      4.133      5.995     8.0956 0.0000e+00
      4.219     -0.055     6.5129     55.238    316.718 209.607451     7.9455      8.462   212.8939 2.7732e+00    12.4308      4.139      6.002     8.0951 0.0000e+00
      4.224     -0.063     6.5282     55.224    317.085 209.834296     7.8973      8.463   213.1679 2.7636e+00    12.4821      4.143      6.009     8.0939 0.0000e+00
      4.225     -0.127     6.5412     55.234    317.560 210.129658     7.8192      8.463   213.4930 2.7806e+00    12.5621      4.146      6.013     8.0926 0.0000e+00
      4.214     -0.217     6.5373     55.167    318.140 210.490717     7.7835      8.464   213.8132 2.8941e+00    12.6117      4.144      6.011     8.0908 0.0000e+00
      4.163     -0.292     6.5141     55.078    318.652 210.807849     7.7810      8.464   214.1144 3.2765e+00    12.5702      4.108      5.960     8.0887 0.0000e+00
      4.046     -0.331     6.5185     55.015    318.997 211.020044     7.8150      8.463   214.3816 4.0417e+00    11.7196      3.992      5.789     8.0864 0.0000e+00
      3.881     -0.331     6.5290     54.976    319.286 211.200295     7.8783      8.463   214.8929 4.9650e+00    10.0810      3.797      5.506     8.0834 0.0000e+00
      3.740     -0.294     6.5138     54.983    319.583 211.387184     7.9136      8.463   215.5646 5.5194e+00     9.1535      3.631      5.266     8.0796 0.0000e+00
      3.678     -0.229     6.5033     55.009    319.847 211.551624     7.9340      8.462   215.9645 5.5330e+00     9.0457      3.587      5.203     8.0758 0.0000e+00
      3.674     -0.161     6.4974     55.003    320.115 211.716448     8.0590      8.461   216.2863 5.3740e+00     9.0852      3.602      5.224     8.0732 0.0000e+00
      3.684     -0.130     6.4909     55.008    320.427 211.907973     8.2844      8.460   216.7879 5.3133e+00     9.1872      3.616      5.244     8.0718 0.0000e+00
      3.688     -0.165     6.4917     55.028    320.902 212.203238     8.4112      8.460   217.2109 5.3494e+00     9.2199      3.620      5.251     8.0705 0.0000e+00
      3.674     -0.245     6.5023     55.005    321.824 212.790276     8.4097      8.461   217.4433 5.6114e+00     9.2071      3.617      5.246     8.0689 0.0000e+00
      3.613     -0.322     6.4950     54.959    323.030 213.565213     8.2582      8.461   217.7910 6.5015e+00     8.9986      3.574      5.183     8.0670 0.0000e+00
      3.477     -0.361     6.4959     54.917    324.035 214.211943     7.9862      8.460   218.0590 8.2525e+00     8.5437      3.433      4.980     8.0648 0.0000e+00
      3.294     -0.355     6.5050     54.856    324.822 214.720869     7.8436      8.458   218.1894 1.0265e+01     8.2496      3.215      4.663     8.0619 0.0000e+00
      3.147     -0.308     6.4993     54.788    325.422 215.109683     7.8487      8.457   218.5065 1.1355e+01     8.1746      3.046      4.417     8.0581 0.0000e+00
      3.088     -0.228     6.4927     54.738    325.862 215.392298     8.0811      8.457   218.9678 1.1254e+01     7.9793      3.007      4.361     8.0542 0.0000e+00
      3.092     -0.134     6.4913     54.706    326.352 215.705373     8.5224      8.457   219.6373 1.0844e+01     7.6653      3.034      4.399     8.0514 0.0000e+00
      3.109     -0.066     6.4830     54.689    326.840 216.014312     8.7737      8.457   220.4921 1.0675e+01     7.4862      3.053      4.429     8.0501 0.0000e+00
      3.117     -0.063     6.4729     54.679    327.315 216.310916     8.7884      8.457   221.1299 1.0645e+01     7.4525      3.059      4.436     8.0491 0.0000e+00
      3.117     -0.128     6.4685     54.648    327.983 216.730877     8.5919      8.456   221.4988 1.0681e+01     7.4635      3.058      4.435     8.0479 0.0000e+00
      3.105     -0.220     6.4644     54.589    328.905 217.314899     8.2462      8.456   221.8542 1.1156e+01     7.4822      3.059      4.436     8.0462 0.0000e+00
      3.050     -0.293     6.4631     54.517    329.779 217.866496     8.0786      8.456   221.9852 1.2906e+01     7.5421      3.024      4.386     8.0440 0.0000e+00
      2.924     -0.328     6.4639     54.447    330.337 218.214395     8.0806      8.455   221.7922 1.6185e+01     7.6073      2.887      4.188     8.0415 0.0000e+00
      2.757     -0.323     6.4612     54.379    330.714 218.448179     8.1793      8.454   221.7577 1.9683e+01     7.5524      2.685      3.894     8.0383 0.0000e+00
      2.629     -0.282     6.4535     54.324    331.030 218.644352     8.3645      8.454   221.9984 2.1448e+01     7.4597      2.542      3.688     8.0343 0.0000e+00
      2.580     -0.211     6.4455     54.281    331.277 218.793586     8.4639      8.454   222.2931 2.1293e+01     7.4084      2.514      3.646     8.0299 0.0000e+00
      2.580     -0.123     6.4375     54.231    331.472 218.908003     8.4733      8.454   222.9978 2.0784e+01     7.3089      2.532      3.672     8.0268 0.0000e+00
      2.586     -0.052     6.4298     54.179    331.640 219.003327     8.5199      8.453   224.2383 2.0664e+01     6.9393      2.538      3.682     8.0249 0.0000e+00
      2.589     -0.028     6.4221     54.132    331.834 219.113783     8.6119      8.452   225.0748 2.0622e+01     6.3897      2.539      3.683     8.0230 0.0000e+00
      2.592     -0.066     6.4201     54.083    332.120 219.283104     8.6613      8.452   225.3675 2.0531e+01     6.0947      2.542      3.687     8.0209 0.0000e+00
      2.593     -0.153     6.4132     54.023    332.602 219.577951     8.6428      8.452   225.7987 2.0622e+01     6.0373      2.545      3.692     8.0187 0.0000e+00
      2.578     -0.258     6.4071     53.943    333.365 220.053601     8.4710      8.452   225.9004 2.1835e+01     6.1395      2.544      3.690     8.0164 0.0000e+00
      2.516     -0.347     6.4027     53.859    334.164 220.552095     8.1738      8.452   225.9949 2.5680e+01     6.3744      2.496      3.621     8.0138 0.0000e+00
      2.380     -0.395     6.3972     53.793    334.677 220.866926     8.0209      8.450   226.2525 3.3334e+01     6.4854      2.358      3.419     8.0109 0.0000e+00
      2.191     -0.398     6.3922     53.748    335.068 221.106810     8.0290      8.449   225.6598 4.3449e+01     6.4916      2.142      3.106     8.0075 0.0000e+00
      2.023     -0.358     6.3813     53.693    335.542 221.403431     8.1965      8.449   225.0232 5.0506e+01     6.5525      1.945      2.821     8.0031 0.0000e+00
      1.941     -0.283     6.3721     53.622    335.919 221.635854     8.4900      8.448   225.2663 5.1385e+01     6.6400      1.876      2.721     7.9983 0.0000e+00
      1.928     -0.203     6.3632     53.554    336.105 221.739834     8.6325      8.447   225.6738 4.9918e+01     6.6620      1.890      2.742     7.9947 0.0000e+00
      1.934     -0.159     6.3612     53.477    336.274 221.828181     8.6287      8.447   226.2507 4.9386e+01     6.6479      1.899      2.754     7.9924 0.0000e+00
      1.934     -0.186     6.3555     53.374    336.579 221.999669     8.5772      8.447   227.6817 4.9498e+01     6.6734      1.898      2.753     7.9901 0.0000e+00
      1.919     -0.276     6.3448     53.242    337.349 222.468530     8.4676      8.448   229.1235 5.2150e+01     6.6977      1.898      2.752     7.9875 0.0000e+00
      1.856     -0.379     6.3394     53.133    338.629 223.270656     8.3933      8.450   229.5729 6.2063e+01     6.6690      1.851      2.684     7.9849 0.0000e+00
      1.718     -0.449     6.3304     53.073    339.719 223.949373     8.4035      8.450   229.5874 8.2134e+01     6.6334      1.708      2.479     7.9818 0.0000e+00
      1.518     -0.468     6.3204     52.997    340.364 224.334825     8.5579      8.450   229.2990 1.1244e+02     6.6767      1.492      2.163     7.9775 0.0000e+00
      1.321     -0.436     6.3030     52.903    340.929 224.664911     8.8112      8.450   228.0645 1.4078e+02     6.7491      1.262      1.832     7.9714 0.0000e+00
      1.196     -0.360     6.2866     52.832    341.506 224.994345     8.9444      8.449   226.7939 1.4985e+02     6.7562      1.138      1.650     7.9647 0.0000e+00
      1.154     -0.263     6.2884     52.767    341.987 225.243792     8.9613      8.448   226.7554 1.4596e+02     6.7634      1.124      1.629     7.9589 0.0000e+00
