Data/DataNotYetUploadedToEDI/Raw_CTD/RawDownloads/120324_fcr50_S7809002.cnv
* Sea-Bird SBE19plus  Data File:
* FileName = C:\R\Reservoirs\Data\DataNotYetUploadedToEDI\Raw_CTD\RawDownloads\120324_fcr50_S7809_0002.hex
* Software version 2.8.0.119
* Temperature SN = 7809
* Conductivity SN = 7809
* System UpLoad Time = Dec 04 2024 15:58:58
* <ApplicationData>
* <Seaterm232>
# nquan = 15
# nvalues = 1308                        
# units = specified
# name 0 = depFM: Depth [fresh water, m]
# name 1 = dz/dtM: Descent Rate [m/s]
# name 2 = sbeox0Mg/L: Oxygen, SBE 43 [mg/l]
# name 3 = sbeox0PS: Oxygen, SBE 43 [% saturation]
# name 4 = specc: Specific Conductance [uS/cm]
# name 5 = c0uS/cm: Conductivity [uS/cm]
# name 6 = flECO-AFL: Fluorescence, WET Labs ECO-AFL/FL [mg/m^3]
# name 7 = ph: pH
# name 8 = orp: Oxidation Reduction Potential [mV]
# name 9 = par/sat/log: PAR/Logarithmic, Satlantic
# name 10 = turbWETntu0: Turbidity, WET Labs ECO [NTU]
# name 11 = prdM: Pressure, Strain Gauge [db]
# name 12 = prdE: Pressure, Strain Gauge [psi]
# name 13 = tv290C: Temperature [ITS-90, deg C]
# name 14 = flag:  0.000e+00
# span 0 =     -0.557,      9.737       
# span 1 =     -0.468,      0.290       
# span 2 =     5.1474,    12.8590       
# span 3 =     42.897,    104.698       
# span 4 =      0.956,    361.248       
# span 5 =   0.539277, 235.660726       
# span 6 =    -1.0394,   227.2333       
# span 7 =     -2.790,     16.457       
# span 8 = -1177.0561,  1129.1796       
# span 9 = 1.2369e-01, 1.4997e+03       
# span 10 =   -10.6759,   931.7846      
# span 11 =     -0.546,      9.550      
# span 12 =     -0.792,     13.851      
# span 13 =     3.1688,     8.1020      
# span 14 = 0.0000e+00, 0.0000e+00      
# interval = seconds: 0.25
# start_time = Dec 03 2024 13:06:11 [Instrument's time stamp, header]
# bad_flag = -9.990e-29
*END*
[from data line 868]
      7.282      0.044    10.3995     85.474     43.060  27.364234    11.0797      8.453   291.5215 1.2383e-01     6.3118      7.140     10.357     6.7734 0.0000e+00
      7.294      0.049    10.4083     85.489     43.040  27.351568    11.1108      8.452   291.4544 1.2387e-01     6.2975      7.152     10.374     6.7712 0.0000e+00
      7.305      0.053    10.4208     85.472     43.021  27.338987    11.1775      8.451   291.4179 1.2389e-01     6.3826      7.163     10.390     6.7710 0.0000e+00
      7.320      0.055    10.4313     85.410     43.023  27.338968    11.2042      8.451   291.2521 1.2386e-01     6.4184      7.176     10.408     6.7726 0.0000e+00
      7.338      0.058    10.4334     85.342     43.044  27.351339    11.2004      8.450   292.0312 1.2384e-01     6.3545      7.196     10.436     6.7736 0.0000e+00
      7.355      0.059    10.4359     85.289     43.065  27.361717    11.2481      8.450   293.5241 1.2382e-01     6.2253      7.217     10.467     6.7733 0.0000e+00
      7.367      0.059    10.4364     85.226     43.033  27.337596    11.3391      8.450   293.8153 1.2381e-01     6.1540      7.225     10.479     6.7722 0.0000e+00
      7.379      0.056    10.4259     85.164     43.000  27.313390    11.3853      8.450   293.4014 1.2382e-01     6.1750      7.234     10.491     6.7713 0.0000e+00
      7.397      0.054    10.4158     85.119     43.016  27.322739    11.3741      8.450   292.8221 1.2377e-01     6.1390      7.256     10.524     6.7702 0.0000e+00
      7.413      0.056    10.4139     85.083     43.018  27.323779    11.3031      8.450   291.9734 1.2369e-01     6.1627      7.275     10.551     6.7672 0.0000e+00
      7.423      0.063    10.4055     85.039     43.022  27.325972    11.0936      8.449   292.8620 1.2371e-01     6.2905      7.280     10.558     6.7616 0.0000e+00
      7.433      0.072    10.3987     85.000     43.060  27.349244    10.8467      8.448   295.1346 1.2378e-01     6.3524      7.285     10.567     6.7577 0.0000e+00
      7.451      0.079    10.3932     84.970     43.065  27.351455    10.7486      8.446   296.1337 1.2382e-01     6.3643      7.303     10.592     6.7570 0.0000e+00
      7.477      0.086    10.3911     84.960     43.067  27.352704    10.7232      8.444   296.0809 1.2383e-01     6.3313      7.331     10.632     6.7569 0.0000e+00
      7.507      0.091    10.3835     84.997     43.082  27.364349    10.5394      8.443   295.4420 1.2381e-01     6.1937      7.362     10.678     6.7566 0.0000e+00
      7.534      0.091    10.3794     85.046     43.076  27.365407    10.2236      8.443   294.2599 1.2378e-01     6.0323      7.390     10.719     6.7560 0.0000e+00
      7.557      0.085    10.3771     85.088     43.070  27.365494    10.0598      8.442   293.6614 1.2373e-01     5.9506      7.411     10.749     6.7548 0.0000e+00
      7.579      0.076    10.3713     85.144     43.065  27.365408    10.0655      8.441   294.4872 1.2369e-01     5.9237      7.433     10.781     6.7530 0.0000e+00
      7.597      0.068    10.3801     85.188     43.062  27.364360    10.2588      8.440   296.2427 1.2378e-01     5.9463      7.454     10.810     6.7553 0.0000e+00
      7.609      0.062    10.3847     85.177     43.045  27.352828    10.6241      8.440   297.2486 1.2385e-01     6.0186      7.462     10.822     6.7626 0.0000e+00
      7.621      0.058    10.3857     85.154     43.045  27.352828    10.8284      8.439   297.3572 1.2383e-01     6.1153      7.471     10.836     6.7687 0.0000e+00
      7.636      0.055    10.3929     85.152     43.064  27.364360    10.8402      8.439   297.0398 1.2381e-01     6.1584      7.488     10.860     6.7714 0.0000e+00
      7.652      0.054    10.4032     85.161     43.066  27.365409    10.7992      8.439   296.4224 1.2380e-01     6.0964      7.504     10.884     6.7717 0.0000e+00
      7.667      0.054    10.3972     85.185     43.066  27.365504    10.7241      8.439   296.0865 1.2380e-01     6.0482      7.520     10.906     6.7711 0.0000e+00
      7.680      0.055    10.3925     85.210     43.065  27.365513    10.6813      8.438   296.2486 1.2383e-01     6.0882      7.533     10.925     6.7707 0.0000e+00
      7.690      0.057    10.3959     85.237     43.065  27.365513    10.6907      8.438   296.7471 1.2387e-01     6.1703      7.541     10.937     6.7702 0.0000e+00
      7.702      0.057    10.3935     85.267     43.066  27.365513    10.7784      8.438   297.1239 1.2391e-01     6.2552      7.550     10.951     6.7701 0.0000e+00
      7.719      0.057    10.4000     85.287     43.067  27.365513    10.9261      8.437   297.2767 1.2396e-01     6.2950      7.568     10.976     6.7700 0.0000e+00
      7.739      0.056    10.4010     85.294     43.067  27.365512    11.0120      8.436   297.3905 1.2394e-01     6.3097      7.591     11.010     6.7707 0.0000e+00
      7.755      0.055    10.4042     85.272     43.067  27.365503    11.0426      8.436   297.4672 1.2388e-01     6.3645      7.607     11.034     6.7711 0.0000e+00
      7.767      0.053    10.4098     85.229     43.066  27.365398    11.1550      8.436   296.7409 1.2382e-01     6.4115      7.617     11.047     6.7701 0.0000e+00
      7.777      0.050    10.4111     85.196     43.062  27.364244    11.3310      8.435   295.5788 1.2377e-01     6.3987      7.626     11.059     6.7691 0.0000e+00
      7.787      0.049    10.4142     85.177     43.040  27.351549    11.4060      8.433   295.6337 1.2378e-01     6.3467      7.635     11.074     6.7686 0.0000e+00
      7.801      0.051    10.4109     85.162     43.020  27.338761    11.4124      8.432   296.1138 1.2383e-01     6.3295      7.650     11.095     6.7687 0.0000e+00
      7.815      0.057    10.4036     85.160     43.017  27.336475    11.4324      8.432   296.1351 1.2384e-01     6.3616      7.664     11.115     6.7697 0.0000e+00
      7.827      0.064    10.3984     85.180     42.999  27.323903    11.4071      8.432   296.4931 1.2377e-01     6.3936      7.676     11.133     6.7716 0.0000e+00
      7.840      0.069    10.3976     85.193     42.985  27.313610    11.3315      8.431   297.1735 1.2372e-01     6.4765      7.686     11.147     6.7731 0.0000e+00
      7.860      0.069    10.3947     85.172     43.029  27.338865    11.2837      8.431   296.3596 1.2375e-01     6.5788      7.704     11.173     6.7731 0.0000e+00
      7.887      0.067    10.3933     85.113     43.089  27.375559    11.3120      8.430   294.3106 1.2377e-01     6.6055      7.736     11.221     6.7726 0.0000e+00
      7.910      0.064    10.3983     85.052     43.093  27.376712    11.6159      8.429   293.6509 1.2379e-01     6.6969      7.761     11.257     6.7720 0.0000e+00
      7.923      0.063    10.4014     85.026     43.057  27.352807    12.1362      8.429   293.9752 1.2382e-01     6.8984      7.771     11.271     6.7693 0.0000e+00
      7.930      0.063    10.4003     85.030     43.040  27.340237    12.4004      8.428   294.5325 1.2379e-01     7.0255      7.776     11.279     6.7666 0.0000e+00
      7.939      0.066    10.3915     85.034     43.061  27.351571    12.4064      8.428   295.4843 1.2381e-01     7.0731      7.783     11.288     6.7648 0.0000e+00
      7.954      0.073    10.3822     85.031     43.081  27.362990    12.1829      8.427   294.9005 1.2384e-01     7.0982      7.796     11.307     6.7627 0.0000e+00
      7.977      0.080    10.3798     85.038     43.065  27.351446    11.7372      8.425   292.8081 1.2377e-01     7.0560      7.821     11.344     6.7618 0.0000e+00
      8.005      0.083    10.3827     85.059     43.049  27.338856    11.4782      8.424   291.7812 1.2372e-01     6.9730      7.851     11.388     6.7602 0.0000e+00
      8.033      0.081    10.3844     85.086     43.052  27.337608    11.4492      8.423   291.8637 1.2377e-01     6.9821      7.878     11.426     6.7571 0.0000e+00
      8.057      0.077    10.3826     85.120     43.053  27.336350    11.5780      8.423   292.3418 1.2383e-01     7.1322      7.904     11.465     6.7563 0.0000e+00
      8.073      0.076    10.3838     85.156     43.033  27.323647    11.8366      8.423   293.2598 1.2382e-01     7.2512      7.921     11.489     6.7554 0.0000e+00
      8.081      0.079    10.3882     85.175     43.014  27.310865    11.9713      8.421   293.8436 1.2380e-01     7.2586      7.923     11.490     6.7516 0.0000e+00
      8.092      0.086    10.3926     85.167     43.012  27.308663    11.9660      8.419   293.4637 1.2383e-01     7.2556      7.930     11.501     6.7472 0.0000e+00
      8.116      0.093    10.3966     85.153     42.997  27.297018    11.9062      8.418   292.4517 1.2386e-01     7.1807      7.956     11.539     6.7450 0.0000e+00
      8.151      0.099    10.4029     85.148     42.999  27.296914    11.8140      8.417   291.7609 1.2385e-01     7.0027      7.993     11.592     6.7453 0.0000e+00
      8.186      0.101    10.4052     85.142     43.017  27.307406    11.7673      8.416   291.5648 1.2384e-01     6.8450      8.031     11.648     6.7451 0.0000e+00
      8.216      0.100    10.4038     85.127     43.001  27.297018    11.7568      8.416   291.6285 1.2386e-01     6.7438      8.061     11.691     6.7439 0.0000e+00
      8.237      0.098    10.4012     85.095     43.003  27.298171    11.7534      8.416   291.9289 1.2389e-01     6.7702      8.080     11.718     6.7415 0.0000e+00
      8.253      0.097    10.4027     85.058     43.039  27.321348    11.7267      8.415   292.1856 1.2388e-01     6.9245      8.093     11.738     6.7393 0.0000e+00
      8.271      0.100    10.4017     85.018     43.043  27.323541    11.6583      8.413   292.7532 1.2381e-01     7.0724      8.106     11.758     6.7387 0.0000e+00
      8.296      0.105    10.4011     84.965     43.045  27.324685    11.6097      8.411   293.4570 1.2377e-01     7.1225      8.132     11.795     6.7386 0.0000e+00
      8.330      0.108    10.3960     84.921     43.060  27.335179    11.5961      8.410   293.3817 1.2377e-01     7.0520      8.168     11.847     6.7384 0.0000e+00
      8.367      0.104    10.3908     84.902     43.040  27.323562    11.6358      8.408   292.7896 1.2381e-01     6.9039      8.206     11.901     6.7387 0.0000e+00
      8.400      0.094    10.3883     84.907     43.019  27.311077    11.7233      8.407   292.3204 1.2384e-01     6.7328      8.241     11.953     6.7386 0.0000e+00
      8.425      0.078    10.3789     84.916     43.018  27.311085    11.7631      8.407   292.2689 1.2383e-01     6.6220      8.266     11.990     6.7379 0.0000e+00
      8.438      0.061    10.3741     84.938     43.038  27.323667    11.7510      8.406   293.3716 1.2383e-01     6.5558      8.276     12.003     6.7386 0.0000e+00
      8.445      0.047    10.3698     84.988     43.059  27.336342    11.7681      8.404   295.4151 1.2381e-01     6.5809      8.281     12.011     6.7402 0.0000e+00
      8.451      0.040    10.3734     85.034     43.061  27.337485    11.8285      8.404   296.0685 1.2377e-01     6.7539      8.289     12.022     6.7410 0.0000e+00
      8.456      0.041    10.3726     85.056     43.061  27.337486    11.8737      8.404   295.1640 1.2376e-01     6.8720      8.292     12.026     6.7425 0.0000e+00
      8.465      0.050    10.3734     85.069     43.059  27.336352    11.8742      8.404   294.6310 1.2376e-01     6.8479      8.300     12.039     6.7427 0.0000e+00
      8.480      0.062    10.3829     85.089     43.039  27.323773    11.8016      8.404   294.0985 1.2379e-01     6.9057      8.316     12.062     6.7416 0.0000e+00
      8.496      0.072    10.3887     85.108     43.019  27.312240    11.6863      8.403   293.1983 1.2384e-01     7.0922      8.330     12.082     6.7414 0.0000e+00
      8.516      0.079    10.3913     85.117     43.037  27.323762    11.6279      8.401   293.8990 1.2385e-01     7.1560      8.348     12.108     6.7414 0.0000e+00
      8.544      0.082    10.3910     85.102     43.057  27.336237    11.6204      8.400   295.9461 1.2384e-01     7.1305      8.378     12.152     6.7415 0.0000e+00
      8.572      0.083    10.3947     85.069     43.058  27.336227    11.6283      8.399   296.8704 1.2387e-01     7.1258      8.411     12.200     6.7420 0.0000e+00
      8.591      0.083    10.3965     85.026     43.039  27.323637    11.7901      8.397   296.8151 1.2387e-01     7.1681      8.427     12.224     6.7428 0.0000e+00
      8.604      0.083    10.3990     84.994     43.020  27.310866    12.1038      8.397   296.2245 1.2382e-01     7.3001      8.434     12.232     6.7427 0.0000e+00
      8.622      0.081    10.3963     84.991     43.018  27.308665    12.2676      8.397   295.1492 1.2378e-01     7.3555      8.453     12.260     6.7424 0.0000e+00
      8.646      0.079    10.3925     84.995     43.001  27.297029    12.2633      8.397   294.6550 1.2375e-01     7.2914      8.480     12.298     6.7422 0.0000e+00
      8.671      0.079    10.3868     84.998     43.001  27.297020    12.3098      8.397   295.4105 1.2376e-01     7.2422      8.504     12.334     6.7417 0.0000e+00
      8.693      0.079    10.3804     85.005     43.020  27.308552    12.4226      8.395   296.9705 1.2383e-01     7.2383      8.528     12.369     6.7408 0.0000e+00
      8.711      0.075    10.3835     85.026     43.022  27.309610    12.4947      8.394   297.8584 1.2385e-01     7.2784      8.544     12.393     6.7396 0.0000e+00
      8.726      0.069    10.3835     85.061     43.022  27.309820    12.4990      8.395   297.7996 1.2378e-01     7.3178      8.556     12.410     6.7386 0.0000e+00
      8.744      0.065    10.3840     85.072     43.024  27.311076    12.4662      8.395   297.4647 1.2373e-01     7.4069      8.575     12.436     6.7378 0.0000e+00
      8.764      0.065    10.3846     85.035     43.046  27.324802    12.4396      8.394   297.0778 1.2373e-01     7.6382      8.599     12.471     6.7375 0.0000e+00
      8.777      0.070    10.3867     84.990     43.084  27.348923    12.4438      8.394   296.9074 1.2377e-01     7.8257      8.610     12.488     6.7375 0.0000e+00
      8.787      0.078    10.3927     84.955     43.084  27.349018    12.4336      8.393   297.0398 1.2379e-01     7.8644      8.613     12.492     6.7373 0.0000e+00
      8.806      0.089    10.3973     84.940     43.048  27.325955    12.2336      8.393   297.3026 1.2374e-01     7.8665      8.632     12.519     6.7373 0.0000e+00
      8.833      0.103    10.3882     84.951     43.044  27.323773    11.8648      8.393   297.5030 1.2372e-01     7.8846      8.662     12.563     6.7375 0.0000e+00
      8.863      0.118    10.3826     84.953     43.042  27.322640    11.6699      8.392   297.6560 1.2380e-01     7.9470      8.690     12.604     6.7378 0.0000e+00
      8.895      0.131    10.3792     84.978     43.025  27.312252    11.6659      8.390   297.7760 1.2381e-01     8.0400      8.720     12.648     6.7379 0.0000e+00
      8.933      0.138    10.3736     85.058     43.043  27.325022    11.5838      8.388   297.7492 1.2376e-01     7.8824      8.759     12.704     6.7378 0.0000e+00
      8.973      0.138    10.3817     85.153     43.079  27.350192    11.4008      8.387   297.0745 1.2378e-01     7.4755      8.801     12.765     6.7375 0.0000e+00
      9.012      0.135    10.3772     85.209     43.095  27.362868    11.3010      8.386   296.0706 1.2382e-01     7.2535      8.840     12.821     6.7377 0.0000e+00
      9.047      0.129    10.3782     85.216     43.074  27.351440    11.3098      8.384   295.9355 1.2380e-01     7.2480      8.874     12.869     6.7382 0.0000e+00
      9.077      0.121    10.3907     85.194     43.054  27.338869    11.3415      8.384   296.4735 1.2377e-01     7.2735      8.902     12.912     6.7389 0.0000e+00
      9.105      0.108    10.4043     85.161     43.051  27.337726    11.5170      8.383   297.0692 1.2379e-01     7.6292      8.929     12.950     6.7424 0.0000e+00
