Data/DataNotYetUploadedToEDI/Raw_CTD/RawDownloads/120423_fcr50_S8188002.cnv
* Sea-Bird SBE19plus  Data File:
* FileName = C:\R\Reservoirs\Data\DataNotYetUploadedToEDI\Raw_CTD\RawDownloads\120423_bvr50_S8188_0002.hex
* Software version 2.8.0.119
* Temperature SN = 8188
* Conductivity SN = 8188
* System UpLoad Time = Dec 07 2023 11:04:33
* <ApplicationData>
* <Seaterm232>
# nquan = 16
# nvalues = 2126                        
# units = specified
# name 0 = depFM: Depth [fresh water, m]
# name 1 = dz/dtM: Descent Rate [m/s]
# name 2 = sbeox0Mg/L: Oxygen, SBE 43 [mg/l]
# name 3 = sbeox0PS: Oxygen, SBE 43 [% saturation]
# name 4 = specc: Specific Conductance [uS/cm]
# name 5 = c0uS/cm: Conductivity [uS/cm]
# name 6 = wetCDOM: Fluorescence, WET Labs CDOM [mg/m^3]
# name 7 = flECO-AFL: Fluorescence, WET Labs ECO-AFL/FL [mg/m^3]
# name 8 = flECO-AFL1: Fluorescence, WET Labs ECO-AFL/FL, 2 [mg/m^3]
# name 9 = flECO-AFL2: Fluorescence, WET Labs ECO-AFL/FL, 3 [mg/m^3]
# name 10 = par/sat/log: PAR/Logarithmic, Satlantic
# name 11 = turbWETntu0: Turbidity, WET Labs ECO [NTU]
# name 12 = prdM: Pressure, Strain Gauge [db]
# name 13 = prdE: Pressure, Strain Gauge [psi]
# name 14 = tv290C: Temperature [ITS-90, deg C]
# name 15 = flag:  0.000e+00
# span 0 =     -0.736,      9.207       
# span 1 =     -0.287,      0.141       
# span 2 =     5.6294,     7.7707       
# span 3 =     46.113,     65.531       
# span 4 =      1.078,     45.940       
# span 5 =   0.769251,  30.829834       
# span 6 =    -9.1800,    46.4400       
# span 7 =    -1.6071,    13.6825       
# span 8 =    -2.8542,     6.5604       
# span 9 =    -3.4263,     5.5836       
# span 10 = 1.1592e-01, 1.7432e+03      
# span 11 =    -2.6178,    49.1009      
# span 12 =     -0.722,      9.029      
# span 13 =     -1.047,     13.095      
# span 14 =     6.7641,    10.6990      
# span 15 = 0.0000e+00, 0.0000e+00      
# interval = seconds: 0.25
# start_time = Dec 04 2023 13:58:31 [Instrument's time stamp, header]
# bad_flag = -9.990e-29
*END*
[from data line 2080]
     -0.711     -0.010     6.6218     56.445      7.251   4.768077     0.0000    -1.6071     0.0000     2.3688 1.0694e+02    21.1749     -0.697     -1.011     7.8856 0.0000e+00
     -0.713     -0.008     6.6735     56.417      6.717   4.416365     0.0000    -1.5765     0.0000     2.3688 1.1279e+02    21.1599     -0.699     -1.014     7.8825 0.0000e+00
     -0.714     -0.006     6.6978     56.399      6.322   4.155837     0.0000    -1.5918     0.0000     2.3688 1.1709e+02    21.2200     -0.701     -1.016     7.8794 0.0000e+00
     -0.716     -0.005     6.7058     56.403      6.056   3.980298     0.0000     8.1511     0.5112    -0.1692 1.1826e+02    -2.5577     -0.702     -1.018     7.8760 0.0000e+00
     -0.717     -0.004     6.7056     56.434      5.920   3.890398     0.0000     8.1511     0.5112    -0.1692 1.1660e+02    -2.6178     -0.703     -1.019     7.8724 0.0000e+00
     -0.718     -0.003     6.7029     56.489      5.929   3.895781     0.0000     8.1663     0.5112    -0.1692 1.2519e+02    -2.4825     -0.704     -1.020     7.8685 0.0000e+00
     -0.718     -0.002     6.7014     56.562      6.097   4.005791     0.0000     8.1396     0.5112    -0.1692 1.2470e+02    -2.5577     -0.704     -1.021     7.8645 0.0000e+00
     -0.719     -0.002     6.7026     56.646      6.412   4.212193     0.0000    -0.1155    -0.5964     1.4805 1.3021e+02    -0.3332     -0.705     -1.022     7.8603 0.0000e+00
     -0.719     -0.001     6.7070     56.736      6.726   4.417758     0.0000    -0.0583    -0.5964     1.4805 1.6341e+02    -0.3783     -0.705     -1.022     7.8559 0.0000e+00
     -0.719     -0.001     6.7143     56.821      6.881   4.519098     0.0000    -0.0850    -0.5964     1.4805 2.2315e+02    -0.3933     -0.705     -1.023     7.8515 0.0000e+00
     -0.719     -0.001     6.7237     56.895      6.898   4.529396     0.0000    -0.1269    -0.5964     1.4805 2.3474e+02    -0.4234     -0.705     -1.023     7.8471 0.0000e+00
     -0.719     -0.001     6.7344     56.958      6.783   4.453376     0.0000    -0.1002    -0.3834    -3.4263 2.3561e+02    -0.3933     -0.706     -1.023     7.8427 0.0000e+00
     -0.720     -0.000     6.7458     57.014      6.497   4.264832     0.0000    -0.0926    -0.3834    -3.4263 2.3230e+02    -0.4084     -0.706     -1.024     7.8382 0.0000e+00
     -0.720     -0.000     6.7566     57.063      6.116   4.014342     0.0000    -0.1079    -0.3834    -3.4263 4.0553e+02    -0.4084     -0.706     -1.024     7.8338 0.0000e+00
     -0.720     -0.000     6.7661     57.104      5.737   3.765626     0.0000    -0.1117    -0.3834    -3.4263 2.3286e+02    -0.3482     -0.706     -1.024     7.8294 0.0000e+00
     -0.720 -1.525e-09     6.7743     57.142      5.384   3.533439     0.0000    -0.1041    -0.3834    -3.4263 2.3969e+02    -0.4084     -0.706     -1.024     7.8250 0.0000e+00
     -0.720 -1.960e-09     6.7817     57.179      5.052   3.315187     0.0000    -0.0850    -0.9798    -3.0456 2.2994e+02    -0.3482     -0.706     -1.024     7.8207 0.0000e+00
     -0.720 -2.520e-09     6.7883     57.213      4.743   3.111993     0.0000    -0.1346    -0.9798    -3.0456 2.2598e+02    -0.4084     -0.706     -1.024     7.8164 0.0000e+00
     -0.720 -3.240e-09     6.7939     57.232      4.450   2.919108     0.0000    -0.0926    -0.9798    -3.0456 2.1807e+02    -0.3182     -0.706     -1.025     7.8122 0.0000e+00
     -0.720 -4.166e-09     6.7990     57.229      4.181   2.742440     0.0000    -0.1079    -0.9798    -3.0456 2.1195e+02    -0.3633     -0.707     -1.025     7.8081 0.0000e+00
     -0.720 -5.357e-09     6.8042     57.216      3.962   2.598155    -9.1800    -0.1117     2.4708     0.7614 2.1798e+02    -0.2881     -0.707     -1.025     7.8042 0.0000e+00
     -0.721 -6.887e-09     6.8089     57.205      3.772   2.473482    -9.1800    -0.1002     2.4708     0.7614 2.1921e+02    -0.3482     -0.707     -1.025     7.8003 0.0000e+00
     -0.721 -8.855e-09     6.8117     57.194      3.579   2.347039    -9.1800    -0.1079     2.4708     0.7614 2.0547e+02    -0.3482     -0.707     -1.025     7.7964 0.0000e+00
     -0.720 -1.138e-08     6.8120     57.181      3.384   2.218723    -9.1800    -0.1384     2.4708     0.7614 1.9042e+02    -0.4084     -0.707     -1.025     7.7926 0.0000e+00
     -0.720 -1.464e-08     6.8111     57.175      3.212   2.105729    -1.0800    -0.1079    -2.8542    -1.0575 1.8280e+02    -0.3182     -0.707     -1.025     7.7889 0.0000e+00
     -0.720 -1.882e-08     6.8105     57.185      3.093   2.027356    -1.0800    -0.1002    -2.8542    -1.0575 1.7778e+02    -0.3933     -0.707     -1.025     7.7851 0.0000e+00
     -0.721 -2.420e-08     6.8098     57.218      3.025   1.982478    -1.0800    -0.1041    -2.8542    -1.0575 1.7066e+02    -0.3783     -0.707     -1.025     7.7813 0.0000e+00
     -0.721 -3.111e-08     6.8089     57.260      2.999   1.965061    -1.0800    -1.0768    -2.8542    -1.0575 2.1053e+02     6.8963     -0.707     -1.025     7.7774 0.0000e+00
     -0.721 -4.000e-08     6.8088     57.299      3.011   1.972436     0.0000    -1.0921     0.2982     2.7495 2.3286e+02     6.7911     -0.707     -1.025     7.7735 0.0000e+00
     -0.721 -5.143e-08     6.8107     57.340      3.031   1.984820     0.0000    -1.1073     0.2982     2.7495 2.8261e+02     6.7460     -0.707     -1.025     7.7692 0.0000e+00
     -0.721 -6.612e-08     6.8155     57.389      3.035   1.987720     0.0000    -1.1035     0.2982     2.7495 2.5495e+02     6.7610     -0.707     -1.025     7.7642 0.0000e+00
     -0.721 -8.501e-08     6.8214     57.442      3.039   1.989818     0.0000    -0.0316     0.2982     2.7495 2.5595e+02     3.9053     -0.707     -1.026     7.7584 0.0000e+00
     -0.721 -1.093e-07     6.8271     57.499      3.048   1.995628     0.0000    -0.0392     0.2982     2.7495 2.5401e+02     3.9203     -0.707     -1.026     7.7520 0.0000e+00
     -0.721 -1.405e-07     6.8332     57.559      3.054   1.998790     0.0000    -0.0545     0.2130     0.0423 2.5335e+02     3.9804     -0.707     -1.026     7.7455 0.0000e+00
     -0.721 -1.807e-07     6.8401     57.620      3.050   1.996193     0.0000    -0.0392     0.2130     0.0423 2.5390e+02     3.8452     -0.707     -1.026     7.7392 0.0000e+00
     -0.721 -2.323e-07     6.8474     57.684      3.043   1.991099     0.0000    -0.1498     0.2130     0.0423 2.5673e+02     4.1909     -0.707     -1.026     7.7332 0.0000e+00
     -0.721 -2.987e-07     6.8551     57.751      3.036   1.986104     0.0000    -0.1651     0.2130     0.0423 2.6644e+02     4.2510     -0.707     -1.026     7.7279 0.0000e+00
     -0.721 -3.840e-07     6.8630     57.815      3.020   1.975921     0.0000    -0.1689     0.0426     0.0423 2.7059e+02     4.1157     -0.707     -1.026     7.7233 0.0000e+00
     -0.721 -4.937e-07     6.8709     57.871      2.993   1.957835     0.0000    -0.1994     0.0426     0.0423 2.7159e+02     4.1458     -0.707     -1.026     7.7193 0.0000e+00
     -0.721 -6.348e-07     6.8792     57.917      2.964   1.938888     0.0000     0.1439     0.0426     0.0423 2.7307e+02     3.8903     -0.707     -1.026     7.7159 0.0000e+00
     -0.721 -6.928e-07     6.8877     57.947      2.944   1.925889     0.0000     0.1515     0.0426     0.0423 2.7283e+02     3.9354     -0.707     -1.026     7.7127 0.0000e+00
     -0.721 -6.715e-07     6.8958     57.957      2.937   1.921304     0.0000     0.1134    -0.0852    -0.0423 2.7414e+02     3.8301     -0.707     -1.026     7.7099 0.0000e+00
     -0.721 -9.990e-29     6.9030 -9.990e-29 -9.990e-29 -9.990e-29     0.0000 -9.990e-29    -0.0852    -0.0423 2.7587e+02 -9.990e-29     -0.707     -1.026     7.7073 0.0000e+00
     -0.721 -9.990e-29     6.9088 -9.990e-29 -9.990e-29 -9.990e-29     0.0000 -9.990e-29    -0.0852    -0.0423 2.7605e+02 -9.990e-29     -0.707     -1.026     7.7050 0.0000e+00
     -0.721 -9.990e-29     6.9126 -9.990e-29 -9.990e-29 -9.990e-29     0.0000 -9.990e-29    -0.0852    -0.0423 2.7593e+02 -9.990e-29     -0.707     -1.026     7.7034 0.0000e+00
     -0.721 -9.990e-29     6.9139 -9.990e-29 -9.990e-29 -9.990e-29     0.0000 -9.990e-29    -0.0852    -0.0846 2.7599e+02 -9.990e-29     -0.707     -1.026     7.7028 0.0000e+00
