Data/DataNotYetUploadedToEDI/Raw_CTD/RawDownloads/120423_bvr50_S8188001.cnv
* Sea-Bird SBE19plus  Data File:
* FileName = C:\R\Reservoirs\Data\DataNotYetUploadedToEDI\Raw_CTD\RawDownloads\120423_bvr50_S8188_0001.hex
* Software version 2.8.0.119
* Temperature SN = 8188
* Conductivity SN = 8188
* System UpLoad Time = Dec 07 2023 11:04:02
* <ApplicationData>
* <Seaterm232>
# nquan = 16
# nvalues = 1979                        
# units = specified
# name 0 = depFM: Depth [fresh water, m]
# name 1 = dz/dtM: Descent Rate [m/s]
# name 2 = sbeox0Mg/L: Oxygen, SBE 43 [mg/l]
# name 3 = sbeox0PS: Oxygen, SBE 43 [% saturation]
# name 4 = specc: Specific Conductance [uS/cm]
# name 5 = c0uS/cm: Conductivity [uS/cm]
# name 6 = wetCDOM: Fluorescence, WET Labs CDOM [mg/m^3]
# name 7 = flECO-AFL: Fluorescence, WET Labs ECO-AFL/FL [mg/m^3]
# name 8 = flECO-AFL1: Fluorescence, WET Labs ECO-AFL/FL, 2 [mg/m^3]
# name 9 = flECO-AFL2: Fluorescence, WET Labs ECO-AFL/FL, 3 [mg/m^3]
# name 10 = par/sat/log: PAR/Logarithmic, Satlantic
# name 11 = turbWETntu0: Turbidity, WET Labs ECO [NTU]
# name 12 = prdM: Pressure, Strain Gauge [db]
# name 13 = prdE: Pressure, Strain Gauge [psi]
# name 14 = tv290C: Temperature [ITS-90, deg C]
# name 15 = flag:  0.000e+00
# span 0 =     -0.808,      8.447       
# span 1 =     -0.286,      0.123       
# span 2 =     6.0883,     7.6200       
# span 3 =     50.412,     63.152       
# span 4 =      0.700,     34.739       
# span 5 =   0.474001,  22.376758       
# span 6 =    -4.5000,     5.4900       
# span 7 =    -1.5994,    33.2140       
# span 8 =    -2.1300,     0.5538       
# span 9 =    -2.0304,     1.3959       
# span 10 = 1.1587e-01, 7.7813e+02      
# span 11 =    -0.1979,   947.3319      
# span 12 =     -0.792,      8.284      
# span 13 =     -1.150,     12.015      
# span 14 =     7.0439,     8.8802      
# span 15 = 0.0000e+00, 0.0000e+00      
# interval = seconds: 0.25
# start_time = Dec 04 2023 11:27:23 [Instrument's time stamp, header]
# bad_flag = -9.990e-29
*END*
[from data line 633]
      2.596      0.018     7.0692     58.336     33.494  21.475947     5.0400     4.5500     0.3408     0.9306 3.7630e+00     8.6398      2.546      3.693     7.0575 0.0000e+00
      2.602      0.018     7.0670     58.356     33.500  21.480065     5.0400     4.5576     0.3408     0.8883 3.6069e+00     8.6398      2.552      3.701     7.0576 0.0000e+00
      2.608      0.017     7.0665     58.373     33.516  21.490357     5.0400     4.5652     0.3408     0.8883 3.4028e+00     8.5797      2.557      3.709     7.0576 0.0000e+00
      2.613      0.015     7.0680     58.383     33.533  21.501652     5.0400     4.5690     0.3408     0.8883 3.3311e+00     8.6999      2.562      3.716     7.0577 0.0000e+00
      2.616      0.013     7.0705     58.383     33.538  21.505086     5.0400     3.8328     0.3408     0.8883 3.5548e+00     8.6698      2.565      3.720     7.0577 0.0000e+00
      2.618      0.012     7.0729     58.378     33.538  21.505532     5.0400     3.8099     0.3408     0.8883 3.6187e+00     8.7300      2.567      3.723     7.0579 0.0000e+00
      2.619      0.011     7.0748     58.371     33.547  21.511028     5.0400     3.8213     0.2982     0.8883 3.5232e+00     8.8051      2.569      3.726     7.0582 0.0000e+00
      2.622      0.011     7.0760     58.359     33.554  21.515121     5.0400     3.8213     0.2982     0.8883 3.5171e+00     8.7300      2.571      3.729     7.0586 0.0000e+00
      2.625      0.011     7.0760     58.345     33.548  21.510987     5.0400     3.9930     0.2982     0.8883 3.4475e+00     8.6398      2.574      3.734     7.0589 0.0000e+00
      2.628      0.012     7.0754     58.334     33.533  21.501481     5.0400     3.9854     0.2982     0.8883 3.4498e+00     8.5947      2.577      3.738     7.0590 0.0000e+00
      2.631      0.012     7.0744     58.332     33.518  21.491985     5.1300     3.9816     0.3408     0.9729 3.4266e+00     8.6698      2.581      3.743     7.0590 0.0000e+00
      2.635      0.012     7.0731     58.341     33.506  21.483926     5.1300     3.9968     0.3408     0.9729 3.3675e+00     8.6698      2.584      3.748     7.0589 0.0000e+00
      2.638      0.011     7.0714     58.351     33.495  21.477133     5.1300     4.1113     0.3408     0.9729 3.2236e+00     8.6698      2.587      3.752     7.0588 0.0000e+00
      2.641      0.010     7.0701     58.358     33.493  21.475734     5.1300     4.1151     0.3408     0.9729 3.2503e+00     8.6999      2.589      3.756     7.0586 0.0000e+00
      2.643      0.009     7.0699     58.361     33.496  21.477374     5.0400     4.0998     0.3408     0.9729 3.2603e+00     8.6999      2.592      3.759     7.0585 0.0000e+00
      2.645      0.008     7.0710     58.365     33.495  21.476555     5.0400     4.1074     0.3408     0.9729 3.2334e+00     8.6398      2.594      3.762     7.0584 0.0000e+00
      2.647      0.007     7.0723     58.376     33.490  21.473058     5.0400     4.0807     0.3408     0.9729 3.1141e+00     8.6999      2.596      3.765     7.0583 0.0000e+00
      2.649      0.004     7.0731     58.389     33.482  21.467929     5.0400     4.0426     0.3408     0.9729 3.0946e+00     8.6698      2.598      3.768     7.0581 0.0000e+00
      2.650      0.002     7.0736     58.398     33.479  21.465738     5.0400     4.0731     0.2982     0.9306 2.9817e+00     8.6698      2.599      3.770     7.0578 0.0000e+00
      2.651      0.000     7.0741     58.397     33.482  21.467880     5.0400     4.0350     0.2982     0.9306 2.9367e+00     8.6248      2.600      3.771     7.0574 0.0000e+00
      2.650     -0.001     7.0755     58.393     33.483  21.468988     5.0400     3.8366     0.2982     0.9306 2.9921e+00     8.6398      2.599      3.769     7.0571 0.0000e+00
      2.648     -0.001     7.0772     58.386     33.478  21.465401     5.0400     3.8595     0.2982     0.9306 3.0725e+00     8.7600      2.597      3.767     7.0569 0.0000e+00
      2.647      0.002     7.0781     58.357     33.473  21.462099     5.0400     3.8824     0.2982     0.9306 3.1263e+00     8.6698      2.596      3.765     7.0570 0.0000e+00
      2.647      0.005     7.0779     58.310     33.470  21.460181     4.9500     3.8862     0.3408     0.8883 3.0665e+00     8.6849      2.596      3.764     7.0573 0.0000e+00
      2.648      0.010     7.0775     58.269     33.463  21.455177     4.9500     4.1418     0.3408     0.8883 3.0591e+00     8.7149      2.597      3.767     7.0575 0.0000e+00
      2.652      0.015     7.0766     58.256     33.455  21.449710     4.9500     4.1074     0.3408     0.8883 3.0452e+00     8.6548      2.601      3.772     7.0576 0.0000e+00
      2.658      0.020     7.0731     58.266     33.447  21.444302     4.9500     4.0922     0.3408     0.8883 2.9482e+00     8.6398      2.606      3.780     7.0573 0.0000e+00
      2.665      0.022     7.0674     58.284     33.442  21.441470     4.9500     4.1303     0.3408     1.0152 2.7760e+00     8.6999      2.613      3.790     7.0569 0.0000e+00
      2.672      0.023     7.0626     58.304     33.453  21.448374     4.9500     4.4317     0.3408     1.0152 2.7311e+00     8.6548      2.620      3.800     7.0565 0.0000e+00
      2.678      0.023     7.0611     58.329     33.470  21.458940     4.9500     4.4241     0.3408     1.0152 2.8081e+00     8.5797      2.626      3.809     7.0561 0.0000e+00
      2.684      0.022     7.0623     58.363     33.478  21.464109     4.9500     4.4241     0.3408     1.0152 2.8842e+00     8.7901      2.632      3.817     7.0559 0.0000e+00
      2.689      0.021     7.0645     58.383     33.483  21.467240     5.0400     4.4317     0.3408     1.0152 2.8642e+00     8.6698      2.636      3.824     7.0558 0.0000e+00
      2.693      0.020     7.0670     58.373     33.492  21.473124     5.0400     4.0655     0.3408     1.0152 2.9069e+00     8.6698      2.641      3.831     7.0558 0.0000e+00
      2.698      0.020     7.0700     58.340     33.508  21.483332     5.0400     4.0617     0.3408     1.0152 2.9759e+00     8.7149      2.646      3.838     7.0557 0.0000e+00
      2.703      0.019     7.0741     58.309     33.529  21.496628     5.0400     4.0350     0.3408     1.0152 2.9591e+00     8.6999      2.651      3.845     7.0556 0.0000e+00
      2.709      0.019     7.0766     58.294     33.541  21.504680     5.0400     4.0617     0.3408     1.0575 2.9495e+00     8.6097      2.656      3.852     7.0555 0.0000e+00
      2.714      0.018     7.0753     58.283     33.537  21.501721     5.0400     4.0540     0.3408     1.0575 2.8924e+00     8.6398      2.661      3.859     7.0555 0.0000e+00
      2.718      0.017     7.0713     58.266     33.526  21.494878     5.0400     4.0578     0.3408     1.0575 2.9386e+00     8.7600      2.666      3.866     7.0554 0.0000e+00
      2.722      0.016     7.0676     58.242     33.526  21.494201     5.0400     4.0922     0.3408     1.0575 2.9540e+00     8.7450      2.670      3.872     7.0553 0.0000e+00
      2.726      0.015     7.0659     58.223     33.534  21.499509     5.0400     4.0350     0.3408     1.0575 2.9804e+00     8.7300      2.673      3.877     7.0552 0.0000e+00
      2.729      0.014     7.0646     58.216     33.542  21.504301     5.0400     4.1914     0.3408     0.9306 2.9591e+00     8.7300      2.677      3.882     7.0551 0.0000e+00
      2.733      0.014     7.0625     58.227     33.545  21.505897     5.0400     4.1914     0.3408     0.9306 2.9733e+00     8.6548      2.680      3.887     7.0549 0.0000e+00
      2.736      0.014     7.0597     58.252     33.538  21.500763     5.0400     4.1799     0.3408     0.9306 3.0261e+00     8.6548      2.683      3.892     7.0545 0.0000e+00
      2.740      0.014     7.0574     58.282     33.518  21.487530     5.0400     4.1837     0.3408     0.9306 2.9578e+00     8.6698      2.687      3.897     7.0541 0.0000e+00
      2.744      0.014     7.0567     58.315     33.498  21.474545     4.9500     4.3020     0.3408     1.0152 2.9495e+00     8.6398      2.690      3.902     7.0537 0.0000e+00
      2.747      0.013     7.0580     58.357     33.486  21.466263     4.9500     4.3058     0.3408     1.0152 2.9100e+00     8.7300      2.694      3.907     7.0533 0.0000e+00
      2.751      0.012     7.0612     58.389     33.480  21.462455     4.9500     4.2905     0.3408     1.0152 2.8905e+00     8.6248      2.697      3.912     7.0527 0.0000e+00
      2.754      0.011     7.0649     58.398     33.482  21.464083     4.9500     4.3173     0.3408     1.0152 2.8296e+00     8.7300      2.700      3.916     7.0522 0.0000e+00
      2.757      0.010     7.0690     58.385     33.491  21.469603     4.9500     4.4813     0.3408     0.9729 2.8008e+00     8.5947      2.703      3.920     7.0518 0.0000e+00
      2.759      0.009     7.0741     58.352     33.498  21.474549     4.9500     4.5080     0.3408     0.9729 2.8592e+00     8.6849      2.706      3.924     7.0515 0.0000e+00
      2.761      0.008     7.0781     58.308     33.500  21.476281     4.9500     4.4698     0.3408     0.9729 2.8008e+00     8.7149      2.708      3.927     7.0514 0.0000e+00
      2.763      0.009     7.0791     58.270     33.505  21.479220     4.9500     4.4775     0.3408     0.9729 2.7748e+00     8.7300      2.709      3.930     7.0514 0.0000e+00
      2.765      0.010     7.0775     58.235     33.518  21.488108     5.0400     4.0159     0.2982     0.9306 2.8363e+00     8.6398      2.711      3.932     7.0516 0.0000e+00
      2.767      0.012     7.0734     58.204     33.532  21.497398     5.0400     3.9739     0.2982     0.9306 2.7706e+00     8.6999      2.713      3.935     7.0518 0.0000e+00
      2.769      0.016     7.0681     58.189     33.533  21.497692     5.0400     3.9930     0.2982     0.9306 2.8686e+00     8.6248      2.715      3.939     7.0521 0.0000e+00
      2.774      0.021     7.0634     58.184     33.526  21.493028     5.0400     3.9816     0.2982     0.9306 2.8124e+00     8.6398      2.719      3.944     7.0525 0.0000e+00
      2.780      0.026     7.0591     58.183     33.521  21.490078     5.0400     4.4775     0.2982     0.9306 2.6201e+00     8.6548      2.726      3.953     7.0529 0.0000e+00
      2.788      0.030     7.0554     58.181     33.518  21.488055     5.0400     4.4622     0.3408     0.9306 2.6138e+00     8.6097      2.734      3.965     7.0532 0.0000e+00
      2.797      0.033     7.0535     58.172     33.516  21.486420     5.0400     4.4889     0.3408     0.9306 2.4799e+00     8.6248      2.742      3.978     7.0533 0.0000e+00
      2.806      0.036     7.0529     58.154     33.514  21.484737     5.0400     4.4660     0.3408     0.9306 2.3708e+00     8.6849      2.752      3.991     7.0532 0.0000e+00
      2.816      0.037     7.0528     58.134     33.518  21.486516     5.0400     4.6034     0.3408     0.9306 2.3600e+00     8.7600      2.761      4.005     7.0529 0.0000e+00
      2.826      0.038     7.0526     58.112     33.527  21.492232     5.0400     4.5919     0.3408     0.9729 2.2943e+00     8.6999      2.771      4.019     7.0526 0.0000e+00
      2.835      0.038     7.0515     58.096     33.532  21.495491     5.0400     4.6186     0.3408     0.9729 2.2265e+00     8.6097      2.780      4.033     7.0521 0.0000e+00
      2.845      0.037     7.0494     58.096     33.529  21.493203     5.0400     4.6072     0.3408     0.9729 2.1739e+00     8.7751      2.790      4.047     7.0515 0.0000e+00
      2.855      0.036     7.0471     58.118     33.522  21.488718     5.0400     4.1837     0.3408     0.9729 2.1365e+00     8.6849      2.800      4.060     7.0509 0.0000e+00
      2.864      0.035     7.0446     58.157     33.515  21.484799     5.1300     4.1723     0.3408     1.0152 2.0951e+00     8.6698      2.809      4.074     7.0505 0.0000e+00
      2.873      0.034     7.0426     58.198     33.508  21.480399     5.1300     4.1990     0.3408     1.0152 2.0275e+00     8.7600      2.818      4.087     7.0502 0.0000e+00
      2.882      0.033     7.0427     58.223     33.505  21.478304     5.1300     4.1837     0.3408     1.0152 2.0438e+00     8.7149      2.826      4.098     7.0502 0.0000e+00
      2.889      0.032     7.0454     58.219     33.504  21.477955     5.1300     4.1837     0.3408     1.0152 2.0443e+00     8.8352      2.833      4.109     7.0502 0.0000e+00
      2.897      0.031     7.0500     58.198     33.500  21.475302     5.1300     4.0655     0.3834     0.8883 2.0187e+00     8.6398      2.841      4.120     7.0504 0.0000e+00
      2.905      0.031     7.0550     58.170     33.498  21.473594     5.1300     4.0655     0.3834     0.8883 1.9633e+00     8.7300      2.848      4.131     7.0507 0.0000e+00
      2.913      0.031     7.0580     58.139     33.502  21.476334     5.1300     4.0617     0.3834     0.8883 1.9629e+00     8.6548      2.857      4.143     7.0510 0.0000e+00
      2.921      0.031     7.0575     58.118     33.508  21.480296     5.1300     4.0540     0.3834     0.8883 1.8745e+00     8.6398      2.865      4.155     7.0511 0.0000e+00
      2.929      0.030     7.0549     58.115     33.506  21.478618     5.1300     4.4050     0.3834     0.8883 1.8790e+00     8.6698      2.872      4.166     7.0511 0.0000e+00
      2.937      0.030     7.0515     58.125     33.497  21.472833     5.0400     4.4393     0.2982     1.0575 1.8721e+00     8.8051      2.880      4.177     7.0510 0.0000e+00
      2.944      0.029     7.0478     58.144     33.494  21.471293     5.0400     4.4317     0.2982     1.0575 1.8639e+00     8.5797      2.887      4.187     7.0510 0.0000e+00
      2.951      0.027     7.0452     58.166     33.501  21.475567     5.0400     4.4050     0.2982     1.0575 1.8571e+00     8.6999      2.895      4.198     7.0510 0.0000e+00
      2.959      0.026     7.0449     58.175     33.509  21.480858     5.0400     4.4088     0.2982     1.0575 1.7282e+00     8.7149      2.902      4.208     7.0509 0.0000e+00
      2.965      0.024     7.0461     58.175     33.509  21.480660     5.0400     4.4317     0.3408     0.9306 1.7368e+00     8.6698      2.908      4.218     7.0507 0.0000e+00
      2.971      0.022     7.0484     58.177     33.500  21.474918     5.0400     4.4012     0.3408     0.9306 1.7399e+00     8.7300      2.914      4.226     7.0506 0.0000e+00
      2.976      0.020     7.0511     58.177     33.492  21.470020     5.0400     4.4088     0.3408     0.9306 1.6866e+00     8.6698      2.919      4.234     7.0505 0.0000e+00
      2.981      0.017     7.0522     58.178     33.489  21.468618     5.0400     4.2448     0.3408     0.9306 1.6757e+00     8.6248      2.923      4.240     7.0505 0.0000e+00
      2.985      0.015     7.0523     58.186     33.495  21.472316     4.9500     4.2371     0.2982     0.9306 1.6325e+00     8.6097      2.927      4.246     7.0506 0.0000e+00
      2.989      0.012     7.0525     58.199     33.507  21.480123     4.9500     4.2600     0.2982     0.9306 1.6497e+00     8.6398      2.931      4.251     7.0507 0.0000e+00
      2.991      0.009     7.0525     58.215     33.514  21.484222     4.9500     4.2448     0.2982     0.9306 1.6382e+00     8.7600      2.934      4.255     7.0508 0.0000e+00
      2.993      0.006     7.0525     58.237     33.513  21.483729     4.9500     4.5080     0.2982     0.9306 1.6195e+00     8.6398      2.936      4.258     7.0510 0.0000e+00
      2.995      0.003     7.0535     58.262     33.510  21.482471     5.0400     4.4813     0.3408     0.9306 1.6170e+00     8.6548      2.937      4.259     7.0511 0.0000e+00
      2.995      0.000     7.0550     58.287     33.506  21.480112     5.0400     4.4622     0.3408     0.9306 1.6304e+00     8.6698      2.937      4.260     7.0512 0.0000e+00
      2.994     -0.003     7.0569     58.309     33.506  21.479981     5.0400     4.4813     0.3408     0.9306 1.6393e+00     8.6999      2.936      4.259     7.0514 0.0000e+00
      2.993     -0.004     7.0595     58.320     33.509  21.482043     5.0400     4.1570     0.3408     0.9306 1.6768e+00     8.7300      2.935      4.257     7.0515 0.0000e+00
