Data/DataNotYetUploadedToEDI/Raw_CTD/RawDownloads/120423_bvr50_S8188001.cnv
* Sea-Bird SBE19plus  Data File:
* FileName = C:\R\Reservoirs\Data\DataNotYetUploadedToEDI\Raw_CTD\RawDownloads\120423_bvr50_S8188_0001.hex
* Software version 2.8.0.119
* Temperature SN = 8188
* Conductivity SN = 8188
* System UpLoad Time = Dec 07 2023 11:04:02
* <ApplicationData>
* <Seaterm232>
# nquan = 16
# nvalues = 1979                        
# units = specified
# name 0 = depFM: Depth [fresh water, m]
# name 1 = dz/dtM: Descent Rate [m/s]
# name 2 = sbeox0Mg/L: Oxygen, SBE 43 [mg/l]
# name 3 = sbeox0PS: Oxygen, SBE 43 [% saturation]
# name 4 = specc: Specific Conductance [uS/cm]
# name 5 = c0uS/cm: Conductivity [uS/cm]
# name 6 = wetCDOM: Fluorescence, WET Labs CDOM [mg/m^3]
# name 7 = flECO-AFL: Fluorescence, WET Labs ECO-AFL/FL [mg/m^3]
# name 8 = flECO-AFL1: Fluorescence, WET Labs ECO-AFL/FL, 2 [mg/m^3]
# name 9 = flECO-AFL2: Fluorescence, WET Labs ECO-AFL/FL, 3 [mg/m^3]
# name 10 = par/sat/log: PAR/Logarithmic, Satlantic
# name 11 = turbWETntu0: Turbidity, WET Labs ECO [NTU]
# name 12 = prdM: Pressure, Strain Gauge [db]
# name 13 = prdE: Pressure, Strain Gauge [psi]
# name 14 = tv290C: Temperature [ITS-90, deg C]
# name 15 = flag:  0.000e+00
# span 0 =     -0.808,      8.447       
# span 1 =     -0.286,      0.123       
# span 2 =     6.0883,     7.6200       
# span 3 =     50.412,     63.152       
# span 4 =      0.700,     34.739       
# span 5 =   0.474001,  22.376758       
# span 6 =    -4.5000,     5.4900       
# span 7 =    -1.5994,    33.2140       
# span 8 =    -2.1300,     0.5538       
# span 9 =    -2.0304,     1.3959       
# span 10 = 1.1587e-01, 7.7813e+02      
# span 11 =    -0.1979,   947.3319      
# span 12 =     -0.792,      8.284      
# span 13 =     -1.150,     12.015      
# span 14 =     7.0439,     8.8802      
# span 15 = 0.0000e+00, 0.0000e+00      
# interval = seconds: 0.25
# start_time = Dec 04 2023 11:27:23 [Instrument's time stamp, header]
# bad_flag = -9.990e-29
*END*
[from data line 1718]
      8.433     -0.016     7.0746     58.331     33.525  21.486857     5.1300     7.6933     0.3408     0.8460 1.1612e-01   940.5533      8.271     11.995     7.0444 0.0000e+00
      8.429     -0.021     7.0741     58.325     33.514  21.479757     5.1300     7.7238     0.3408     0.8460 1.1617e-01   940.6135      8.267     11.989     7.0444 0.0000e+00
      8.424     -0.027     7.0736     58.322     33.500  21.470830     5.1300     7.7086     0.3408     0.8460 1.1630e-01   940.5684      8.261     11.982     7.0444 0.0000e+00
      8.417     -0.034     7.0730     58.324     33.488  21.463633     5.1300     7.8917     0.3408     0.8460 1.1617e-01   947.2868      8.255     11.972     7.0444 0.0000e+00
      8.408     -0.044     7.0723     58.333     33.486  21.462183     5.1300     7.9069     0.3408     0.8460 1.1630e-01   947.3169      8.246     11.959     7.0445 0.0000e+00
      8.397     -0.056     7.0715     58.347     33.486  21.462136     5.1300     7.9298     0.3408     0.8460 1.1620e-01   947.3319      8.235     11.943     7.0445 0.0000e+00
      8.382     -0.070     7.0711     58.366     33.488  21.463479     5.1300     7.9031     0.3408     0.8460 1.1625e-01   947.1516      8.220     11.922     7.0446 0.0000e+00
      8.364     -0.087     7.0713     58.386     33.489  21.464590     5.1300     7.6590     0.3408     0.9729 1.1612e-01    75.5239      8.202     11.896     7.0447 0.0000e+00
      8.340     -0.107     7.0723     58.409     33.485  21.461809     5.1300     7.6513     0.3408     0.9729 1.1620e-01    75.7043      8.179     11.862     7.0448 0.0000e+00
      8.311     -0.131     7.0740     58.433     33.482  21.460332     5.1300     7.6742     0.3408     0.9729 1.1625e-01    75.6291      8.151     11.821     7.0450 0.0000e+00
      8.277     -0.158     7.0762     58.458     33.484  21.461742     5.1300     7.6666     0.3408     0.9729 1.1620e-01    75.6742      8.117     11.772     7.0452 0.0000e+00
      8.235     -0.187     7.0787     58.483     33.488  21.464438     5.1300     3.7565     0.3408     0.9729 1.1615e-01     9.5115      8.076     11.713     7.0454 0.0000e+00
      8.185     -0.216     7.0814     58.504     33.498  21.471118     5.0400     3.7298     0.3408     0.9306 1.1617e-01     9.4815      8.027     11.642     7.0456 0.0000e+00
      8.124     -0.243     7.0843     58.516     33.514  21.481583     5.0400     3.7603     0.3408     0.9306 1.1617e-01     9.3462      7.968     11.556     7.0457 0.0000e+00
      8.055     -0.265     7.0873     58.517     33.531  21.492686     5.0400     3.7145     0.3408     0.9306 1.1610e-01     9.3612      7.900     11.457     7.0460 0.0000e+00
      7.979     -0.279     7.0903     58.508     33.545  21.501452     5.0400     4.0235     0.3408     0.9306 1.1625e-01     8.6999      7.826     11.349     7.0463 0.0000e+00
      7.901     -0.286     7.0927     58.493     33.546  21.502300     5.1300     4.0540     0.3408     0.8883 1.1615e-01     8.6999      7.749     11.238     7.0466 0.0000e+00
      7.824     -0.285     7.0941     58.476     33.536  21.495457     5.1300     4.0121     0.3408     0.8883 1.1587e-01     8.6248      7.673     11.128     7.0469 0.0000e+00
      7.751     -0.278     7.0942     58.458     33.522  21.487014     5.1300     4.0350     0.3408     0.8883 1.1600e-01     8.6698      7.601     11.024     7.0471 0.0000e+00
      7.682     -0.269     7.0932     58.445     33.515  21.482638     5.1300     4.1265     0.3408     0.8883 1.1610e-01     8.6999      7.533     10.926     7.0472 0.0000e+00
      7.616     -0.259     7.0914     58.436     33.519  21.485120     5.1300     4.0998     0.3408     0.7614 1.1620e-01     8.7450      7.469     10.832     7.0473 0.0000e+00
      7.552     -0.250     7.0893     58.434     33.522  21.487205     5.1300     4.1113     0.3408     0.7614 1.1617e-01     8.6398      7.406     10.741     7.0472 0.0000e+00
      7.489     -0.243     7.0872     58.437     33.513  21.481533     5.1300     4.1074     0.3408     0.7614 1.1633e-01     8.6248      7.345     10.653     7.0472 0.0000e+00
      7.429     -0.237     7.0855     58.441     33.502  21.474506     5.1300     4.0655     0.3408     0.7614 1.1628e-01     8.7300      7.285     10.567     7.0473 0.0000e+00
      7.370     -0.232     7.0844     58.451     33.499  21.472170     5.1300     4.0578     0.3408     0.7614 1.1623e-01     8.6548      7.227     10.482     7.0473 0.0000e+00
      7.311     -0.229     7.0842     58.468     33.495  21.469942     5.1300     4.0502     0.3408     0.9306 1.1612e-01     8.5646      7.170     10.399     7.0473 0.0000e+00
      7.253     -0.226     7.0845     58.485     33.485  21.463270     5.1300     4.0083     0.3408     0.9306 1.1623e-01     8.6548      7.113     10.317     7.0474 0.0000e+00
      7.197     -0.224     7.0850     58.498     33.474  21.456312     5.1300     4.0540     0.3408     0.9306 1.1623e-01     8.7300      7.058     10.236     7.0476 0.0000e+00
      7.141     -0.223     7.0862     58.510     33.468  21.453150     5.1300     4.0426     0.3408     0.9306 1.1617e-01     8.6698      7.003     10.156     7.0477 0.0000e+00
      7.085     -0.223     7.0882     58.524     33.465  21.450962     5.0400     4.0502     0.3408     0.9306 1.1610e-01     8.7300      6.948     10.077     7.0479 0.0000e+00
      7.028     -0.224     7.0902     58.541     33.462  21.449165     5.0400     4.0426     0.3408     0.9306 1.1623e-01     8.6849      6.892      9.996     7.0480 0.0000e+00
      6.971     -0.226     7.0918     58.557     33.462  21.449259     5.0400     4.2028     0.3408     0.9306 1.1628e-01     8.7300      6.836      9.915     7.0482 0.0000e+00
      6.913     -0.227     7.0932     58.565     33.465  21.451269     5.0400     4.1723     0.3408     0.9306 1.1623e-01     8.7751      6.779      9.832     7.0484 0.0000e+00
      6.854     -0.229     7.0949     58.561     33.465  21.451771     5.0400     4.1685     0.3408     0.8883 1.1615e-01     8.7149      6.722      9.749     7.0486 0.0000e+00
      6.795     -0.230     7.0969     58.543     33.464  21.450901     5.0400     4.1837     0.3408     0.8883 1.1602e-01     8.6999      6.664      9.665     7.0487 0.0000e+00
      6.737     -0.230     7.0988     58.516     33.472  21.456343     5.0400     4.1570     0.3408     0.8883 1.1625e-01     8.7751      6.606      9.582     7.0488 0.0000e+00
      6.678     -0.229     7.0998     58.487     33.483  21.463611     5.0400     4.1608     0.3408     0.8883 1.1620e-01     8.9554      6.548      9.498     7.0489 0.0000e+00
      6.619     -0.228     7.0993     58.458     33.488  21.466725     5.0400     4.1875     0.3408     0.8460 1.1623e-01     9.0306      6.491      9.415     7.0490 0.0000e+00
      6.561     -0.227     7.0971     58.434     33.491  21.468496     5.0400     4.1647     0.3408     0.8460 1.1612e-01     8.9554      6.434      9.332     7.0491 0.0000e+00
      6.504     -0.225     7.0938     58.419     33.493  21.469397     5.0400     4.0655     0.3408     0.8460 1.1617e-01     8.6398      6.378      9.250     7.0491 0.0000e+00
      6.446     -0.222     7.0903     58.417     33.493  21.469666     5.0400     4.0464     0.3408     0.8460 1.1623e-01     8.6849      6.321      9.169     7.0492 0.0000e+00
      6.389     -0.218     7.0868     58.424     33.490  21.467398     5.0400     4.0311     0.3408     0.8460 1.1617e-01     8.6849      6.265      9.087     7.0492 0.0000e+00
      6.332     -0.211     7.0838     58.437     33.488  21.465944     5.1300     4.0502     0.2982     0.9306 1.1623e-01     8.6398      6.210      9.007     7.0492 0.0000e+00
      6.278     -0.204     7.0821     58.447     33.490  21.466897     5.1300     4.0998     0.2982     0.9306 1.1612e-01     8.7149      6.157      8.930     7.0492 0.0000e+00
      6.227     -0.196     7.0818     58.452     33.486  21.464574     5.1300     4.1151     0.2982     0.9306 1.1617e-01     8.7600      6.107      8.857     7.0491 0.0000e+00
      6.179     -0.189     7.0827     58.453     33.483  21.462313     5.1300     4.1189     0.2982     0.9306 1.1617e-01     8.6398      6.060      8.789     7.0490 0.0000e+00
      6.134     -0.183     7.0842     58.453     33.488  21.465450     5.1300     4.1151     0.3408     1.0575 1.1623e-01     8.6248      6.015      8.724     7.0488 0.0000e+00
      6.089     -0.178     7.0856     58.446     33.499  21.472840     5.1300     3.8023     0.3408     1.0575 1.1623e-01     8.5646      5.972      8.661     7.0486 0.0000e+00
      6.045     -0.175     7.0862     58.429     33.511  21.480519     5.1300     3.8251     0.3408     1.0575 1.1628e-01     8.7600      5.929      8.598     7.0483 0.0000e+00
      6.001     -0.173     7.0864     58.410     33.514  21.482615     5.1300     3.8061     0.3408     1.0575 1.1617e-01     8.6248      5.885      8.535     7.0481 0.0000e+00
      5.956     -0.171     7.0863     58.398     33.510  21.479689     4.9500     3.7984     0.3408     0.9306 1.1612e-01     8.6999      5.841      8.471     7.0480 0.0000e+00
      5.911     -0.167     7.0855     58.398     33.508  21.478876     4.9500     3.9892     0.3408     0.9306 1.1612e-01     8.6398      5.797      8.408     7.0480 0.0000e+00
      5.868     -0.163     7.0835     58.402     33.510  21.479961     4.9500     3.9930     0.3408     0.9306 1.1607e-01     8.7300      5.755      8.347     7.0481 0.0000e+00
      5.827     -0.159     7.0811     58.409     33.509  21.479274     4.9500     3.9777     0.3408     0.9306 1.1590e-01     8.5947      5.715      8.289     7.0482 0.0000e+00
      5.788     -0.154     7.0797     58.424     33.505  21.476632     5.0400     3.9816     0.3408     0.9729 1.1630e-01     8.6698      5.677      8.233     7.0483 0.0000e+00
      5.750     -0.150     7.0797     58.441     33.496  21.471330     5.0400     4.2295     0.3408     0.9729 1.1630e-01     8.6849      5.639      8.179     7.0483 0.0000e+00
      5.713     -0.148     7.0802     58.453     33.488  21.465913     5.0400     4.1990     0.3408     0.9729 1.1638e-01     8.5947      5.603      8.126     7.0484 0.0000e+00
      5.676     -0.149     7.0810     58.458     33.483  21.462895     5.0400     4.2295     0.3408     0.9729 1.1612e-01     8.6097      5.567      8.074     7.0484 0.0000e+00
      5.640     -0.152     7.0828     58.460     33.481  21.461471     5.0400     4.2333     0.3408     0.9729 1.1605e-01     8.5346      5.531      8.022     7.0485 0.0000e+00
      5.603     -0.158     7.0849     58.465     33.483  21.463240     4.9500     3.9167     0.3408     0.8883 1.1615e-01     8.5947      5.495      7.969     7.0485 0.0000e+00
      5.563     -0.165     7.0863     58.478     33.495  21.470655     4.9500     3.9320     0.3408     0.8883 1.1625e-01     8.6999      5.456      7.912     7.0486 0.0000e+00
      5.519     -0.172     7.0869     58.489     33.516  21.483712     4.9500     3.9167     0.3408     0.8883 1.1615e-01     8.5947      5.413      7.850     7.0486 0.0000e+00
      5.473     -0.179     7.0871     58.494     33.535  21.495998     4.9500     3.9281     0.3408     0.8883 1.1623e-01     8.6698      5.367      7.784     7.0487 0.0000e+00
      5.425     -0.185     7.0877     58.495     33.539  21.498913     5.0400     4.0273     0.2982     0.9306 1.1620e-01     8.6548      5.320      7.716     7.0488 0.0000e+00
      5.376     -0.189     7.0893     58.491     33.530  21.493234     5.0400     3.9663     0.2982     0.9306 1.1623e-01     8.6698      5.272      7.647     7.0489 0.0000e+00
      5.327     -0.191     7.0906     58.482     33.521  21.487345     5.0400     3.9739     0.2982     0.9306 1.1612e-01     8.7149      5.224      7.577     7.0489 0.0000e+00
      5.278     -0.191     7.0912     58.472     33.524  21.489569     5.0400     4.0006     0.2982     0.9306 1.1612e-01     8.6398      5.176      7.507     7.0490 0.0000e+00
      5.229     -0.192     7.0913     58.462     33.532  21.494564     5.1300     3.9816     0.3408     0.9729 1.1638e-01     8.5646      5.128      7.438     7.0490 0.0000e+00
      5.181     -0.192     7.0908     58.448     33.525  21.489805     5.1300     4.0464     0.3408     0.9729 1.1617e-01     8.6698      5.081      7.369     7.0491 0.0000e+00
      5.132     -0.190     7.0897     58.435     33.506  21.477984     5.1300     4.0426     0.3408     0.9729 1.1628e-01     8.6097      5.033      7.299     7.0491 0.0000e+00
      5.083     -0.188     7.0886     58.424     33.491  21.467822     5.1300     4.0426     0.3408     0.9729 1.1623e-01     8.6097      4.984      7.229     7.0491 0.0000e+00
      5.033     -0.183     7.0873     58.415     33.483  21.462549     5.1300     4.0273     0.2982     0.9306 1.1612e-01     8.6548      4.936      7.159     7.0491 0.0000e+00
      4.985     -0.177     7.0857     58.411     33.483  21.462736     5.1300     3.9548     0.2982     0.9306 1.3270e-01     8.6849      4.889      7.091     7.0489 0.0000e+00
      4.940     -0.168     7.0842     58.409     33.489  21.466455     5.1300     4.0121     0.2982     0.9306 1.6098e-01     8.6398      4.845      7.027     7.0487 0.0000e+00
      4.899     -0.158     7.0828     58.409     33.499  21.472718     5.1300     3.9816     0.2982     0.9306 1.4456e-01     8.6548      4.804      6.967     7.0485 0.0000e+00
      4.860     -0.148     7.0817     58.415     33.509  21.479237     5.1300     3.9663     0.2982     0.9306 1.6077e-01     8.6248      4.766      6.912     7.0483 0.0000e+00
      4.824     -0.139     7.0812     58.429     33.510  21.479834     5.1300     4.2410     0.3408     0.9729 1.4909e-01     8.7300      4.731      6.861     7.0482 0.0000e+00
      4.791     -0.132     7.0809     58.448     33.505  21.476646     5.1300     4.2066     0.3408     0.9729 1.6791e-01     8.6398      4.698      6.814     7.0482 0.0000e+00
      4.759     -0.125     7.0810     58.463     33.502  21.474760     5.1300     4.2181     0.3408     0.9729 1.4425e-01     8.7600      4.667      6.769     7.0481 0.0000e+00
      4.729     -0.119     7.0818     58.469     33.497  21.471696     5.1300     4.2066     0.3408     0.9729 1.5588e-01     8.6097      4.637      6.726     7.0481 0.0000e+00
      4.698     -0.114     7.0835     58.469     33.492  21.468615     5.1300     4.1647     0.3408     0.9306 1.7613e-01     8.7149      4.608      6.683     7.0481 0.0000e+00
      4.669     -0.109     7.0858     58.469     33.492  21.468654     5.1300     4.1761     0.3408     0.9306 1.8240e-01     8.6248      4.579      6.641     7.0482 0.0000e+00
      4.642     -0.105     7.0875     58.470     33.497  21.471823     5.1300     4.1799     0.3408     0.9306 1.5868e-01     8.6248      4.552      6.602     7.0483 0.0000e+00
      4.616     -0.101     7.0882     58.473     33.502  21.475010     5.1300     4.1875     0.3408     0.9306 1.7628e-01     8.7450      4.527      6.566     7.0484 0.0000e+00
      4.592     -0.098     7.0883     58.476     33.505  21.477084     5.0400     4.6606     0.3408     0.9729 1.7575e-01     8.8652      4.503      6.531     7.0484 0.0000e+00
      4.569     -0.097     7.0882     58.480     33.511  21.480577     5.0400     4.6873     0.3408     0.9729 1.9613e-01     8.8652      4.480      6.498     7.0485 0.0000e+00
      4.545     -0.098     7.0883     58.493     33.517  21.484443     5.0400     4.6453     0.3408     0.9729 1.9146e-01     8.9103      4.457      6.465     7.0486 0.0000e+00
      4.521     -0.100     7.0887     58.508     33.528  21.491692     5.0400     4.6301     0.3408     0.9729 1.9376e-01     8.8352      4.433      6.430     7.0486 0.0000e+00
      4.494     -0.102     7.0890     58.510     33.541  21.500297     5.0400     4.2486     0.3408     1.0575 2.4173e-01     8.7149      4.407      6.393     7.0486 0.0000e+00
