Data/DataNotYetUploadedToEDI/Raw_CTD/RawDownloads/120423_bvr50_S7809001.cnv
* Sea-Bird SBE19plus  Data File:
* FileName = C:\R\Reservoirs\Data\DataNotYetUploadedToEDI\Raw_CTD\RawDownloads\120423_bvr50_S7809_0001.hex
* Software version 2.8.0.119
* Temperature SN = 7809
* Conductivity SN = 7809
* System UpLoad Time = Dec 07 2023 11:11:04
* <ApplicationData>
* <Seaterm232>
# nquan = 15
# nvalues = 2782                        
# units = specified
# name 0 = depFM: Depth [fresh water, m]
# name 1 = dz/dtM: Descent Rate [m/s]
# name 2 = sbeox0Mg/L: Oxygen, SBE 43 [mg/l]
# name 3 = sbeox0PS: Oxygen, SBE 43 [% saturation]
# name 4 = specc: Specific Conductance [uS/cm]
# name 5 = c0uS/cm: Conductivity [uS/cm]
# name 6 = flECO-AFL: Fluorescence, WET Labs ECO-AFL/FL [mg/m^3]
# name 7 = ph: pH
# name 8 = orp: Oxidation Reduction Potential [mV]
# name 9 = par/sat/log: PAR/Logarithmic, Satlantic
# name 10 = turbWETntu0: Turbidity, WET Labs ECO [NTU]
# name 11 = prdM: Pressure, Strain Gauge [db]
# name 12 = prdE: Pressure, Strain Gauge [psi]
# name 13 = tv290C: Temperature [ITS-90, deg C]
# name 14 = flag:  0.000e+00
# span 0 =     -0.797,      8.530       
# span 1 =     -0.242,      0.287       
# span 2 =     5.3431,    12.1188       
# span 3 =     44.568,    100.370       
# span 4 =      0.385,    104.045       
# span 5 =   0.260214,  66.693011       
# span 6 =    -0.1588,    63.7408       
# span 7 =      4.922,      7.156       
# span 8 = -1240.7455,   895.9469       
# span 9 = 1.2364e-01, 1.3387e+03       
# span 10 =    -0.3989,   925.1260      
# span 11 =     -0.783,      8.366      
# span 12 =     -1.135,     12.134      
# span 13 =     7.0374,     8.9493      
# span 14 = 0.0000e+00, 0.0000e+00      
# interval = seconds: 0.25
# start_time = Dec 04 2023 11:24:46 [Instrument's time stamp, header]
# bad_flag = -9.990e-29
*END*
[from data line 1254]
      7.152      0.012    10.5341     86.976     33.405  21.415155     6.2104      6.902   310.4228 1.2383e-01     9.0277      7.013     10.172     7.0523 0.0000e+00
      7.155      0.008    10.5361     87.022     33.396  21.409401     6.3692      6.902   310.6324 1.2379e-01     9.0071      7.020     10.181     7.0523 0.0000e+00
      7.155      0.006    10.5258     87.037     33.406  21.415269     6.3971      6.902   310.6442 1.2371e-01     8.9538      7.018     10.179     7.0523 0.0000e+00
      7.154      0.006    10.5240     87.044     33.417  21.422701     6.5061      6.902   310.5656 1.2375e-01     8.9641      7.014     10.174     7.0520 0.0000e+00
      7.156      0.007    10.5500     86.966     33.438  21.435855     6.7303      6.903   310.5423 1.2384e-01     9.1310      7.017     10.178     7.0518 0.0000e+00
      7.158      0.011    10.5503     86.908     33.456  21.447487     6.8684      6.904   310.6212 1.2389e-01     9.2647      7.021     10.182     7.0519 0.0000e+00
      7.160      0.016    10.5460     86.885     33.439  21.436535     6.8778      6.904   310.7451 1.2387e-01     9.2141      7.020     10.182     7.0520 0.0000e+00
      7.164      0.020    10.5621     86.815     33.429  21.430247     6.8527      6.904   310.8361 1.2385e-01     9.0991      7.024     10.187     7.0518 0.0000e+00
      7.171      0.024    10.5384     86.845     33.437  21.434867     6.7312      6.904   310.9461 1.2384e-01     9.0697      7.033     10.200     7.0517 0.0000e+00
      7.180      0.031    10.5293     86.976     33.428  21.428990     6.5331      6.904   311.1299 1.2383e-01     9.1326      7.041     10.212     7.0518 0.0000e+00
      7.187      0.044    10.5431     87.071     33.418  21.422588     6.4375      6.903   311.4239 1.2379e-01     9.2104      7.049     10.223     7.0515 0.0000e+00
      7.193      0.062    10.5139     87.159     33.415  21.420862     6.4240      6.900   311.6613 1.2374e-01     9.2241      7.054     10.232     7.0513 0.0000e+00
      7.202      0.078    10.5209     87.249     33.395  21.408123     6.3288      6.896   311.6767 1.2377e-01     9.2649      7.059     10.237     7.0514 0.0000e+00
      7.224      0.088    10.5503     87.264     33.375  21.395384     6.1763      6.894   311.6093 1.2386e-01     9.3954      7.077     10.264     7.0512 0.0000e+00
      7.264      0.090    10.5531     87.228     33.373  21.393650     6.1037      6.893   311.6220 1.2387e-01     9.4358      7.122     10.330     7.0511 0.0000e+00
      7.305      0.085    10.5643     87.203     33.363  21.387162     6.0927      6.892   311.6575 1.2385e-01     9.3781      7.172     10.402     7.0509 0.0000e+00
      7.329      0.070    10.5815     87.133     33.352  21.380340     5.9759      6.892   311.6950 1.2386e-01     9.3127      7.194     10.434     7.0509 0.0000e+00
      7.337      0.049    10.5819     86.986     33.343  21.374576     5.7574      6.892   311.8171 1.2383e-01     9.2255      7.195     10.435     7.0508 0.0000e+00
      7.340      0.028    10.5707     86.887     33.353  21.380873     5.6388      6.893   311.8422 1.2374e-01     9.1783      7.199     10.441     7.0507 0.0000e+00
      7.340      0.013    10.5737     86.934     33.372  21.393078     5.6243      6.895   311.7404 1.2369e-01     9.1519      7.200     10.443     7.0507 0.0000e+00
      7.337      0.007    10.5680     86.951     33.375  21.395326     5.6655      6.896   311.7049 1.2372e-01     9.0426      7.195     10.434     7.0508 0.0000e+00
      7.337      0.008    10.5437     86.831     33.394  21.408056     5.7710      6.897   311.6714 1.2382e-01     8.9496      7.194     10.433     7.0507 0.0000e+00
      7.341      0.012    10.5213     86.744     33.413  21.420175     5.8423      6.897   311.5937 1.2386e-01     8.9838      7.199     10.442     7.0509 0.0000e+00
      7.346      0.016    10.5393     86.665     33.405  21.415041     5.8621      6.897   311.5395 1.2383e-01     9.0123      7.205     10.450     7.0512 0.0000e+00
      7.350      0.018    10.5554     86.581     33.396  21.409381     5.9190      6.898   311.6183 1.2380e-01     9.0550      7.208     10.454     7.0513 0.0000e+00
      7.355      0.018    10.5154     86.577     33.405  21.415155     6.0140      6.899   311.7725 1.2381e-01     9.1935      7.211     10.458     7.0515 0.0000e+00
      7.364      0.017    10.5175     86.577     33.415  21.421444     6.0625      6.900   311.8545 1.2385e-01     9.3205      7.222     10.474     7.0518 0.0000e+00
      7.370      0.014    10.5095     86.566     33.416  21.422011     6.0722      6.901   311.9217 1.2384e-01     9.3949      7.230     10.487     7.0520 0.0000e+00
      7.370      0.011    10.4851     86.569     33.416  21.422011     6.0638      6.902   311.8963 1.2378e-01     9.4096      7.226     10.481     7.0521 0.0000e+00
      7.370      0.007    10.4998     86.591     33.415  21.421444     5.9282      6.903   311.8920 1.2378e-01     9.3616      7.225     10.480     7.0521 0.0000e+00
      7.374      0.005    10.4930     86.599     33.405  21.415157     5.6896      6.903   312.0416 1.2381e-01     9.2917      7.233     10.491     7.0522 0.0000e+00
      7.375      0.009    10.4948     86.616     33.396  21.409402     5.5678      6.902   312.0710 1.2378e-01     9.2485      7.234     10.492     7.0521 0.0000e+00
      7.373      0.015    10.4907     86.653     33.405  21.415270     5.5875      6.902   311.9894 1.2379e-01     9.2491      7.230     10.484     7.0520 0.0000e+00
      7.373      0.020    10.4990     86.647     33.417  21.422702     5.7369      6.901   312.0015 1.2383e-01     9.2307      7.228     10.482     7.0522 0.0000e+00
      7.380      0.024    10.4975     86.618     33.437  21.435850     5.9919      6.901   312.1305 1.2385e-01     9.1971      7.232     10.491     7.0521 0.0000e+00
      7.394      0.027    10.4953     86.579     33.455  21.447425     6.1405      6.901   312.2599 1.2385e-01     9.2180      7.252     10.519     7.0522 0.0000e+00
      7.406      0.032    10.5100     86.499     33.436  21.435848     6.1510      6.902   312.2753 1.2385e-01     9.2107      7.267     10.540     7.0524 0.0000e+00
      7.411      0.036    10.5021     86.398     33.416  21.422691     6.1443      6.902   312.3155 1.2382e-01     9.1774      7.268     10.541     7.0524 0.0000e+00
      7.415      0.040    10.5001     86.342     33.404  21.415155     6.1595      6.902   312.4024 1.2382e-01     9.1899      7.271     10.544     7.0526 0.0000e+00
      7.423      0.044    10.4967     86.334     33.393  21.408133     6.1768      6.903   312.3794 1.2388e-01     9.1914      7.278     10.554     7.0527 0.0000e+00
      7.435      0.047    10.4877     86.358     33.383  21.401197     6.1949      6.905   312.3823 1.2392e-01     9.1955      7.289     10.570     7.0528 0.0000e+00
      7.454      0.048    10.4696     86.459     33.373  21.394699     6.2874      6.906   312.5231 1.2392e-01     9.2395      7.309     10.601     7.0529 0.0000e+00
      7.474      0.048    10.4635     86.628     33.371  21.392975     6.4382      6.906   312.6181 1.2391e-01     9.3136      7.332     10.635     7.0528 0.0000e+00
      7.487      0.044    10.4662     86.807     33.351  21.380350     6.5196      6.906   312.5852 1.2391e-01     9.4080      7.344     10.652     7.0526 0.0000e+00
      7.492      0.038    10.4634     86.982     33.333  21.368860     6.5386      6.906   312.4695 1.2388e-01     9.4586      7.347     10.655     7.0523 0.0000e+00
      7.497      0.031    10.4770     87.146     33.352  21.380865     6.5348      6.906   312.3371 1.2383e-01     9.4140      7.351     10.661     7.0520 0.0000e+00
      7.504      0.028    10.5016     87.248     33.380  21.398690     6.4408      6.908   312.3613 1.2380e-01     9.3129      7.359     10.673     7.0518 0.0000e+00
      7.512      0.030    10.5233     87.270     33.373  21.394165     6.3018      6.909   312.5903 1.2381e-01     9.2260      7.367     10.685     7.0516 0.0000e+00
      7.518      0.036    10.5433     87.209     33.366  21.389553     6.2524      6.908   312.7831 1.2378e-01     9.1831      7.374     10.695     7.0515 0.0000e+00
      7.524      0.041    10.5677     87.061     33.392  21.406340     6.2676      6.908   312.7990 1.2376e-01     9.1696      7.376     10.698     7.0515 0.0000e+00
      7.534      0.047    10.5799     86.878     33.393  21.406918     6.2778      6.908   312.7826 1.2381e-01     9.1661      7.384     10.709     7.0513 0.0000e+00
      7.551      0.052    10.5817     86.701     33.377  21.396534     6.2913      6.908   312.7573 1.2385e-01     9.1737      7.405     10.742     7.0513 0.0000e+00
      7.567      0.057    10.5769     86.549     33.395  21.407599     6.3065      6.907   312.7516 1.2388e-01     9.2273      7.424     10.768     7.0514 0.0000e+00
      7.581      0.058    10.5546     86.456     33.405  21.413897     6.3110      6.905   312.8852 1.2388e-01     9.2681      7.433     10.779     7.0512 0.0000e+00
      7.598      0.059    10.5309     86.432     33.397  21.409277     6.2970      6.903   313.0832 1.2383e-01     9.2236      7.451     10.807     7.0509 0.0000e+00
      7.615      0.060    10.5101     86.479     33.406  21.415146     6.2705      6.902   313.2515 1.2383e-01     9.1670      7.474     10.841     7.0505 0.0000e+00
      7.625      0.060    10.4887     86.583     33.416  21.421444     6.2564      6.902   313.3714 1.2387e-01     9.1985      7.477     10.844     7.0504 0.0000e+00
      7.636      0.059    10.4775     86.676     33.417  21.422016     6.2511      6.901   313.4141 1.2385e-01     9.2632      7.481     10.852     7.0506 0.0000e+00
      7.657      0.055    10.4754     86.733     33.416  21.422063     6.1653      6.900   313.3371 1.2380e-01     9.2325      7.510     10.892     7.0506 0.0000e+00
      7.678      0.049    10.4789     86.745     33.416  21.422004     6.0009      6.900   313.2157 1.2380e-01     9.1688      7.536     10.929     7.0505 0.0000e+00
      7.690      0.041    10.4984     86.700     33.414  21.421319     5.9112      6.900   313.1509 1.2381e-01     9.1762      7.542     10.939     7.0505 0.0000e+00
      7.698      0.033    10.5084     86.601     33.402  21.413784     5.9044      6.901   313.0699 1.2381e-01     9.1843      7.549     10.949     7.0509 0.0000e+00
      7.703      0.025    10.5154     86.472     33.372  21.394299     5.7863      6.901   313.0099 1.2384e-01     9.1313      7.558     10.962     7.0515 0.0000e+00
      7.704      0.020    10.5185     86.378     33.344  21.375948     5.5400      6.901   313.0286 1.2389e-01     9.0472      7.555     10.957     7.0519 0.0000e+00
      7.704      0.019    10.5109     86.338     33.354  21.382123     5.3903      6.902   313.0376 1.2388e-01     8.9872      7.551     10.952     7.0525 0.0000e+00
      7.712      0.022    10.5006     86.315     33.390  21.405558     5.3739      6.902   313.1183 1.2388e-01     8.9857      7.562     10.968     7.0529 0.0000e+00
      7.721      0.027    10.4789     86.278     33.390  21.405662     5.3914      6.901   313.2300 1.2388e-01     8.9955      7.576     10.988     7.0525 0.0000e+00
      7.725      0.032    10.4681     86.237     33.355  21.383380     5.5199      6.901   313.1842 1.2384e-01     9.0038      7.575     10.985     7.0521 0.0000e+00
      7.730      0.034    10.4651     86.224     33.365  21.389782     5.7536      6.902   312.9947 1.2387e-01     9.0519      7.576     10.988     7.0522 0.0000e+00
      7.745      0.034    10.4642     86.254     33.411  21.419662     5.8788      6.902   312.7460 1.2391e-01     9.1334      7.596     11.017     7.0521 0.0000e+00
      7.759      0.034    10.4593     86.302     33.423  21.427619     5.9008      6.903   312.5854 1.2386e-01     9.2033      7.613     11.041     7.0521 0.0000e+00
      7.765      0.034    10.4520     86.342     33.415  21.422579     5.9948      6.904   312.6880 1.2385e-01     9.2133      7.615     11.044     7.0523 0.0000e+00
      7.770      0.035    10.4496     86.392     33.414  21.422130     6.1415      6.904   312.8682 1.2384e-01     9.1861      7.618     11.050     7.0527 0.0000e+00
      7.778      0.036    10.4541     86.448     33.414  21.422187     6.2270      6.904   312.8709 1.2371e-01     9.1819      7.628     11.064     7.0530 0.0000e+00
      7.785      0.038    10.4631     86.495     33.414  21.423274     6.2540      6.905   312.8933 1.2364e-01     9.2306      7.633     11.071     7.0532 0.0000e+00
      7.795      0.043    10.4644     86.531     33.432  21.435269     6.2518      6.905   312.9669 1.2371e-01     9.2627      7.642     11.083     7.0538 0.0000e+00
      7.811      0.046    10.4717     86.570     33.440  21.440405     6.2333      6.906   312.8998 1.2378e-01     9.1937      7.660     11.110     7.0543 0.0000e+00
      7.826      0.047    10.4793     86.626     33.411  21.421968     6.2297      6.907   312.7706 1.2381e-01     9.1140      7.675     11.133     7.0547 0.0000e+00
      7.837      0.046    10.4845     86.688     33.381  21.402570     6.2497      6.908   312.6093 1.2383e-01     9.1191      7.685     11.147     7.0554 0.0000e+00
      7.848      0.044    10.4884     86.740     33.371  21.396083     6.3516      6.909   312.4987 1.2383e-01     9.1531      7.696     11.162     7.0562 0.0000e+00
      7.859      0.041    10.4913     86.778     33.387  21.406939     6.5043      6.910   312.5507 1.2382e-01     9.1491      7.708     11.179     7.0566 0.0000e+00
      7.868      0.039    10.4999     86.830     33.387  21.407024     6.5722      6.911   312.6367 1.2383e-01     9.1399      7.714     11.190     7.0567 0.0000e+00
      7.878      0.040    10.5070     86.880     33.372  21.397109     6.5822      6.911   312.7636 1.2380e-01     9.1776      7.724     11.203     7.0566 0.0000e+00
      7.888      0.045    10.5153     86.879     33.398  21.413878     6.5833      6.910   312.8805 1.2376e-01     9.2296      7.738     11.222     7.0566 0.0000e+00
      7.895      0.050    10.5160     86.804     33.407  21.419548     6.5603      6.908   312.8459 1.2378e-01     9.2219      7.743     11.230     7.0568 0.0000e+00
      7.905      0.055    10.5242     86.686     33.381  21.402256     6.5370      6.908   312.6904 1.2383e-01     9.1526      7.747     11.237     7.0567 0.0000e+00
      7.923      0.057    10.5327     86.568     33.371  21.395024     6.5188      6.908   312.5489 1.2384e-01     9.1099      7.767     11.266     7.0565 0.0000e+00
      7.947      0.054    10.5340     86.474     33.372  21.395509     6.4978      6.908   312.5107 1.2384e-01     9.1151      7.797     11.308     7.0563 0.0000e+00
      7.965      0.048    10.5235     86.412     33.391  21.408125     6.3326      6.909   312.4866 1.2389e-01     9.1123      7.814     11.334     7.0563 0.0000e+00
      7.976      0.041    10.5062     86.358     33.411  21.420749     6.0286      6.909   312.4299 1.2385e-01     9.1103      7.823     11.345     7.0558 0.0000e+00
      7.982      0.033    10.4930     86.359     33.412  21.421329     5.8685      6.909   312.3413 1.2377e-01     9.1602      7.830     11.356     7.0551 0.0000e+00
      7.983      0.024    10.4781     86.432     33.402  21.415136     5.8695      6.909   312.3624 1.2381e-01     9.2362      7.828     11.355     7.0547 0.0000e+00
      7.985      0.018    10.4765     86.520     33.393  21.409277     6.0418      6.910   312.5127 1.2381e-01     9.2441      7.826     11.352     7.0546 0.0000e+00
      7.993      0.016    10.4643     86.588     33.399  21.413889     6.3699      6.910   312.5241 1.2375e-01     9.1877      7.837     11.367     7.0548 0.0000e+00
      8.002      0.018    10.4632     86.638     33.389  21.407497     6.5567      6.910   312.4132 1.2377e-01     9.1342      7.851     11.386     7.0550 0.0000e+00
