Data/DataNotYetUploadedToEDI/Raw_CTD/RawDownloads/120423_bvr50_S7809001.cnv
* Sea-Bird SBE19plus  Data File:
* FileName = C:\R\Reservoirs\Data\DataNotYetUploadedToEDI\Raw_CTD\RawDownloads\120423_bvr50_S7809_0001.hex
* Software version 2.8.0.119
* Temperature SN = 7809
* Conductivity SN = 7809
* System UpLoad Time = Dec 07 2023 11:11:04
* <ApplicationData>
* <Seaterm232>
# nquan = 15
# nvalues = 2782                        
# units = specified
# name 0 = depFM: Depth [fresh water, m]
# name 1 = dz/dtM: Descent Rate [m/s]
# name 2 = sbeox0Mg/L: Oxygen, SBE 43 [mg/l]
# name 3 = sbeox0PS: Oxygen, SBE 43 [% saturation]
# name 4 = specc: Specific Conductance [uS/cm]
# name 5 = c0uS/cm: Conductivity [uS/cm]
# name 6 = flECO-AFL: Fluorescence, WET Labs ECO-AFL/FL [mg/m^3]
# name 7 = ph: pH
# name 8 = orp: Oxidation Reduction Potential [mV]
# name 9 = par/sat/log: PAR/Logarithmic, Satlantic
# name 10 = turbWETntu0: Turbidity, WET Labs ECO [NTU]
# name 11 = prdM: Pressure, Strain Gauge [db]
# name 12 = prdE: Pressure, Strain Gauge [psi]
# name 13 = tv290C: Temperature [ITS-90, deg C]
# name 14 = flag:  0.000e+00
# span 0 =     -0.797,      8.530       
# span 1 =     -0.242,      0.287       
# span 2 =     5.3431,    12.1188       
# span 3 =     44.568,    100.370       
# span 4 =      0.385,    104.045       
# span 5 =   0.260214,  66.693011       
# span 6 =    -0.1588,    63.7408       
# span 7 =      4.922,      7.156       
# span 8 = -1240.7455,   895.9469       
# span 9 = 1.2364e-01, 1.3387e+03       
# span 10 =    -0.3989,   925.1260      
# span 11 =     -0.783,      8.366      
# span 12 =     -1.135,     12.134      
# span 13 =     7.0374,     8.9493      
# span 14 = 0.0000e+00, 0.0000e+00      
# interval = seconds: 0.25
# start_time = Dec 04 2023 11:24:46 [Instrument's time stamp, header]
# bad_flag = -9.990e-29
*END*
[from data line 1928]
      5.795      0.030     9.8713     82.028     34.242  21.953420     5.9397      7.014   244.8915 1.2387e-01     9.2415      5.687      8.248     7.0553 0.0000e+00
      5.792      0.030     9.8841     82.153     34.262  21.965997     5.8423      7.014   245.1410 1.2387e-01     9.1595      5.676      8.231     7.0551 0.0000e+00
      5.801      0.032     9.9025     82.213     34.280  21.977525     5.8342      7.014   245.2081 1.2379e-01     9.1323      5.682      8.240     7.0550 0.0000e+00
      5.822      0.033     9.9253     82.202     34.262  21.965986     5.8757      7.014   245.1867 1.2376e-01     9.0494      5.712      8.284     7.0548 0.0000e+00
      5.839      0.032     9.9433     82.168     34.242  21.953305     5.9444      7.015   245.3123 1.2384e-01     8.9428      5.732      8.315     7.0548 0.0000e+00
      5.845      0.027     9.9606     82.111     34.238  21.951019     5.9654      7.016   245.4368 1.2388e-01     8.8685      5.731      8.313     7.0548 0.0000e+00
      5.847      0.018     9.9696     82.012     34.218  21.938343     5.9466      7.016   245.3144 1.2385e-01     8.9025      5.733      8.315     7.0548 0.0000e+00
      5.848      0.008     9.9636     81.909     34.200  21.926856     5.9082      7.017   245.0369 1.2385e-01     9.1138      5.737      8.322     7.0548 0.0000e+00
      5.846     -0.003     9.9597     81.812     34.219  21.938955     5.8521      7.018   244.6637 1.2390e-01     9.3395      5.733      8.316     7.0548 0.0000e+00
      5.846     -0.020     9.9567     81.725     34.249  21.957810     5.8257      7.020   243.8990 1.2390e-01     9.4120      5.731      8.313     7.0546 0.0000e+00
      5.848     -0.050     9.9394     81.667     34.259  21.964604     5.8212      7.022   242.6735 1.2378e-01     9.3755      5.736      8.319     7.0546 0.0000e+00
      5.846     -0.088     9.9285     81.647     34.248  21.957696     5.6898      7.022   241.5482 1.2372e-01     9.3414      5.738      8.322     7.0546 0.0000e+00
      5.828     -0.120     9.9165     81.661     34.218  21.937697     5.4439      7.020   240.8759 1.2378e-01     9.3749      5.725      8.304     7.0545 0.0000e+00
      5.783     -0.137     9.9041     81.678     34.179  21.913021     5.3032      7.018   240.3959 1.2383e-01     9.4059      5.685      8.245     7.0546 0.0000e+00
      5.713     -0.138     9.8979     81.678     34.178  21.912974     5.2705      7.016   239.8743 1.2383e-01     9.4088      5.601      8.123     7.0548 0.0000e+00
      5.648     -0.123     9.8939     81.670     34.216  21.937127     5.2730      7.014   239.3868 1.2385e-01     9.4097      5.520      8.006     7.0548 0.0000e+00
      5.621     -0.096     9.8990     81.675     34.238  21.951417     5.4252      7.013   238.9748 1.2384e-01     9.4509      5.502      7.980     7.0548 0.0000e+00
      5.622     -0.061     9.9010     81.665     34.250  21.958942     5.7032      7.014   238.5932 1.2384e-01     9.5656      5.512      7.995     7.0549 0.0000e+00
      5.628     -0.026     9.9013     81.630     34.258  21.964706     5.8551      7.015   238.2144 1.2388e-01     9.6005      5.521      8.007     7.0552 0.0000e+00
      5.628     -0.004     9.8976     81.611     34.247  21.957695     5.8640      7.016   237.7499 1.2393e-01     9.5310      5.522      8.008     7.0554 0.0000e+00
      5.625      0.003     9.9003     81.609     34.216  21.937584     5.9520      7.018   237.2790 1.2394e-01     9.5113      5.515      7.998     7.0555 0.0000e+00
      5.625      0.003     9.9016     81.624     34.176  21.911767     6.1371      7.020   236.9954 1.2392e-01     9.4998      5.516      8.000     7.0556 0.0000e+00
      5.626      0.003     9.8916     81.664     34.156  21.899180     6.2372      7.020   236.7308 1.2390e-01     9.4253      5.518      8.003     7.0557 0.0000e+00
      5.626      0.003     9.8919     81.702     34.177  21.912220     6.2387      7.020   236.3167 1.2387e-01     9.3960      5.517      8.001     7.0557 0.0000e+00
      5.628      0.003     9.8912     81.727     34.224  21.942605     6.2379      7.021   235.9459 1.2385e-01     9.4873      5.518      8.003     7.0560 0.0000e+00
      5.632      0.003     9.8916     81.744     34.234  21.949521     6.2448      7.022   235.6892 1.2386e-01     9.6067      5.524      8.012     7.0559 0.0000e+00
      5.633      0.002     9.8989     81.729     34.208  21.932436     6.2465      7.023   235.4502 1.2386e-01     9.6448      5.527      8.017     7.0560 0.0000e+00
      5.629     -0.003     9.9040     81.684     34.199  21.926253     6.2255      7.024   235.2065 1.2381e-01     9.6067      5.520      8.006     7.0559 0.0000e+00
      5.628     -0.018     9.9054     81.633     34.217  21.938173     6.0401      7.025   234.8931 1.2375e-01     9.5556      5.517      8.001     7.0558 0.0000e+00
      5.632     -0.047     9.9099     81.568     34.235  21.949745     5.7114      7.027   234.5876 1.2371e-01     9.5390      5.524      8.013     7.0559 0.0000e+00
      5.631     -0.083     9.9084     81.521     34.219  21.939354     5.5226      7.027   234.5238 1.2378e-01     9.5081      5.528      8.017     7.0559 0.0000e+00
      5.614     -0.113     9.8995     81.524     34.219  21.939344     5.4883      7.026   234.6383 1.2383e-01     9.4214      5.515      8.001     7.0559 0.0000e+00
      5.570     -0.129     9.8966     81.550     34.234  21.949635     5.5139      7.024   234.7672 1.2378e-01     9.4136      5.475      7.941     7.0557 0.0000e+00
      5.503     -0.130     9.8861     81.573     34.214  21.936963     5.5825      7.022   234.8774 1.2377e-01     9.5506      5.395      7.824     7.0557 0.0000e+00
      5.443     -0.116     9.8777     81.606     34.177  21.912953     5.6268      7.021   234.9379 1.2380e-01     9.6766      5.322      7.719     7.0557 0.0000e+00
      5.417     -0.088     9.8807     81.655     34.177  21.912962     5.6240      7.021   234.9824 1.2381e-01     9.6734      5.302      7.690     7.0559 0.0000e+00
      5.417     -0.053     9.8852     81.704     34.215  21.937069     5.6159      7.022   235.0718 1.2381e-01     9.6146      5.310      7.703     7.0559 0.0000e+00
      5.426     -0.020     9.8866     81.735     34.236  21.950790     5.7612      7.022   235.1573 1.2381e-01     9.6142      5.323      7.720     7.0560 0.0000e+00
      5.430      0.001     9.8905     81.752     34.238  21.952047     6.0413      7.023   235.1566 1.2383e-01     9.6346      5.327      7.727     7.0562 0.0000e+00
      5.430      0.007     9.8967     81.746     34.238  21.952264     6.1888      7.025   235.0630 1.2386e-01     9.6221      5.324      7.721     7.0563 0.0000e+00
      5.429      0.007     9.9047     81.726     34.240  21.953418     6.1973      7.026   234.9728 1.2386e-01     9.5996      5.323      7.722     7.0563 0.0000e+00
      5.429      0.005     9.9070     81.732     34.260  21.965996     6.2183      7.026   234.9266 1.2383e-01     9.6018      5.324      7.722     7.0563 0.0000e+00
      5.430      0.005     9.9097     81.729     34.278  21.977525     6.2691      7.026   234.8486 1.2380e-01     9.6486      5.323      7.721     7.0563 0.0000e+00
      5.434      0.006     9.9103     81.677     34.260  21.965996     6.2941      7.027   234.7177 1.2380e-01     9.6528      5.330      7.730     7.0562 0.0000e+00
      5.437      0.006     9.9024     81.618     34.240  21.953423     6.2875      7.029   234.5492 1.2379e-01     9.5844      5.336      7.738     7.0563 0.0000e+00
      5.437      0.005     9.9070     81.565     34.238  21.952322     6.2980      7.030   234.4454 1.2379e-01     9.5046      5.331      7.732     7.0563 0.0000e+00
      5.437      0.003     9.9102     81.498     34.239  21.952686     6.3210      7.030   234.4948 1.2381e-01     9.4406      5.330      7.730     7.0563 0.0000e+00
      5.440      0.003     9.8990     81.460     34.247  21.957822     6.3332      7.030   234.5435 1.2381e-01     9.4588      5.336      7.739     7.0561 0.0000e+00
      5.440      0.004     9.8918     81.475     34.237  21.951008     6.3288      7.030   234.4326 1.2379e-01     9.4849      5.336      7.739     7.0561 0.0000e+00
      5.439      0.006     9.8886     81.519     34.210  21.933715     6.3173      7.031   234.2726 1.2374e-01     9.4147      5.332      7.734     7.0561 0.0000e+00
      5.439      0.007     9.8765     81.590     34.218  21.938955     6.3186      7.032   234.2437 1.2371e-01     9.3964      5.332      7.733     7.0561 0.0000e+00
      5.443      0.009     9.8699     81.675     34.237  21.950960     6.3281      7.032   234.3413 1.2375e-01     9.4342      5.336      7.740     7.0560 0.0000e+00
      5.449      0.011     9.8755     81.722     34.239  21.952041     6.3236      7.032   234.3347 1.2375e-01     9.3938      5.345      7.753     7.0561 0.0000e+00
      5.451      0.012     9.8795     81.743     34.239  21.952026     6.2650      7.033   234.1634 1.2373e-01     9.3519      5.346      7.755     7.0560 0.0000e+00
      5.452      0.010     9.8871     81.761     34.237  21.950788     6.0936      7.033   233.9908 1.2376e-01     9.3374      5.343      7.750     7.0559 0.0000e+00
      5.456      0.005     9.9033     81.768     34.215  21.937068     5.8907      7.033   233.8820 1.2381e-01     9.3546      5.351      7.761     7.0558 0.0000e+00
      5.460     -0.010     9.9061     81.774     34.178  21.912962     5.8020      7.033   233.8805 1.2387e-01     9.4573      5.359      7.772     7.0557 0.0000e+00
      5.460     -0.042     9.9073     81.785     34.178  21.912952     5.7789      7.034   233.9729 1.2391e-01     9.5209      5.354      7.765     7.0559 0.0000e+00
      5.459     -0.087     9.9117     81.800     34.215  21.936954     5.6270      7.035   234.2250 1.2388e-01     9.4405      5.355      7.766     7.0558 0.0000e+00
      5.449     -0.131     9.9101     81.791     34.235  21.949536     5.3638      7.034   234.5198 1.2381e-01     9.3048      5.357      7.769     7.0558 0.0000e+00
      5.407     -0.158     9.9120     81.736     34.217  21.938258     5.2265      7.032   234.6980 1.2375e-01     9.2133      5.320      7.717     7.0558 0.0000e+00
      5.326     -0.164     9.9121     81.650     34.200  21.927413     5.2237      7.029   234.9162 1.2372e-01     9.1537      5.226      7.579     7.0559 0.0000e+00
      5.243     -0.151     9.9158     81.569     34.227  21.945231     5.3719      7.027   235.0934 1.2382e-01     9.1647      5.122      7.428     7.0560 0.0000e+00
      5.199     -0.121     9.9164     81.527     34.256  21.963459     5.6609      7.026   235.2060 1.2390e-01     9.2769      5.083      7.373     7.0559 0.0000e+00
      5.193     -0.078     9.9081     81.519     34.246  21.957582     5.8303      7.026   235.3320 1.2383e-01     9.3833      5.090      7.383     7.0560 0.0000e+00
      5.200     -0.034     9.8969     81.522     34.215  21.937582     5.8642      7.027   235.3253 1.2376e-01     9.4267      5.100      7.396     7.0560 0.0000e+00
      5.207     -0.004     9.8844     81.543     34.175  21.911874     5.9453      7.028   235.2970 1.2373e-01     9.4938      5.107      7.408     7.0562 0.0000e+00
      5.212      0.008     9.8799     81.580     34.157  21.900381     6.0948      7.030   235.3338 1.2375e-01     9.6143      5.112      7.414     7.0563 0.0000e+00
      5.212      0.008     9.8810     81.579     34.196  21.925435     6.1910      7.031   235.1680 1.2382e-01     9.6888      5.114      7.416     7.0565 0.0000e+00
      5.209      0.004     9.8802     81.501     34.252  21.961163     6.2096      7.032   234.7554 1.2382e-01     9.7103      5.107      7.407     7.0567 0.0000e+00
      5.208      0.001     9.8816     81.362     34.238  21.951911     6.2527      7.032   234.2161 1.2375e-01     9.6354      5.105      7.405     7.0566 0.0000e+00
      5.211      0.001     9.8900     81.197     34.220  21.940391     6.3384      7.033   233.5526 1.2372e-01     9.4674      5.113      7.415     7.0567 0.0000e+00
      5.212      0.001     9.8924     81.049     34.233  21.948690     6.3964      7.034   232.8418 1.2379e-01     9.4208      5.113      7.416     7.0567 0.0000e+00
      5.212      0.001     9.8800     80.922     34.197  21.925434     6.4204      7.035   232.0747 1.2384e-01     9.4815      5.109      7.409     7.0568 0.0000e+00
      5.213      0.001     9.8639     80.808     34.177  21.912848     6.4379      7.035   231.2466 1.2381e-01     9.4498      5.111      7.413     7.0568 0.0000e+00
      5.214      0.001     9.8395     80.737     34.193  21.923326     6.5412      7.035   230.4864 1.2381e-01     9.3793      5.115      7.419     7.0566 0.0000e+00
      5.212      0.002     9.8225     80.732     34.196  21.925310     6.7540      7.037   229.8530 1.2383e-01     9.4140      5.111      7.413     7.0567 0.0000e+00
      5.211      0.003     9.8090     80.774     34.214  21.936830     6.8804      7.039   229.2666 1.2382e-01     9.4943      5.108      7.409     7.0567 0.0000e+00
      5.213      0.003     9.7916     80.805     34.212  21.935799     6.8792      7.039   228.7310 1.2378e-01     9.5303      5.113      7.416     7.0566 0.0000e+00
      5.215      0.003     9.7837     80.833     34.177  21.912836     6.7642      7.039   228.4535 1.2374e-01     9.5075      5.115      7.418     7.0568 0.0000e+00
      5.215      0.003     9.7812     80.884     34.177  21.912828     6.5635      7.040   228.3193 1.2374e-01     9.4581      5.112      7.414     7.0567 0.0000e+00
      5.218      0.004     9.7926     80.943     34.213  21.935701     6.4669      7.041   228.1410 1.2375e-01     9.4456      5.118      7.422     7.0565 0.0000e+00
      5.220      0.005     9.7947     81.033     34.213  21.935753     6.4702      7.040   228.0194 1.2375e-01     9.4237      5.121      7.428     7.0565 0.0000e+00
      5.217      0.005     9.7947     81.164     34.178  21.913456     6.5112      7.040   228.0537 1.2379e-01     9.4324      5.115      7.420     7.0564 0.0000e+00
      5.216      0.005     9.8051     81.287     34.188  21.919754     6.5891      7.041   228.2978 1.2382e-01     9.5506      5.113      7.416     7.0563 0.0000e+00
      5.221      0.005     9.8091     81.367     34.233  21.948491     6.6292      7.042   228.5611 1.2377e-01     9.6578      5.120      7.426     7.0563 0.0000e+00
      5.226      0.004     9.8190     81.430     34.225  21.943861     6.6220      7.042   228.6559 1.2375e-01     9.7036      5.126      7.435     7.0562 0.0000e+00
      5.226     -0.002     9.8381     81.472     34.199  21.927186     6.4349      7.043   228.5835 1.2382e-01     9.7292      5.126      7.434     7.0562 0.0000e+00
      5.226     -0.022     9.8559     81.482     34.214  21.937103     6.0649      7.044   228.1162 1.2382e-01     9.7281      5.124      7.431     7.0563 0.0000e+00
      5.226     -0.055     9.8620     81.496     34.214  21.936957     5.8605      7.044   227.1354 1.2377e-01     9.7577      5.126      7.434     7.0564 0.0000e+00
      5.223     -0.088     9.8701     81.518     34.196  21.925425     5.8446      7.041   226.0178 1.2379e-01     9.8485      5.127      7.435     7.0562 0.0000e+00
      5.203     -0.109     9.8785     81.545     34.195  21.924480     5.7401      7.038   225.0130 1.2382e-01     9.8350      5.116      7.420     7.0563 0.0000e+00
      5.150     -0.114     9.8742     81.610     34.197  21.925538     5.5452      7.035   224.1065 1.2381e-01     9.6975      5.061      7.339     7.0564 0.0000e+00
      5.082     -0.108     9.8778     81.694     34.216  21.938211     5.4437      7.033   223.3180 1.2382e-01     9.6210      4.969      7.207     7.0565 0.0000e+00
      5.042     -0.090     9.8814     81.753     34.236  21.950892     5.4376      7.032   222.6205 1.2384e-01     9.6261      4.928      7.147     7.0564 0.0000e+00
      5.038     -0.061     9.8811     81.785     34.238  21.952044     5.4550      7.032   221.9537 1.2380e-01     9.6231      4.939      7.163     7.0564 0.0000e+00
