Data/DataNotYetUploadedToEDI/Raw_CTD/RawDownloads/120423_fcr50_S7809002.cnv
* Sea-Bird SBE19plus  Data File:
* FileName = C:\R\Reservoirs\Data\DataNotYetUploadedToEDI\Raw_CTD\RawDownloads\120423_bvr50_S7809_0002.hex
* Software version 2.8.0.119
* Temperature SN = 7809
* Conductivity SN = 7809
* System UpLoad Time = Dec 07 2023 11:12:23
* <ApplicationData>
* <Seaterm232>
# nquan = 15
# nvalues = 3172                        
# units = specified
# name 0 = depFM: Depth [fresh water, m]
# name 1 = dz/dtM: Descent Rate [m/s]
# name 2 = sbeox0Mg/L: Oxygen, SBE 43 [mg/l]
# name 3 = sbeox0PS: Oxygen, SBE 43 [% saturation]
# name 4 = specc: Specific Conductance [uS/cm]
# name 5 = c0uS/cm: Conductivity [uS/cm]
# name 6 = flECO-AFL: Fluorescence, WET Labs ECO-AFL/FL [mg/m^3]
# name 7 = ph: pH
# name 8 = orp: Oxidation Reduction Potential [mV]
# name 9 = par/sat/log: PAR/Logarithmic, Satlantic
# name 10 = turbWETntu0: Turbidity, WET Labs ECO [NTU]
# name 11 = prdM: Pressure, Strain Gauge [db]
# name 12 = prdE: Pressure, Strain Gauge [psi]
# name 13 = tv290C: Temperature [ITS-90, deg C]
# name 14 = flag:  0.000e+00
# span 0 =     -0.732,      9.631       
# span 1 =     -0.332,      0.230       
# span 2 =     5.5557,    12.1714       
# span 3 =     45.920,    104.185       
# span 4 =      0.477,    436.664       
# span 5 =   0.346365, 280.527505       
# span 6 =    -1.2779,   227.5565       
# span 7 =     -2.516,      7.094       
# span 8 = -1240.7455,  1047.0438       
# span 9 = 1.2360e-01, 1.3015e+03       
# span 10 =    -9.4355,   108.7135      
# span 11 =     -0.719,      9.445      
# span 12 =     -1.042,     13.699      
# span 13 =     6.7731,    11.2781      
# span 14 = 0.0000e+00, 0.0000e+00      
# interval = seconds: 0.25
# start_time = Dec 04 2023 13:56:20 [Instrument's time stamp, header]
# bad_flag = -9.990e-29
*END*
[from data line 2217]
      6.947      0.007     9.9282     81.352     44.831  28.556219    14.1588      7.020   282.8630 1.2377e-01     6.2996      6.812      9.879     6.8606 0.0000e+00
      6.950      0.010     9.9859     80.868     44.828  28.552107    14.3209      7.022   282.5886 1.2381e-01     6.3821      6.817      9.886     6.8561 0.0000e+00
      6.953      0.012     9.9975     80.387     44.832  28.552526    14.5876      7.022   281.8493 1.2382e-01     6.4112      6.820      9.891     6.8526 0.0000e+00
      6.956      0.013     9.9684     79.936     44.849  28.561289    14.7121      7.022   280.8063 1.2379e-01     6.3777      6.821      9.892     6.8495 0.0000e+00
      6.960      0.014     9.9149     79.530     44.804  28.531203    14.7353      7.022   280.4749 1.2377e-01     6.3530      6.824      9.898     6.8468 0.0000e+00
      6.965      0.015     9.8522     79.190     44.767  28.505898    14.8430      7.023   281.3700 1.2381e-01     6.4200      6.831      9.908     6.8444 0.0000e+00
      6.968      0.017     9.7941     78.925     44.773  28.509052    14.9986      7.023   282.8533 1.2384e-01     6.5385      6.835      9.913     6.8421 0.0000e+00
      6.971      0.019     9.7391     78.728     44.770  28.505898    15.0689      7.023   283.4392 1.2383e-01     6.5570      6.835      9.914     6.8401 0.0000e+00
      6.976      0.020     9.6889     78.561     44.810  28.531199    15.0692      7.024   283.2047 1.2377e-01     6.5408      6.840      9.920     6.8381 0.0000e+00
      6.983      0.019     9.6478     78.392     44.859  28.561239    15.1265      7.025   282.7727 1.2372e-01     6.5468      6.847      9.930     6.8366 0.0000e+00
      6.991      0.017     9.6150     78.233     44.845  28.551956    15.2377      7.026   282.1729 1.2376e-01     6.4594      6.856      9.944     6.8353 0.0000e+00
      6.997      0.014     9.5944     78.125     44.835  28.545816    15.2897      7.026   282.0618 1.2383e-01     6.3729      6.862      9.955     6.8342 0.0000e+00
      6.998      0.011     9.5748     78.044     44.843  28.550439    15.2892      7.026   282.5469 1.2388e-01     6.3541      6.863      9.955     6.8335 0.0000e+00
      6.998      0.009     9.5553     77.952     44.835  28.544414    15.2647      7.026   282.9622 1.2386e-01     6.3693      6.861      9.952     6.8330 0.0000e+00
      6.999      0.009     9.5314     77.860     44.824  28.536399    15.2182      7.027   283.0392 1.2379e-01     6.4193      6.863      9.956     6.8328 0.0000e+00
      7.000      0.010     9.5203     77.743     44.794  28.516959    15.1929      7.027   282.9615 1.2375e-01     6.3781      6.864      9.956     6.8328 0.0000e+00
      7.003      0.011     9.5146     77.606     44.767  28.499660    15.1840      7.028   282.9696 1.2377e-01     6.2820      6.866      9.957     6.8323 0.0000e+00
      7.009      0.012     9.4991     77.482     44.796  28.517526    15.1857      7.028   283.0507 1.2378e-01     6.2823      6.874      9.970     6.8312 0.0000e+00
      7.015      0.012     9.4924     77.372     44.836  28.542688    15.1971      7.028   282.6512 1.2378e-01     6.3477      6.882      9.981     6.8301 0.0000e+00
      7.017      0.011     9.4775     77.252     44.847  28.550168    15.1964      7.028   281.9248 1.2378e-01     6.3885      6.881      9.980     6.8294 0.0000e+00
      7.018      0.008     9.4584     77.098     44.838  28.544544    15.1858      7.029   281.6673 1.2380e-01     6.3657      6.880      9.979     6.8290 0.0000e+00
      7.019      0.006     9.4437     76.936     44.827  28.538116    15.1931      7.030   281.6893 1.2382e-01     6.3116      6.884      9.985     6.8287 0.0000e+00
      7.020      0.005     9.4314     76.806     44.823  28.535882    15.3099      7.030   281.9332 1.2383e-01     6.3148      6.885      9.987     6.8285 0.0000e+00
      7.021      0.006     9.4188     76.718     44.793  28.517530    15.5166      7.030   282.3795 1.2386e-01     6.3700      6.884      9.985     6.8286 0.0000e+00
      7.022      0.008     9.3982     76.673     44.775  28.506516    15.6278      7.031   282.0951 1.2387e-01     6.3982      6.887      9.988     6.8291 0.0000e+00
      7.024      0.009     9.3756     76.685     44.810  28.529566    15.6308      7.032   281.2478 1.2381e-01     6.3828      6.889      9.991     6.8297 0.0000e+00
      7.026      0.011     9.3599     76.731     44.829  28.542516    15.5779      7.031   280.9100 1.2379e-01     6.4223      6.890      9.992     6.8303 0.0000e+00
      7.030      0.011     9.3496     76.756     44.817  28.536226    15.4883      7.031   281.0224 1.2387e-01     6.5697      6.894      9.998     6.8311 0.0000e+00
      7.035      0.011     9.3420     76.696     44.784  28.516942    15.4539      7.032   281.3160 1.2392e-01     6.6617      6.900     10.007     6.8319 0.0000e+00
      7.039      0.010     9.3445     76.494     44.755  28.499657    15.4621      7.032   281.7066 1.2389e-01     6.6118      6.904     10.013     6.8324 0.0000e+00
      7.040      0.007     9.3531     76.143     44.781  28.517525    15.4211      7.033   281.8743 1.2389e-01     6.5136      6.904     10.014     6.8334 0.0000e+00
      7.041      0.005     9.3579     75.682     44.818  28.542687    15.3410      7.033   281.7093 1.2387e-01     6.4302      6.904     10.013     6.8349 0.0000e+00
      7.042      0.003     9.3536     75.150     44.828  28.550167    15.3004      7.033   281.4310 1.2377e-01     6.3897      6.906     10.015     6.8364 0.0000e+00
      7.042      0.003     9.3290     74.603     44.817  28.544542    15.3048      7.033   281.3487 1.2375e-01     6.3989      6.906     10.016     6.8379 0.0000e+00
      7.042      0.004     9.2829     74.068     44.805  28.538105    15.3023      7.033   281.4890 1.2375e-01     6.3710      6.905     10.015     6.8392 0.0000e+00
      7.043      0.004     9.2260     73.544     44.800  28.535766    15.2706      7.033   281.6647 1.2369e-01     6.2570      6.908     10.017     6.8407 0.0000e+00
      7.046      0.004     9.1574     73.076     44.769  28.516271    15.2461      7.033   281.7522 1.2362e-01     6.1820      6.910     10.021     6.8425 0.0000e+00
      7.048      0.004     9.0885     72.721     44.731  28.492677    15.2556      7.033   281.9445 1.2364e-01     6.2168      6.911     10.024     6.8441 0.0000e+00
      7.048      0.004     9.0255     72.507     44.748  28.504209    15.2776      7.033   282.1832 1.2372e-01     6.2671      6.912     10.025     6.8453 0.0000e+00
      7.048      0.003     8.9581     72.436     44.786  28.528847    15.3961      7.034   282.2288 1.2369e-01     6.2781      6.911     10.024     6.8461 0.0000e+00
      7.048      0.002     8.8983     72.521     44.798  28.536853    15.6057      7.034   282.2386 1.2366e-01     6.3155      6.911     10.023     6.8465 0.0000e+00
      7.049      0.002     8.8541     72.815     44.799  28.537585    15.7224      7.034   282.2155 1.2371e-01     6.3771      6.912     10.025     6.8471 0.0000e+00
      7.050      0.003     8.8271     73.272     44.799  28.537704    15.7429      7.033   282.2069 1.2376e-01     6.3738      6.914     10.027     6.8478 0.0000e+00
      7.052      0.003     8.8202     73.775     44.801  28.538282    15.7111      7.033   282.3928 1.2376e-01     6.3103      6.915     10.030     6.8485 0.0000e+00
      7.052      0.003     8.8248     74.271     44.812  28.544573    15.6376      7.034   282.4842 1.2372e-01     6.2582      6.915     10.030     6.8489 0.0000e+00
      7.052      0.003     8.8625     74.680     44.822  28.550341    15.6035      7.036   282.3652 1.2370e-01     6.2906      6.915     10.029     6.8491 0.0000e+00
      7.053      0.003     8.9276     74.930     44.814  28.544583    15.6149      7.037   282.3317 1.2374e-01     6.3600      6.916     10.031     6.8488 0.0000e+00
      7.054      0.004     8.9871     75.044     44.804  28.538392    15.6419      7.037   282.4230 1.2381e-01     6.3456      6.917     10.033     6.8482 0.0000e+00
      7.055      0.005     9.0520     75.023     44.805  28.538912    15.6636      7.037   282.5229 1.2384e-01     6.2879      6.918     10.034     6.8474 0.0000e+00
      7.056      0.005     9.1084     74.861     44.824  28.550869    15.6694      7.037   282.6784 1.2379e-01     6.3109      6.920     10.036     6.8468 0.0000e+00
      7.057      0.005     9.1335     74.653     44.832  28.556107    15.6789      7.037   282.5833 1.2375e-01     6.3850      6.921     10.038     6.8466 0.0000e+00
      7.059      0.005     9.1486     74.483     44.805  28.538808    15.7457      7.037   282.0603 1.2380e-01     6.3979      6.923     10.040     6.8465 0.0000e+00
      7.061      0.006     9.1489     74.340     44.794  28.531993    15.8524      7.038   281.6896 1.2386e-01     6.3641      6.924     10.043     6.8465 0.0000e+00
      7.063      0.009     9.1225     74.215     44.802  28.537139    15.8951      7.039   281.7150 1.2388e-01     6.3189      6.926     10.045     6.8462 0.0000e+00
      7.063      0.012     9.0925     74.150     44.804  28.537602    15.9039      7.040   281.9372 1.2387e-01     6.2951      6.927     10.046     6.8460 0.0000e+00
      7.064      0.015     9.0738     74.153     44.806  28.537592    15.9588      7.040   282.1395 1.2382e-01     6.3149      6.927     10.047     6.8460 0.0000e+00
      7.069      0.017     9.0587     74.228     44.807  28.537024    16.3595      7.040   282.1824 1.2372e-01     6.3535      6.930     10.051     6.8461 0.0000e+00
      7.078      0.017     9.0378     74.346     44.798  28.530734    17.0866      7.040   281.9387 1.2367e-01     6.4210      6.941     10.067     6.8461 0.0000e+00
      7.085      0.016     9.0327     74.435     44.790  28.524968    17.4925      7.040   281.4302 1.2368e-01     6.4805      6.951     10.081     6.8454 0.0000e+00
      7.089      0.014     9.0315     74.485     44.799  28.530735    17.5215      7.040   281.1110 1.2369e-01     6.5273      6.952     10.083     6.8442 0.0000e+00
      7.090      0.011     9.0414     74.519     44.808  28.537029    17.2798      7.040   281.1764 1.2374e-01     6.5773      6.952     10.084     6.8431 0.0000e+00
      7.091      0.007     9.0624     74.547     44.807  28.537639    16.8079      7.040   281.3604 1.2380e-01     6.5722      6.955     10.087     6.8420 0.0000e+00
      7.093      0.004     9.0713     74.573     44.806  28.538106    16.5349      7.040   281.4427 1.2380e-01     6.5337      6.956     10.089     6.8409 0.0000e+00
      7.093      0.004     9.0776     74.616     44.813  28.542686    16.4772      7.040   281.6561 1.2377e-01     6.5227      6.955     10.088     6.8407 0.0000e+00
      7.094      0.004     9.0798     74.686     44.793  28.529581    16.3260      7.041   281.9616 1.2378e-01     6.5072      6.956     10.090     6.8419 0.0000e+00
      7.095      0.006     9.0844     74.768     44.757  28.506516    16.0804      7.042   281.9532 1.2380e-01     6.4484      6.958     10.092     6.8435 0.0000e+00
      7.095      0.010     9.0852     74.866     44.774  28.517526    15.9462      7.042   281.6406 1.2385e-01     6.3927      6.958     10.092     6.8446 0.0000e+00
      7.096      0.014     9.0897     74.976     44.801  28.535840    15.9347      7.042   281.1924 1.2394e-01     6.3456      6.959     10.093     6.8451 0.0000e+00
      7.100      0.017     9.1003     75.064     44.803  28.537660    16.0248      7.042   280.9227 1.2395e-01     6.3229      6.961     10.097     6.8446 0.0000e+00
      7.107      0.019     9.1094     75.118     44.804  28.539536    16.1866      7.042   280.8745 1.2386e-01     6.3577      6.969     10.108     6.8438 0.0000e+00
      7.116      0.022     9.1213     75.169     44.833  28.558525    16.2678      7.041   281.4699 1.2381e-01     6.3572      6.979     10.123     6.8441 0.0000e+00
      7.123      0.025     9.1363     75.210     44.862  28.576968    16.2661      7.041   282.4426 1.2386e-01     6.3163      6.986     10.133     6.8454 0.0000e+00
      7.126      0.030     9.1485     75.215     44.854  28.572236    16.1903      7.042   282.5687 1.2391e-01     6.3754      6.989     10.136     6.8467 0.0000e+00
      7.130      0.036     9.1510     75.200     44.843  28.564746    16.0674      7.043   282.3069 1.2389e-01     6.5591      6.991     10.138     6.8474 0.0000e+00
      7.137      0.043     9.1584     75.190     44.820  28.549834    16.0044      7.043   281.9448 1.2386e-01     6.6581      6.998     10.149     6.8479 0.0000e+00
      7.151      0.048     9.1655     75.209     44.772  28.518799    15.9863      7.043   281.2878 1.2381e-01     6.6165      7.011     10.168     6.8486 0.0000e+00
      7.169      0.048     9.1640     75.257     44.754  28.506642    15.9732      7.042   281.7618 1.2374e-01     6.5683      7.030     10.197     6.8487 0.0000e+00
      7.189      0.044     9.1623     75.319     44.791  28.529706    15.9957      7.042   283.3738 1.2372e-01     6.5880      7.052     10.229     6.8481 0.0000e+00
      7.202      0.036     9.1590     75.374     44.814  28.543945    16.0505      7.042   284.1736 1.2377e-01     6.7187      7.068     10.251     6.8475 0.0000e+00
      7.207      0.026     9.1621     75.390     44.828  28.551950    16.0855      7.042   284.0330 1.2383e-01     6.8156      7.069     10.253     6.8472 0.0000e+00
      7.207      0.018     9.1685     75.370     44.846  28.563061    16.0695      7.041   283.5667 1.2384e-01     6.7694      7.066     10.248     6.8469 0.0000e+00
      7.208      0.018     9.1766     75.320     44.829  28.551423    15.8411      7.040   283.0097 1.2379e-01     6.6380      7.068     10.252     6.8463 0.0000e+00
      7.208      0.033     9.1863     75.243     44.810  28.538097    15.4376      7.036   281.9440 1.2375e-01     6.4918      7.070     10.254     6.8454 0.0000e+00
      7.210      0.060     9.1872     75.185     44.797  28.528791    15.2199      7.029   280.7482 1.2377e-01     6.4358      7.069     10.252     6.8446 0.0000e+00
      7.219      0.089     9.1844     75.174     44.757  28.502332    15.1318      7.022   280.8552 1.2384e-01     6.4385      7.072     10.259     6.8439 0.0000e+00
      7.244      0.110     9.1799     75.224     44.711  28.471904    14.3964      7.018   281.2590 1.2389e-01     6.4905      7.094     10.290     6.8432 0.0000e+00
      7.293      0.120     9.1669     75.360     44.721  28.478032    13.0691      7.017   281.1560 1.2387e-01     6.6888      7.146     10.365     6.8422 0.0000e+00
      7.351      0.116     9.1595     75.545     44.777  28.512992    12.3508      7.015   280.8146 1.2380e-01     6.8551      7.215     10.465     6.8408 0.0000e+00
      7.391      0.099     9.1591     75.694     44.782  28.514032    12.2378      7.011   280.0563 1.2374e-01     6.8272      7.261     10.530     6.8395 0.0000e+00
      7.406      0.073     9.1622     75.795     44.749  28.490602    11.7191      7.010   279.5593 1.2374e-01     6.5907      7.266     10.537     6.8389 0.0000e+00
      7.407      0.043     9.1802     75.888     44.742  28.483420    10.7987      7.012   279.6232 1.2377e-01     6.2156      7.263     10.533     6.8389 0.0000e+00
      7.407      0.018     9.2094     75.974     44.759  28.490619    10.3150      7.014   279.5382 1.2375e-01     6.0159      7.265     10.537     6.8380 0.0000e+00
      7.405      0.005     9.2277     76.022     44.801  28.514210    10.3394      7.014   279.3062 1.2377e-01     6.0547      7.262     10.533     6.8355 0.0000e+00
      7.404      0.003     9.2369     76.038     44.808  28.514944    10.9193      7.014   279.0549 1.2382e-01     6.1726      7.259     10.528     6.8326 0.0000e+00
      7.406      0.006     9.2512     76.120     44.788  28.499479    11.9748      7.014   278.7366 1.2377e-01     6.2796      7.263     10.533     6.8292 0.0000e+00
      7.408      0.012     9.2615     76.196     44.821  28.517512    12.5556      7.013   278.8135 1.2377e-01     6.3244      7.266     10.539     6.8253 0.0000e+00
