Data/DataNotYetUploadedToEDI/Raw_CTD/RawDownloads/120423_fcr50_S7809002.cnv
* Sea-Bird SBE19plus  Data File:
* FileName = C:\R\Reservoirs\Data\DataNotYetUploadedToEDI\Raw_CTD\RawDownloads\120423_bvr50_S7809_0002.hex
* Software version 2.8.0.119
* Temperature SN = 7809
* Conductivity SN = 7809
* System UpLoad Time = Dec 07 2023 11:12:23
* <ApplicationData>
* <Seaterm232>
# nquan = 15
# nvalues = 3172                        
# units = specified
# name 0 = depFM: Depth [fresh water, m]
# name 1 = dz/dtM: Descent Rate [m/s]
# name 2 = sbeox0Mg/L: Oxygen, SBE 43 [mg/l]
# name 3 = sbeox0PS: Oxygen, SBE 43 [% saturation]
# name 4 = specc: Specific Conductance [uS/cm]
# name 5 = c0uS/cm: Conductivity [uS/cm]
# name 6 = flECO-AFL: Fluorescence, WET Labs ECO-AFL/FL [mg/m^3]
# name 7 = ph: pH
# name 8 = orp: Oxidation Reduction Potential [mV]
# name 9 = par/sat/log: PAR/Logarithmic, Satlantic
# name 10 = turbWETntu0: Turbidity, WET Labs ECO [NTU]
# name 11 = prdM: Pressure, Strain Gauge [db]
# name 12 = prdE: Pressure, Strain Gauge [psi]
# name 13 = tv290C: Temperature [ITS-90, deg C]
# name 14 = flag:  0.000e+00
# span 0 =     -0.732,      9.631       
# span 1 =     -0.332,      0.230       
# span 2 =     5.5557,    12.1714       
# span 3 =     45.920,    104.185       
# span 4 =      0.477,    436.664       
# span 5 =   0.346365, 280.527505       
# span 6 =    -1.2779,   227.5565       
# span 7 =     -2.516,      7.094       
# span 8 = -1240.7455,  1047.0438       
# span 9 = 1.2360e-01, 1.3015e+03       
# span 10 =    -9.4355,   108.7135      
# span 11 =     -0.719,      9.445      
# span 12 =     -1.042,     13.699      
# span 13 =     6.7731,    11.2781      
# span 14 = 0.0000e+00, 0.0000e+00      
# interval = seconds: 0.25
# start_time = Dec 04 2023 13:56:20 [Instrument's time stamp, header]
# bad_flag = -9.990e-29
*END*
[from data line 1061]
      1.027      0.003     7.3332     62.437     44.129  29.528260    10.3858      6.869   257.0611 3.7270e+01     6.1174      1.008      1.461     8.4553 0.0000e+00
      1.028      0.002     7.3276     62.343     44.148  29.540852    10.3538      6.869   257.2044 3.7537e+01     6.0435      1.009      1.463     8.4552 0.0000e+00
      1.028      0.002     7.3216     62.253     44.148  29.540862    10.2924      6.869   257.6487 3.7852e+01     5.9126      1.009      1.463     8.4551 0.0000e+00
      1.028      0.001     7.3197     62.186     44.129  29.528385    10.2674      6.870   258.1317 3.8136e+01     5.8668      1.009      1.463     8.4549 0.0000e+00
      1.028      0.000     7.3150     62.136     44.112  29.516851    10.2772      6.870   257.9681 3.8359e+01     5.9000      1.008      1.462     8.4547 0.0000e+00
      1.029 2.0369e-08     7.2998     62.084     44.129  29.528271    10.2517      6.870   257.7352 3.8589e+01     5.8703      1.009      1.463     8.4547 0.0000e+00
      1.029 2.2406e-07     7.2899     62.019     44.146  29.539604    10.1843      6.870   257.7252 3.8881e+01     5.8144      1.009      1.463     8.4547 0.0000e+00
      1.029 2.2747e-07     7.2817     61.978     44.126  29.527012    10.1526      6.871   257.5881 3.9192e+01     5.8398      1.009      1.463     8.4547 0.0000e+00
      1.029 6.1682e-08     7.2768     61.982     44.090  29.502887    10.1680      6.872   257.4540 3.9487e+01     5.9035      1.009      1.463     8.4549 0.0000e+00
      1.028 4.5664e-07     7.2724     61.960     44.089  29.501639    10.1626      6.872   257.9107 3.9809e+01     5.9365      1.008      1.462     8.4549 0.0000e+00
      1.028      0.000     7.2621     61.860     44.104  29.511927    10.1294      6.872   258.8087 4.0127e+01     5.9305      1.009      1.463     8.4550 0.0000e+00
      1.028      0.000     7.2550     61.750     44.087  29.500402    10.0994      6.872   259.1910 4.0426e+01     5.8650      1.010      1.464     8.4552 0.0000e+00
      1.028      0.001     7.2594     61.663     44.070  29.489171    10.0912      6.872   259.0919 4.0862e+01     5.8275      1.009      1.463     8.4554 0.0000e+00
      1.029      0.002     7.2625     61.598     44.091  29.503001    10.1043      6.873   258.5571 4.1502e+01     5.8188      1.009      1.463     8.4553 0.0000e+00
      1.029      0.003     7.2426     61.557     44.148  29.540748    10.1420      6.875   257.8016 4.2197e+01     5.7937      1.009      1.464     8.4553 0.0000e+00
      1.029      0.006     7.2309     61.529     44.184  29.564968    10.2056      6.875   258.3022 4.2844e+01     5.8652      1.010      1.465     8.4553 0.0000e+00
      1.030      0.008     7.2210     61.517     44.150  29.542109    10.2491      6.873   259.7922 4.3451e+01     5.9662      1.011      1.466     8.4551 0.0000e+00
      1.032      0.008     7.2118     61.518     44.115  29.518099    10.2602      6.873   260.4150 4.3967e+01     6.0247      1.011      1.466     8.4551 0.0000e+00
      1.037      0.008     7.2098     61.537     44.131  29.528394    10.2738      6.873   260.3259 4.4465e+01     6.0938      1.018      1.476     8.4548 0.0000e+00
      1.041      0.008     7.2042     61.568     44.150  29.539717    10.2886      6.873   259.8335 4.5170e+01     6.0843      1.023      1.483     8.4546 0.0000e+00
      1.042      0.009     7.2046     61.608     44.135  29.528142    10.2810      6.872   258.9350 4.5980e+01     6.0123      1.022      1.482     8.4545 0.0000e+00
      1.042      0.011     7.2032     61.662     44.118  29.515298    10.2648      6.868   259.1855 4.6732e+01     6.0093      1.022      1.483     8.4541 0.0000e+00
      1.043      0.015     7.2069     61.744     44.114  29.511286    10.2585      6.863   260.6247 4.7461e+01     6.0138      1.023      1.483     8.4534 0.0000e+00
      1.045      0.018     7.2101     61.872     44.069  29.479632    10.2469      6.859   261.5387 4.7914e+01     5.9648      1.022      1.482     8.4518 0.0000e+00
      1.052      0.020     7.2158     62.071     44.025  29.449741    10.2330      6.855   261.6324 4.7873e+01     5.8950      1.028      1.492     8.4501 0.0000e+00
      1.064      0.020     7.2211     62.359     44.052  29.467031    10.2319      6.854   261.2409 4.7704e+01     5.8189      1.046      1.518     8.4486 0.0000e+00
      1.072      0.018     7.2306     62.726     44.102  29.498391    10.2920      6.854   260.5911 4.7763e+01     5.7615      1.054      1.529     8.4461 0.0000e+00
      1.074      0.015     7.2454     63.209     44.125  29.511743    10.4016      6.855   260.2283 4.7925e+01     5.6796      1.053      1.528     8.4445 0.0000e+00
      1.075      0.010     7.2658     63.855     44.114  29.501613    10.4589      6.858   260.4678 4.8086e+01     5.6140      1.055      1.530     8.4450 0.0000e+00
      1.076      0.007     7.3033     64.672     44.119  29.502772    10.4601      6.859   261.0778 4.8431e+01     5.6178      1.055      1.530     8.4445 0.0000e+00
      1.076      0.006     7.3435     65.636     44.157  29.525745    10.4664      6.860   261.4958 4.8893e+01     5.6226      1.055      1.530     8.4417 0.0000e+00
      1.077      0.007     7.3983     66.705     44.160  29.525641    10.4930      6.860   261.6493 4.9246e+01     5.6376      1.055      1.530     8.4385 0.0000e+00
      1.079      0.007     7.4745     67.818     44.127  29.501517    10.5074      6.859   261.6431 4.9627e+01     5.6296      1.058      1.533     8.4363 0.0000e+00
      1.083      0.007     7.5717     68.891     44.109  29.487792    10.4986      6.859   261.5072 5.0182e+01     5.5939      1.064      1.542     8.4339 0.0000e+00
      1.086      0.007     7.6867     69.870     44.109  29.486553    10.4870      6.860   261.1252 5.0857e+01     5.5810      1.066      1.546     8.4312 0.0000e+00
      1.087      0.007     7.8145     70.708     44.109  29.486542    10.4425      6.861   260.7242 5.1584e+01     5.6100      1.065      1.545     8.4282 0.0000e+00
      1.087      0.007     7.9503     71.328     44.109  29.487661    10.3675      6.862   260.8733 5.2200e+01     5.7062      1.066      1.546     8.4252 0.0000e+00
      1.087      0.008     8.0785     71.716     44.128  29.500086    10.3295      6.864   261.1218 5.2642e+01     5.7187      1.066      1.547     8.4233 0.0000e+00
      1.088      0.011     8.1933     71.910     44.144  29.509904    10.3316      6.866   261.2331 5.2947e+01     5.6250      1.066      1.547     8.4226 0.0000e+00
      1.091      0.013     8.2975     71.936     44.101  29.479499    10.4190      6.868   261.4452 5.2953e+01     5.7342      1.068      1.549     8.4233 0.0000e+00
      1.097      0.013     8.3696     71.830     44.060  29.449619    10.5872      6.868   261.0189 5.2869e+01     6.0144      1.074      1.559     8.4239 0.0000e+00
      1.103      0.012     8.4122     71.630     44.086  29.465784    10.6927      6.869   260.0361 5.3127e+01     6.1440      1.084      1.572     8.4238 0.0000e+00
      1.107      0.011     8.4355     71.369     44.115  29.484657    10.7118      6.870   259.8014 5.3647e+01     6.1054      1.087      1.577     8.4225 0.0000e+00
      1.108      0.008     8.4365     71.076     44.120  29.487517    10.6937      6.870   260.1607 5.4345e+01     5.9238      1.086      1.575     8.4203 0.0000e+00
      1.108      0.004     8.4240     70.780     44.140  29.500358    10.6815      6.871   260.6800 5.5211e+01     5.7244      1.087      1.576     8.4180 0.0000e+00
      1.108      0.002     8.3983     70.466     44.159  29.513048    10.6972      6.871   261.4345 5.6072e+01     5.6759      1.087      1.577     8.4161 0.0000e+00
      1.108      0.001     8.3681     70.126     44.160  29.514084    10.7005      6.871   261.7981 5.6853e+01     5.6440      1.087      1.576     8.4150 0.0000e+00
      1.109      0.000     8.3309     69.793     44.159  29.512880    10.6306      6.871   260.8600 5.7448e+01     5.5783      1.087      1.577     8.4147 0.0000e+00
      1.109      0.000     8.2979     69.488     44.137  29.498497    10.5097      6.872   259.1260 5.7608e+01     5.5298      1.088      1.578     8.4149 0.0000e+00
      1.109      0.002     8.2625     69.193     44.090  29.467042    10.4453      6.874   258.2994 5.7493e+01     5.5362      1.088      1.578     8.4149 0.0000e+00
      1.109      0.007     8.2197     68.894     44.065  29.449723    10.4433      6.875   258.3505 5.7601e+01     5.6221      1.087      1.576     8.4147 0.0000e+00
      1.109      0.016     8.1804     68.619     44.110  29.479397    10.4516      6.875   258.8837 5.8028e+01     5.7138      1.087      1.577     8.4145 0.0000e+00
      1.111      0.026     8.1448     68.392     44.153  29.508658    10.4716      6.871   259.7557 5.8224e+01     5.7918      1.088      1.578     8.4145 0.0000e+00
      1.117      0.033     8.1126     68.210     44.117  29.486362    10.4934      6.866   259.4293 5.7302e+01     5.8476      1.091      1.583     8.4146 0.0000e+00
      1.132      0.036     8.0749     68.080     44.078  29.463547    10.4983      6.863   257.8618 5.5408e+01     5.8763      1.107      1.606     8.4145 0.0000e+00
      1.151      0.036     8.0415     68.016     44.109  29.486532    10.4968      6.861   257.0656 5.4068e+01     5.8648      1.133      1.642     8.4145 0.0000e+00
      1.163      0.031     8.0160     68.021     44.145  29.510554    10.4841      6.861   257.2019 5.3919e+01     5.8108      1.144      1.660     8.4138 0.0000e+00
      1.168      0.024     7.9940     68.088     44.130  29.500260    10.4612      6.861   257.6164 5.4193e+01     5.8048      1.145      1.661     8.4155 0.0000e+00
      1.168      0.014     7.9766     68.198     44.112  29.488925    10.4534      6.862   258.2050 5.4431e+01     5.8596      1.145      1.661     8.4209 0.0000e+00
      1.168      0.007     7.9686     68.335     44.127  29.500371    10.4640      6.864   258.2109 5.4573e+01     5.8931      1.146      1.662     8.4238 0.0000e+00
      1.168      0.004     7.9694     68.510     44.143  29.511800    10.4819      6.866   257.5150 5.4546e+01     5.8000      1.145      1.661     8.4235 0.0000e+00
      1.169      0.004     7.9785     68.738     44.125  29.500242    10.4940      6.868   256.8458 5.4426e+01     5.6228      1.146      1.662     8.4217 0.0000e+00
      1.170      0.008     7.9928     68.999     44.106  29.487490    10.5026      6.870   256.6590 5.4347e+01     5.5948      1.147      1.664     8.4218 0.0000e+00
      1.172      0.013     8.0070     69.275     44.102  29.484484    10.5194      6.870   256.8059 5.4374e+01     5.7008      1.149      1.666     8.4251 0.0000e+00
      1.173      0.017     8.0262     69.539     44.075  29.463895    10.5396      6.869   256.9868 5.4357e+01     5.7763      1.150      1.668     8.4262 0.0000e+00
      1.178      0.020     8.0545     69.739     44.030  29.428843    10.5549      6.869   257.1247 5.3790e+01     5.8253      1.152      1.671     8.4262 0.0000e+00
      1.187      0.020     8.0856     69.855     44.053  29.441253    10.5551      6.870   257.5271 5.2807e+01     5.8146      1.163      1.687     8.4263 0.0000e+00
      1.198      0.019     8.1183     69.885     44.123  29.487087    10.5497      6.870   257.9808 5.2206e+01     5.7833      1.177      1.707     8.4262 0.0000e+00
      1.203      0.017     8.1535     69.831     44.105  29.475554    10.5899      6.870   257.7922 5.2040e+01     5.7543      1.181      1.713     8.4234 0.0000e+00
      1.204      0.012     8.1780     69.693     44.034  29.428670    10.6579      6.871   257.4827 5.2009e+01     5.6701      1.180      1.712     8.4168 0.0000e+00
      1.205      0.007     8.1928     69.483     44.032  29.427681    10.6804      6.873   257.3363 5.1988e+01     5.6195      1.181      1.713     8.4130 0.0000e+00
      1.205      0.004     8.1958     69.221     44.086  29.463593    10.6789      6.874   256.9697 5.1931e+01     5.6543      1.181      1.713     8.4127 0.0000e+00
      1.205      0.004     8.1898     68.923     44.115  29.482288    10.6990      6.875   257.4372 5.1811e+01     5.7143      1.182      1.714     8.4134 0.0000e+00
      1.206      0.006     8.1729     68.596     44.089  29.463414    10.7153      6.875   258.7729 5.1630e+01     5.7304      1.182      1.715     8.4145 0.0000e+00
      1.206      0.009     8.1471     68.256     44.034  29.425695    10.7004      6.876   259.1819 5.1404e+01     5.6784      1.182      1.715     8.4146 0.0000e+00
      1.208      0.014     8.1163     67.939     44.008  29.406828    10.6779      6.877   258.8548 5.0909e+01     5.5984      1.183      1.715     8.4141 0.0000e+00
      1.213      0.022     8.0806     67.627     44.038  29.425582    10.6762      6.878   258.3451 5.0209e+01     5.5817      1.189      1.723     8.4132 0.0000e+00
      1.220      0.032     8.0436     67.303     44.094  29.462155    10.7293      6.877   257.5795 4.9643e+01     5.7501      1.198      1.737     8.4117 0.0000e+00
      1.226      0.041     7.9996     66.987     44.105  29.468431    10.8293      6.874   258.2882 4.9004e+01     6.0299      1.200      1.742     8.4101 0.0000e+00
      1.236      0.044     7.9656     66.694     44.059  29.438023    10.8784      6.872   260.3750 4.7696e+01     6.1290      1.207      1.750     8.4086 0.0000e+00
      1.256      0.044     7.9303     66.470     44.017  29.411668    10.8566      6.872   261.3863 4.6017e+01     6.0596      1.231      1.785     8.4075 0.0000e+00
      1.276      0.040     7.8901     66.331     44.004  29.403507    10.7736      6.872   261.2243 4.4943e+01     5.9775      1.256      1.822     8.4062 0.0000e+00
      1.286      0.034     7.8548     66.225     44.003  29.402781    10.6483      6.873   260.3945 4.4520e+01     5.8876      1.264      1.833     8.4042 0.0000e+00
      1.288      0.026     7.8170     66.120     44.004  29.402884    10.5824      6.874   259.2691 4.4241e+01     5.8264      1.263      1.831     8.4049 0.0000e+00
      1.289      0.020     7.7883     66.025     44.008  29.404751    10.5676      6.876   258.8884 4.3870e+01     5.8188      1.263      1.832     8.4082 0.0000e+00
      1.290      0.017     7.7763     65.938     44.042  29.425354    10.5614      6.876   259.6633 4.3305e+01     5.7950      1.264      1.833     8.4090 0.0000e+00
      1.293      0.016     7.7655     65.869     44.100  29.461697    10.5907      6.876   261.1530 4.2506e+01     5.7097      1.266      1.837     8.4080 0.0000e+00
      1.300      0.016     7.7510     65.810     44.107  29.463569    10.6306      6.877   262.0154 4.1640e+01     5.6751      1.273      1.848     8.4071 0.0000e+00
      1.309      0.016     7.7424     65.748     44.087  29.447991    10.6360      6.878   261.9168 4.1013e+01     5.6505      1.286      1.864     8.4060 0.0000e+00
      1.315      0.014     7.7302     65.700     44.114  29.463642    10.5973      6.878   261.5097 4.0718e+01     5.6168      1.291      1.871     8.4045 0.0000e+00
      1.316      0.011     7.7231     65.656     44.116  29.462498    10.5457      6.879   261.2224 4.0549e+01     5.6772      1.290      1.872     8.4018 0.0000e+00
      1.316      0.007     7.7191     65.601     44.077  29.434164    10.5196      6.880   261.1105 4.0314e+01     5.7325      1.291      1.872     8.3985 0.0000e+00
      1.317      0.004     7.7094     65.570     44.086  29.438214    10.5237      6.881   261.1899 4.0048e+01     5.7043      1.291      1.873     8.3956 0.0000e+00
      1.317      0.003     7.7058     65.587     44.103  29.448032    10.5536      6.881   261.5792 3.9788e+01     5.6438      1.291      1.873     8.3928 0.0000e+00
      1.318      0.003     7.7024     65.565     44.073  29.426001    10.5900      6.882   262.0320 3.9538e+01     5.6163      1.292      1.874     8.3897 0.0000e+00
