Data/DataNotYetUploadedToEDI/Raw_CTD/RawDownloads/120423_fcr50_S8188002.cnv
* Sea-Bird SBE19plus  Data File:
* FileName = C:\R\Reservoirs\Data\DataNotYetUploadedToEDI\Raw_CTD\RawDownloads\120423_bvr50_S8188_0002.hex
* Software version 2.8.0.119
* Temperature SN = 8188
* Conductivity SN = 8188
* System UpLoad Time = Dec 07 2023 11:04:33
* <ApplicationData>
* <Seaterm232>
# nquan = 16
# nvalues = 2126                        
# units = specified
# name 0 = depFM: Depth [fresh water, m]
# name 1 = dz/dtM: Descent Rate [m/s]
# name 2 = sbeox0Mg/L: Oxygen, SBE 43 [mg/l]
# name 3 = sbeox0PS: Oxygen, SBE 43 [% saturation]
# name 4 = specc: Specific Conductance [uS/cm]
# name 5 = c0uS/cm: Conductivity [uS/cm]
# name 6 = wetCDOM: Fluorescence, WET Labs CDOM [mg/m^3]
# name 7 = flECO-AFL: Fluorescence, WET Labs ECO-AFL/FL [mg/m^3]
# name 8 = flECO-AFL1: Fluorescence, WET Labs ECO-AFL/FL, 2 [mg/m^3]
# name 9 = flECO-AFL2: Fluorescence, WET Labs ECO-AFL/FL, 3 [mg/m^3]
# name 10 = par/sat/log: PAR/Logarithmic, Satlantic
# name 11 = turbWETntu0: Turbidity, WET Labs ECO [NTU]
# name 12 = prdM: Pressure, Strain Gauge [db]
# name 13 = prdE: Pressure, Strain Gauge [psi]
# name 14 = tv290C: Temperature [ITS-90, deg C]
# name 15 = flag:  0.000e+00
# span 0 =     -0.736,      9.207       
# span 1 =     -0.287,      0.141       
# span 2 =     5.6294,     7.7707       
# span 3 =     46.113,     65.531       
# span 4 =      1.078,     45.940       
# span 5 =   0.769251,  30.829834       
# span 6 =    -9.1800,    46.4400       
# span 7 =    -1.6071,    13.6825       
# span 8 =    -2.8542,     6.5604       
# span 9 =    -3.4263,     5.5836       
# span 10 = 1.1592e-01, 1.7432e+03      
# span 11 =    -2.6178,    49.1009      
# span 12 =     -0.722,      9.029      
# span 13 =     -1.047,     13.095      
# span 14 =     6.7641,    10.6990      
# span 15 = 0.0000e+00, 0.0000e+00      
# interval = seconds: 0.25
# start_time = Dec 04 2023 13:58:31 [Instrument's time stamp, header]
# bad_flag = -9.990e-29
*END*
[from data line 1447]
      6.326      0.032     6.4148     52.525     45.015  28.606857     3.6000    10.8557     0.1278     1.9458 1.8804e-01     8.4745      6.204      8.997     6.7731 0.0000e+00
      6.334      0.033     6.4143     52.520     45.024  28.612469     3.8700    10.8100     0.1278     1.9458 1.5721e-01     8.4294      6.211      9.009     6.7731 0.0000e+00
      6.342      0.035     6.4132     52.518     45.026  28.613953     3.8700    10.7451     0.1278     1.9458 1.7030e-01     8.5646      6.220      9.021     6.7731 0.0000e+00
      6.352      0.036     6.4120     52.524     45.023  28.611703     3.8700    10.7871     0.1278     1.9458 1.8931e-01     8.6698      6.229      9.034     6.7732 0.0000e+00
      6.361      0.037     6.4113     52.537     45.019  28.609081     3.8700    10.7756     0.1278     1.9458 1.6070e-01     8.6097      6.238      9.048     6.7732 0.0000e+00
      6.371      0.038     6.4107     52.544     45.019  28.609347     4.0500    10.7680     0.0852     1.8612 1.4151e-01     8.5646      6.248      9.062     6.7732 0.0000e+00
      6.381      0.039     6.4105     52.543     45.031  28.616530     4.0500    11.1151     0.0852     1.8612 1.5626e-01     8.8652      6.258      9.076     6.7732 0.0000e+00
      6.392      0.039     6.4113     52.539     45.043  28.624629     4.0500    11.1418     0.0852     1.8612 1.5300e-01     8.8803      6.268      9.091     6.7731 0.0000e+00
      6.402      0.039     6.4128     52.536     45.048  28.627882     4.0500    11.1304     0.0852     1.8612 1.4425e-01     8.9554      6.278      9.106     6.7730 0.0000e+00
      6.412      0.039     6.4137     52.539     45.053  28.631116     4.0500    11.1418     0.0852     1.8612 1.6703e-01     8.9254      6.288      9.120     6.7728 0.0000e+00
      6.422      0.040     6.4136     52.547     45.059  28.635194     3.5100    10.8863     0.1278     2.0304 1.6087e-01     8.5947      6.298      9.134     6.7727 0.0000e+00
      6.432      0.040     6.4131     52.553     45.056  28.633284     3.5100    10.9015     0.1278     2.0304 1.5197e-01     8.6398      6.307      9.148     6.7728 0.0000e+00
      6.442      0.041     6.4127     52.556     45.043  28.624877     3.5100    10.8634     0.1278     2.0304 1.4403e-01     8.7149      6.317      9.163     6.7730 0.0000e+00
      6.452      0.041     6.4131     52.560     45.029  28.615650     3.5100    10.8939     0.1278     2.0304 1.6394e-01     8.6849      6.328      9.178     6.7732 0.0000e+00
      6.463      0.042     6.4140     52.561     45.022  28.611063     3.4200    10.7108     0.1278     2.0304 1.4412e-01     8.8352      6.339      9.193     6.7734 0.0000e+00
      6.474      0.042     6.4147     52.557     45.020  28.609892     3.4200    10.6841     0.1278     2.0304 1.4325e-01     8.8953      6.349      9.209     6.7736 0.0000e+00
      6.486      0.042     6.4151     52.554     45.017  28.607865     3.4200    10.6803     0.1278     2.0304 1.3748e-01     8.9554      6.360      9.224     6.7736 0.0000e+00
      6.496      0.041     6.4156     52.553     45.018  28.608401     3.4200    10.6993     0.1278     2.0304 1.2656e-01     8.9554      6.371      9.240     6.7734 0.0000e+00
      6.507      0.040     6.4158     52.555     45.023  28.611644     3.3300    10.5773     0.0852     1.9458 1.1643e-01     8.6999      6.381      9.255     6.7731 0.0000e+00
      6.517      0.038     6.4153     52.559     45.022  28.610538     3.3300    10.5849     0.0852     1.9458 1.2656e-01     8.7149      6.391      9.269     6.7729 0.0000e+00
      6.526      0.037     6.4149     52.558     45.013  28.604789     3.3300    10.5696     0.0852     1.9458 1.3488e-01     8.6999      6.400      9.283     6.7728 0.0000e+00
      6.535      0.036     6.4148     52.553     45.006  28.600784     3.3300    10.5963     0.0852     1.9458 1.1995e-01     8.6849      6.409      9.295     6.7727 0.0000e+00
      6.544      0.036     6.4151     52.550     45.007  28.601413     3.0600    10.5773     0.1278     1.9458 1.2330e-01     8.7300      6.418      9.308     6.7727 0.0000e+00
      6.553      0.036     6.4156     52.549     45.016  28.606844     3.0600    10.6040     0.1278     1.9458 1.2917e-01     8.6999      6.426      9.320     6.7727 0.0000e+00
      6.562      0.036     6.4154     52.543     45.022  28.610607     3.0600    10.5582     0.1278     1.9458 1.4877e-01     8.5646      6.435      9.333     6.7727 0.0000e+00
      6.571      0.037     6.4148     52.536     45.014  28.605785     3.0600    10.5734     0.1278     1.9458 1.3195e-01     8.6097      6.445      9.347     6.7727 0.0000e+00
      6.581      0.037     6.4145     52.536     45.004  28.599012     3.0600    10.9015     0.1278     1.9458 1.2330e-01     8.8953      6.454      9.361     6.7727 0.0000e+00
      6.591      0.038     6.4143     52.548     45.000  28.596402     2.7900    10.8939     0.1278     1.9881 1.1693e-01     8.8652      6.464      9.375     6.7726 0.0000e+00
      6.601      0.037     6.4136     52.565     45.002  28.597258     2.7900    10.8863     0.1278     1.9881 1.2002e-01     8.8953      6.474      9.389     6.7726 0.0000e+00
      6.611      0.036     6.4128     52.574     45.010  28.601808     2.7900    10.8824     0.1278     1.9881 1.2325e-01     8.8953      6.483      9.402     6.7725 0.0000e+00
      6.620      0.034     6.4128     52.574     45.020  28.607307     2.7900    10.5086     0.1278     1.9881 1.2659e-01     8.5797      6.492      9.416     6.7723 0.0000e+00
      6.629      0.032     6.4143     52.573     45.021  28.607300     2.8800    10.5162     0.0852     1.9881 1.2886e-01     8.6999      6.501      9.429     6.7720 0.0000e+00
      6.637      0.029     6.4165     52.575     45.018  28.605745     2.8800    10.5239     0.0852     1.9881 1.1617e-01     8.6849      6.509      9.440     6.7715 0.0000e+00
      6.645      0.026     6.4177     52.578     45.025  28.610149     2.8800    10.5239     0.0852     1.9881 1.1617e-01     8.7450      6.516      9.451     6.7709 0.0000e+00
      6.651      0.022     6.4177     52.577     45.037  28.617725     2.8800    11.0808     0.0852     1.9881 1.2047e-01     8.6999      6.522      9.460     6.7703 0.0000e+00
      6.656      0.019     6.4177     52.574     45.051  28.626534     3.3300    11.0503     0.1278     1.9035 1.1617e-01     8.6097      6.527      9.467     6.7698 0.0000e+00
      6.660      0.016     6.4180     52.574     45.063  28.634966     3.3300    11.0961     0.1278     1.9035 1.1623e-01     8.5797      6.532      9.473     6.7696 0.0000e+00
      6.664      0.013     6.4183     52.575     45.066  28.637347     3.3300    11.0846     0.1278     1.9035 1.1605e-01     8.6398      6.535      9.478     6.7697 0.0000e+00
      6.666      0.010     6.4181     52.570     45.060  28.634315     3.3300    10.6040     0.1278     1.9035 1.2336e-01     8.4444      6.537      9.481     6.7698 0.0000e+00
      6.668      0.009     6.4177     52.556     45.057  28.632979     3.2400    10.6040     0.1278     1.8612 1.2330e-01     8.3843      6.540      9.485     6.7700 0.0000e+00
      6.670      0.007     6.4178     52.541     45.056  28.632984     3.2400    10.5620     0.1278     1.8612 1.1600e-01     8.4594      6.541      9.487     6.7702 0.0000e+00
      6.672      0.006     6.4178     52.529     45.050  28.630371     3.2400    10.5887     0.1278     1.8612 1.1600e-01     8.3242      6.543      9.489     6.7707 0.0000e+00
      6.673      0.006     6.4170     52.524     45.046  28.628404     3.2400     9.8868     0.1278     1.8612 1.1617e-01     8.4143      6.544      9.491     6.7715 0.0000e+00
      6.675      0.006     6.4152     52.521     45.049  28.630518     3.2400     9.9288     0.1278     1.8612 1.1617e-01     8.3843      6.546      9.493     6.7725 0.0000e+00
      6.676      0.006     6.4131     52.521     45.047  28.629356     2.7900     9.9021     0.1278     1.9035 1.1605e-01     8.4895      6.547      9.495     6.7735 0.0000e+00
      6.677      0.006     6.4116     52.526     45.033  28.620649     2.7900     9.8944     0.1278     1.9035 1.1607e-01     8.3542      6.548      9.497     6.7744 0.0000e+00
      6.679      0.006     6.4108     52.532     45.022  28.613954     2.7900     9.4214     0.1278     1.9035 1.2277e-01     8.4594      6.550      9.499     6.7750 0.0000e+00
      6.680      0.007     6.4105     52.533     45.018  28.611446     2.7900     9.4443     0.1278     1.9035 1.1620e-01     8.4143      6.551      9.501     6.7753 0.0000e+00
      6.682      0.008     6.4104     52.534     45.012  28.608497     4.1400     9.4290     0.0852     1.9035 1.1605e-01     8.3392      6.553      9.504     6.7756 0.0000e+00
      6.684      0.010     6.4110     52.535     45.005  28.604320     4.1400     9.3947     0.0852     1.9035 1.1615e-01     8.4294      6.555      9.507     6.7758 0.0000e+00
      6.687      0.012     6.4117     52.537     44.994  28.597802     4.1400     9.1658     0.0852     1.9035 1.1775e-01     8.4594      6.557      9.510     6.7760 0.0000e+00
      6.690      0.015     6.4117     52.539     44.983  28.591163     4.1400     9.1620     0.0852     1.9035 1.1612e-01     8.4143      6.560      9.515     6.7763 0.0000e+00
      6.694      0.018     6.4118     52.546     44.981  28.590554     4.3200     9.1658     0.1278     1.8612 1.1612e-01     8.4745      6.564      9.520     6.7768 0.0000e+00
      6.698      0.022     6.4119     52.553     44.990  28.595813     4.3200     9.1620     0.1278     1.8612 1.1617e-01     8.3843      6.569      9.527     6.7774 0.0000e+00
      6.704      0.026     6.4120     52.557     44.998  28.600421     4.3200     9.9898     0.1278     1.8612 1.1625e-01     8.7149      6.575      9.536     6.7780 0.0000e+00
      6.712      0.030     6.4123     52.554     45.002  28.601647     4.3200     9.9898     0.1278     1.8612 1.1630e-01     8.6398      6.582      9.546     6.7786 0.0000e+00
      6.720      0.033     6.4130     52.541     45.001  28.599819     3.6000     9.9783     0.0852     1.8612 1.1607e-01     8.6097      6.590      9.559     6.7790 0.0000e+00
      6.730      0.035     6.4139     52.524     45.001  28.598408     3.6000     9.9974     0.0852     1.8612 1.1617e-01     8.6698      6.600      9.572     6.7789 0.0000e+00
      6.740      0.037     6.4145     52.508     45.006  28.600998     3.6000     9.5320     0.0852     1.8612 1.1605e-01     8.6849      6.609      9.586     6.7780 0.0000e+00
      6.750      0.037     6.4143     52.497     45.012  28.604321     3.6000     9.5206     0.0852     1.8612 1.1607e-01     8.6548      6.619      9.600     6.7766 0.0000e+00
      6.759      0.036     6.4130     52.498     45.020  28.609262     3.6000     9.5473     0.0852     1.8612 1.1615e-01     8.7300      6.629      9.614     6.7751 0.0000e+00
      6.769      0.036     6.4111     52.512     45.033  28.617138     3.9600     9.5435     0.1278     1.9458 1.1617e-01     8.6999      6.638      9.627     6.7739 0.0000e+00
      6.777      0.035     6.4093     52.532     45.035  28.618171     3.9600    10.3446     0.1278     1.9458 1.1607e-01     8.7300      6.646      9.640     6.7731 0.0000e+00
      6.786      0.035     6.4080     52.554     45.026  28.612636     3.9600    10.3713     0.1278     1.9458 1.1633e-01     8.5797      6.654      9.651     6.7727 0.0000e+00
      6.794      0.036     6.4081     52.576     45.024  28.610936     3.9600    10.3255     0.1278     1.9458 1.1610e-01     8.6698      6.663      9.663     6.7724 0.0000e+00
      6.803      0.037     6.4098     52.588     45.034  28.616578     4.2300    10.3446     0.0852     1.8612 1.1630e-01     8.5947      6.671      9.676     6.7723 0.0000e+00
      6.812      0.039     6.4123     52.587     45.051  28.627106     4.2300    10.2187     0.0852     1.8612 1.1617e-01     8.6849      6.681      9.689     6.7721 0.0000e+00
      6.823      0.042     6.4151     52.578     45.068  28.637409     4.2300    10.2110     0.0852     1.8612 1.1638e-01     8.6398      6.691      9.704     6.7718 0.0000e+00
      6.834      0.044     6.4178     52.560     45.077  28.642315     4.2300    10.2187     0.0852     1.8612 1.1623e-01     8.6398      6.701      9.719     6.7714 0.0000e+00
      6.845      0.046     6.4193     52.536     45.073  28.639171     4.3200    10.2149     0.1278     1.8189 1.1610e-01     8.6999      6.713      9.736     6.7709 0.0000e+00
      6.858      0.047     6.4194     52.510     45.062  28.631099     4.3200    10.2378     0.1278     1.8189 1.1612e-01     8.9254      6.725      9.754     6.7703 0.0000e+00
      6.870      0.048     6.4184     52.478     45.051  28.623866     4.3200    10.2187     0.1278     1.8189 1.1617e-01     8.8803      6.737      9.772     6.7695 0.0000e+00
      6.883      0.049     6.4163     52.439     45.045  28.619503     4.3200    10.2110     0.1278     1.8189 1.1615e-01     8.8202      6.750      9.790     6.7687 0.0000e+00
      6.895      0.048     6.4135     52.397     45.042  28.616848     4.0500    10.2034     0.1278     1.9035 1.1617e-01     8.7901      6.762      9.808     6.7678 0.0000e+00
      6.908      0.048     6.4104     52.341     45.046  28.619151     4.0500     9.3565     0.1278     1.9035 1.1607e-01     8.4294      6.774      9.825     6.7670 0.0000e+00
      6.920      0.047     6.4066     52.269     45.052  28.623066     4.0500     9.3756     0.1278     1.9035 1.1628e-01     8.4143      6.786      9.842     6.7664 0.0000e+00
      6.932      0.046     6.4020     52.191     45.050  28.621718     4.0500     9.3527     0.1278     1.9035 1.1610e-01     8.4294      6.798      9.859     6.7659 0.0000e+00
      6.944      0.044     6.3969     52.106     45.051  28.622668     4.0500     9.3680     0.1278     1.9035 1.1635e-01     8.3843      6.809      9.876     6.7655 0.0000e+00
      6.955      0.043     6.3901     52.014     45.057  28.626168     3.4200     9.5473     0.0852     1.8612 1.1617e-01     8.3392      6.820      9.892     6.7652 0.0000e+00
      6.965      0.041     6.3814     51.924     45.050  28.621273     3.4200     9.5358     0.0852     1.8612 1.1605e-01     8.4895      6.831      9.907     6.7650 0.0000e+00
      6.976      0.041     6.3719     51.839     45.033  28.610636     3.4200     9.5358     0.0852     1.8612 1.1610e-01     8.3843      6.841      9.922     6.7648 0.0000e+00
      6.985      0.040     6.3615     51.764     45.021  28.603301     3.4200     9.5320     0.0852     1.8612 1.1620e-01     8.4143      6.850      9.935     6.7647 0.0000e+00
      6.995      0.041     6.3503     51.705     45.012  28.597311     3.3300    10.1004     0.1278     1.8612 1.1628e-01     8.6849      6.859      9.949     6.7646 0.0000e+00
      7.005      0.041     6.3392     51.664     45.002  28.591071     3.3300    10.1042     0.1278     1.8612 1.1617e-01     8.6097      6.869      9.963     6.7646 0.0000e+00
      7.016      0.041     6.3289     51.632     45.002  28.590835     3.3300    10.0813     0.1278     1.8612 1.1615e-01     8.5947      6.880      9.979     6.7646 0.0000e+00
      7.028      0.041     6.3197     51.612     45.010  28.596539     3.3300    10.1157     0.1278     1.8612 1.1602e-01     8.5947      6.892      9.995     6.7646 0.0000e+00
      7.039      0.040     6.3125     51.610     45.025  28.605747     3.4200    10.7642     0.1278     1.7343 1.1617e-01     8.7450      6.903     10.012     6.7646 0.0000e+00
      7.049      0.038     6.3075     51.619     45.042  28.616952     3.4200    10.7680     0.1278     1.7343 1.1612e-01     8.6097      6.913     10.026     6.7647 0.0000e+00
      7.058      0.036     6.3036     51.636     45.055  28.625223     3.4200    10.7756     0.1278     1.7343 1.1612e-01     8.7149      6.922     10.039     6.7647 0.0000e+00
