Data/DataNotYetUploadedToEDI/Raw_CTD/RawDownloads/120423_bvr50_S7809001.cnv
* Sea-Bird SBE19plus  Data File:
* FileName = C:\R\Reservoirs\Data\DataNotYetUploadedToEDI\Raw_CTD\RawDownloads\120423_bvr50_S7809_0001.hex
* Software version 2.8.0.119
* Temperature SN = 7809
* Conductivity SN = 7809
* System UpLoad Time = Dec 07 2023 11:11:04
* <ApplicationData>
* <Seaterm232>
# nquan = 15
# nvalues = 2782                        
# units = specified
# name 0 = depFM: Depth [fresh water, m]
# name 1 = dz/dtM: Descent Rate [m/s]
# name 2 = sbeox0Mg/L: Oxygen, SBE 43 [mg/l]
# name 3 = sbeox0PS: Oxygen, SBE 43 [% saturation]
# name 4 = specc: Specific Conductance [uS/cm]
# name 5 = c0uS/cm: Conductivity [uS/cm]
# name 6 = flECO-AFL: Fluorescence, WET Labs ECO-AFL/FL [mg/m^3]
# name 7 = ph: pH
# name 8 = orp: Oxidation Reduction Potential [mV]
# name 9 = par/sat/log: PAR/Logarithmic, Satlantic
# name 10 = turbWETntu0: Turbidity, WET Labs ECO [NTU]
# name 11 = prdM: Pressure, Strain Gauge [db]
# name 12 = prdE: Pressure, Strain Gauge [psi]
# name 13 = tv290C: Temperature [ITS-90, deg C]
# name 14 = flag:  0.000e+00
# span 0 =     -0.797,      8.530       
# span 1 =     -0.242,      0.287       
# span 2 =     5.3431,    12.1188       
# span 3 =     44.568,    100.370       
# span 4 =      0.385,    104.045       
# span 5 =   0.260214,  66.693011       
# span 6 =    -0.1588,    63.7408       
# span 7 =      4.922,      7.156       
# span 8 = -1240.7455,   895.9469       
# span 9 = 1.2364e-01, 1.3387e+03       
# span 10 =    -0.3989,   925.1260      
# span 11 =     -0.783,      8.366      
# span 12 =     -1.135,     12.134      
# span 13 =     7.0374,     8.9493      
# span 14 = 0.0000e+00, 0.0000e+00      
# interval = seconds: 0.25
# start_time = Dec 04 2023 11:24:46 [Instrument's time stamp, header]
# bad_flag = -9.990e-29
*END*
[from data line 1639]
      7.228     -0.008    10.0738     82.664     34.417  22.070682     4.9645      6.969   224.6411 1.2369e-01    19.3456      7.090     10.281     7.0623 0.0000e+00
      7.230     -0.005    10.0584     82.545     34.407  22.064392     5.1036      6.970   224.9167 1.2373e-01    18.1830      7.095     10.289     7.0622 0.0000e+00
      7.230     -0.016    10.0488     82.435     34.407  22.063810     5.3504      6.971   225.1902 1.2379e-01    16.2025      7.089     10.282     7.0621 0.0000e+00
      7.230     -0.040    10.0335     82.360     34.407  22.063650     5.5015      6.971   225.4530 1.2383e-01    15.2120      7.089     10.281     7.0621 0.0000e+00
      7.229     -0.065    10.0168     82.272     34.405  22.062460     5.5154      6.970   225.8568 1.2389e-01    15.1219      7.093     10.287     7.0617 0.0000e+00
      7.214     -0.082    10.0049     82.135     34.384  22.049415     5.4849      6.967   226.4594 1.2389e-01    15.0791      7.084     10.274     7.0616 0.0000e+00
      7.175     -0.086     9.9867     82.030     34.358  22.032741     5.3332      6.964   227.0599 1.2382e-01    15.7196      7.043     10.215     7.0617 0.0000e+00
      7.124     -0.081     9.9818     82.023     34.387  22.051082     5.0789      6.963   227.5256 1.2380e-01    17.0583      6.978     10.121     7.0616 0.0000e+00
      7.092     -0.066     9.9753     82.095     34.434  22.080943     4.9490      6.962   227.9602 1.2381e-01    17.8409      6.941     10.069     7.0615 0.0000e+00
      7.087     -0.041     9.9517     82.197     34.427  22.076742     4.9365      6.962   228.3563 1.2381e-01    17.8721      6.948     10.077     7.0613 0.0000e+00
      7.095     -0.014     9.9365     82.318     34.407  22.063701     4.9194      6.962   228.7016 1.2386e-01    17.6404      6.958     10.092     7.0614 0.0000e+00
      7.103      0.007     9.9365     82.448     34.385  22.050094     4.9170      6.963   228.9510 1.2388e-01    17.3276      6.964     10.102     7.0615 0.0000e+00
      7.110      0.016     9.9491     82.555     34.368  22.039038     4.9321      6.964   228.8766 1.2381e-01    17.1990      6.974     10.116     7.0616 0.0000e+00
      7.115      0.014     9.9605     82.637     34.396  22.056836     4.9528      6.966   228.4046 1.2378e-01    17.1101      6.977     10.120     7.0616 0.0000e+00
      7.117      0.010     9.9750     82.687     34.425  22.075064     5.0257      6.968   227.8045 1.2378e-01    16.0475      6.979     10.122     7.0615 0.0000e+00
      7.118      0.006     9.9941     82.701     34.415  22.069194     5.1397      6.969   227.2136 1.2382e-01    14.0867      6.983     10.127     7.0616 0.0000e+00
      7.116      0.002    10.0056     82.693     34.385  22.049281     5.2071      6.970   226.3365 1.2387e-01    13.0103      6.978     10.121     7.0615 0.0000e+00
      7.116      0.001    10.0160     82.663     34.346  22.024517     5.2328      6.970   225.1142 1.2387e-01    12.9393      6.976     10.118     7.0614 0.0000e+00
      7.118      0.002    10.0236     82.636     34.344  22.023422     5.2753      6.971   223.9644 1.2385e-01    12.7149      6.982     10.125     7.0615 0.0000e+00
      7.118      0.002    10.0225     82.608     34.364  22.036037     5.3388      6.972   222.9321 1.2380e-01    12.2448      6.981     10.125     7.0614 0.0000e+00
      7.117      0.001    10.0235     82.523     34.386  22.050224     5.3845      6.972   221.8388 1.2377e-01    12.0379      6.977     10.119     7.0614 0.0000e+00
      7.120     -0.004    10.0179     82.384     34.414  22.068137     5.3945      6.972   220.8113 1.2375e-01    12.0230      6.982     10.126     7.0613 0.0000e+00
      7.122     -0.015    10.0131     82.239     34.405  22.062389     5.2765      6.973   219.9723 1.2375e-01    11.6214      6.987     10.133     7.0613 0.0000e+00
      7.121     -0.033    10.0155     82.111     34.377  22.044143     5.0315      6.974   219.3533 1.2380e-01    10.9394      6.984     10.130     7.0612 0.0000e+00
      7.116     -0.053    10.0037     81.989     34.367  22.037750     4.8802      6.974   219.0052 1.2381e-01    10.6088      6.980     10.124     7.0612 0.0000e+00
      7.101     -0.068     9.9841     81.888     34.384  22.048504     4.8698      6.973   219.0324 1.2377e-01    10.5953      6.971     10.109     7.0612 0.0000e+00
      7.071     -0.074     9.9656     81.846     34.382  22.047352     4.9063      6.973   219.2528 1.2374e-01    10.6063      6.939     10.064     7.0612 0.0000e+00
      7.033     -0.070     9.9512     81.863     34.346  22.023821     5.0788      6.973   219.3466 1.2379e-01    10.8448      6.891      9.996     7.0611 0.0000e+00
      7.008     -0.060     9.9363     81.915     34.336  22.017626     5.3745      6.972   219.3926 1.2380e-01    11.2573      6.864      9.956     7.0611 0.0000e+00
      7.001     -0.043     9.9207     81.943     34.364  22.035864     5.5357      6.972   219.6365 1.2384e-01    11.4617      6.864      9.955     7.0608 0.0000e+00
      7.002     -0.023     9.9171     81.933     34.393  22.054102     5.5719      6.973   220.1441 1.2389e-01    11.5057      6.868      9.961     7.0605 0.0000e+00
      7.003     -0.006     9.9191     81.927     34.383  22.047917     5.7785      6.973   220.7125 1.2380e-01    11.4125      6.868      9.961     7.0602 0.0000e+00
      7.003      0.003     9.9289     81.906     34.347  22.024486     6.1358      6.974   221.1746 1.2373e-01    11.1548      6.867      9.960     7.0601 0.0000e+00
      7.005      0.005     9.9349     81.870     34.347  22.024439     6.3288      6.974   221.6014 1.2372e-01    11.0551      6.868      9.963     7.0600 0.0000e+00
      7.007      0.005     9.9272     81.857     34.383  22.047345     6.3408      6.974   222.0006 1.2373e-01    11.1633      6.872      9.967     7.0599 0.0000e+00
      7.009      0.004     9.9309     81.861     34.383  22.047804     6.1470      6.973   222.3882 1.2374e-01    11.7110      6.874      9.969     7.0601 0.0000e+00
      7.011      0.004     9.9281     81.857     34.355  22.029985     5.7751      6.973   222.8462 1.2379e-01    12.6907      6.874      9.970     7.0600 0.0000e+00
      7.013      0.003     9.9200     81.860     34.343  22.022133     5.5727      6.973   223.3221 1.2387e-01    13.2733      6.879      9.977     7.0600 0.0000e+00
      7.012      0.001     9.9204     81.905     34.334  22.016275     5.5476      6.973   223.7537 1.2384e-01    13.4253      6.878      9.975     7.0602 0.0000e+00
      7.010     -0.000     9.9217     81.963     34.344  22.022564     5.4305      6.973   224.1074 1.2377e-01    13.8117      6.870      9.965     7.0601 0.0000e+00
      7.012      0.000     9.9215     81.989     34.363  22.034763     5.1970      6.972   224.4153 1.2379e-01    14.4275      6.876      9.973     7.0600 0.0000e+00
      7.014      0.000     9.9178     81.998     34.367  22.036954     5.0551      6.971   224.7232 1.2383e-01    14.7564      6.882      9.982     7.0599 0.0000e+00
      7.010     -0.002     9.9259     81.998     34.386  22.049050     5.0460      6.971   225.0769 1.2382e-01    14.7480      6.872      9.968     7.0599 0.0000e+00
      7.007     -0.010     9.9361     81.973     34.395  22.054204     5.0705      6.971   225.4221 1.2378e-01    14.1545      6.868      9.960     7.0598 0.0000e+00
      7.012     -0.029     9.9373     81.945     34.367  22.035864     5.1013      6.971   225.6280 1.2385e-01    13.0117      6.880      9.977     7.0598 0.0000e+00
      7.012     -0.056     9.9376     81.962     34.338  22.017523     5.1106      6.972   225.8447 1.2397e-01    12.3399      6.883      9.982     7.0596 0.0000e+00
      7.001     -0.082     9.9399     82.019     34.347  22.022668     5.0992      6.973   226.1493 1.2396e-01    12.2485      6.868      9.962     7.0591 0.0000e+00
      6.976     -0.101     9.9356     82.066     34.366  22.034665     5.1053      6.973   226.3864 1.2386e-01    12.2477      6.850      9.934     7.0586 0.0000e+00
      6.931     -0.106     9.9292     82.099     34.367  22.035759     5.1849      6.972   226.5603 1.2375e-01    12.0922      6.805      9.870     7.0583 0.0000e+00
      6.876     -0.098     9.9315     82.160     34.367  22.035900     5.3123      6.970   226.7036 1.2369e-01    11.8022      6.733      9.766     7.0580 0.0000e+00
      6.841     -0.078     9.9418     82.245     34.368  22.036366     5.3811      6.969   226.6563 1.2366e-01    11.7139      6.694      9.708     7.0578 0.0000e+00
      6.837     -0.050     9.9487     82.337     34.376  22.041399     5.4011      6.969   226.5038 1.2368e-01    11.7761      6.704      9.723     7.0578 0.0000e+00
      6.844     -0.022     9.9475     82.422     34.363  22.033337     5.5032      6.970   226.4949 1.2372e-01    11.9393      6.715      9.739     7.0579 0.0000e+00
      6.848     -0.001     9.9575     82.463     34.315  22.002305     5.6842      6.970   226.5494 1.2372e-01    12.2188      6.714      9.738     7.0580 0.0000e+00
      6.852      0.009     9.9684     82.476     34.285  21.983231     5.7739      6.971   226.5603 1.2371e-01    12.3541      6.720      9.747     7.0579 0.0000e+00
      6.855      0.009     9.9785     82.475     34.300  21.992945     5.7648      6.972   226.6263 1.2374e-01    12.4138      6.726      9.755     7.0579 0.0000e+00
      6.853      0.006     9.9931     82.435     34.300  21.992935     5.6990      6.973   226.6595 1.2380e-01    12.7017      6.720      9.746     7.0579 0.0000e+00
      6.852      0.004     9.9954     82.344     34.285  21.983116     5.5775      6.974   226.6168 1.2384e-01    13.1022      6.718      9.743     7.0577 0.0000e+00
      6.856      0.004     9.9961     82.239     34.313  22.001037     5.5107      6.974   226.7130 1.2389e-01    13.2937      6.725      9.753     7.0577 0.0000e+00
      6.858      0.004     9.9983     82.184     34.342  22.019387     5.5162      6.975   226.8764 1.2391e-01    13.3093      6.726      9.756     7.0573 0.0000e+00
      6.858      0.004     9.9944     82.207     34.335  22.014767     5.5849      6.976   226.9567 1.2382e-01    13.1199      6.723      9.751     7.0571 0.0000e+00
      6.859      0.003     9.9814     82.283     34.325  22.008582     5.7168      6.978   226.9954 1.2376e-01    12.7459      6.725      9.754     7.0571 0.0000e+00
      6.862      0.002     9.9652     82.374     34.325  22.008019     5.7966      6.979   227.0873 1.2381e-01    12.5112      6.731      9.763     7.0570 0.0000e+00
      6.861      0.002     9.9570     82.461     34.325  22.007964     5.7996      6.981   227.2077 1.2381e-01    12.4335      6.729      9.760     7.0571 0.0000e+00
      6.860      0.002     9.9613     82.536     34.325  22.007908     5.7783      6.981   227.3317 1.2376e-01    12.3528      6.725      9.754     7.0572 0.0000e+00
      6.860      0.001     9.9731     82.580     34.324  22.007346     5.7396      6.981   227.5545 1.2376e-01    11.9795      6.728      9.758     7.0568 0.0000e+00
      6.862      0.001     9.9843     82.582     34.314  22.001161     5.7063      6.981   227.8368 1.2378e-01    11.3350      6.730      9.762     7.0569 0.0000e+00
      6.862      0.002     9.9949     82.561     34.307  21.996540     5.6916      6.981   227.9920 1.2377e-01    10.9490      6.730      9.762     7.0568 0.0000e+00
      6.862      0.006    10.0050     82.501     34.336  22.014881     5.6786      6.981   227.9675 1.2378e-01    10.8303      6.729      9.759     7.0566 0.0000e+00
      6.863      0.011    10.0121     82.395     34.364  22.032698     5.6991      6.979   227.8860 1.2382e-01    10.7203      6.730      9.761     7.0565 0.0000e+00
      6.863      0.017    10.0093     82.295     34.348  22.021735     5.7643      6.978   227.7799 1.2382e-01    10.6426      6.732      9.764     7.0564 0.0000e+00
      6.867      0.023    10.0088     82.233     34.328  22.009148     5.8008      6.978   227.8032 1.2381e-01    10.6089      6.731      9.762     7.0565 0.0000e+00
      6.877      0.033    10.0030     82.171     34.325  22.007325     5.8003      6.977   227.9956 1.2385e-01    10.5514      6.742      9.777     7.0562 0.0000e+00
      6.890      0.044     9.9864     82.083     34.314  21.999685     5.9319      6.974   228.2129 1.2387e-01    10.3241      6.761      9.806     7.0560 0.0000e+00
      6.898      0.054     9.9719     81.989     34.284  21.980191     6.2021      6.973   228.4527 1.2384e-01     9.9441      6.765      9.812     7.0559 0.0000e+00
      6.908      0.055     9.9680     81.929     34.256  21.961848     6.3532      6.972   228.5717 1.2384e-01     9.6801      6.767      9.814     7.0555 0.0000e+00
      6.930      0.041     9.9617     81.945     34.266  21.968137     6.3527      6.971   228.5332 1.2389e-01     9.5913      6.794      9.853     7.0552 0.0000e+00
      6.957      0.011     9.9494     82.034     34.305  21.992814     6.1795      6.972   228.5886 1.2387e-01     9.5193      6.829      9.905     7.0548 0.0000e+00
      6.972     -0.027     9.9376     82.146     34.327  22.006582     5.8656      6.973   228.8117 1.2388e-01     9.4588      6.844      9.927     7.0545 0.0000e+00
      6.964     -0.063     9.9262     82.224     34.329  22.007781     5.6961      6.974   228.9938 1.2394e-01     9.4403      6.839      9.919     7.0540 0.0000e+00
      6.928     -0.091     9.9302     82.284     34.328  22.007313     5.6694      6.974   229.1561 1.2393e-01     9.3996      6.804      9.870     7.0535 0.0000e+00
      6.872     -0.103     9.9419     82.365     34.317  22.000931     5.6165      6.973   229.4828 1.2391e-01     9.6492      6.735      9.769     7.0534 0.0000e+00
      6.822     -0.096     9.9605     82.445     34.306  21.994024     5.5399      6.973   229.8467 1.2390e-01    10.2367      6.676      9.683     7.0532 0.0000e+00
      6.800     -0.075     9.9685     82.495     34.295  21.987213     5.5093      6.973   230.1149 1.2385e-01    10.5937      6.662      9.663     7.0531 0.0000e+00
      6.798     -0.045     9.9715     82.498     34.287  21.981982     5.5130      6.974   230.4021 1.2380e-01    10.6191      6.666      9.668     7.0532 0.0000e+00
      6.802     -0.017     9.9847     82.499     34.307  21.994191     5.5182      6.975   230.7373 1.2379e-01    10.5441      6.670      9.675     7.0534 0.0000e+00
      6.806      0.001     9.9943     82.540     34.328  22.008016     5.6552      6.975   230.8992 1.2380e-01    10.6776      6.675      9.682     7.0537 0.0000e+00
      6.808      0.006    10.0029     82.618     34.350  22.022314     5.9209      6.976   230.8959 1.2379e-01    11.0710      6.677      9.684     7.0539 0.0000e+00
      6.809      0.005     9.9999     82.738     34.378  22.040246     6.0757      6.977   230.9555 1.2378e-01    11.3038      6.677      9.684     7.0540 0.0000e+00
      6.809      0.003     9.9970     82.883     34.369  22.034605     6.0783      6.978   231.0186 1.2377e-01    11.3059      6.677      9.684     7.0542 0.0000e+00
      6.809      0.002    10.0045     83.008     34.342  22.017520     5.9696      6.978   231.0564 1.2377e-01    11.3706      6.678      9.686     7.0542 0.0000e+00
      6.809      0.001    10.0119     83.087     34.352  22.023903     5.8088      6.979   231.1546 1.2378e-01    11.5732      6.678      9.685     7.0542 0.0000e+00
      6.810      0.001    10.0276     83.083     34.390  22.048373     5.7413      6.981   231.3453 1.2386e-01    11.7062      6.677      9.684     7.0543 0.0000e+00
      6.811      0.002    10.0478     82.991     34.408  22.059740     5.7362      6.983   231.6412 1.2391e-01    11.7148      6.679      9.687     7.0545 0.0000e+00
      6.811      0.003    10.0629     82.847     34.368  22.034529     5.7221      6.983   231.8936 1.2383e-01    11.7788      6.681      9.690     7.0546 0.0000e+00
