Data/DataNotYetUploadedToEDI/Raw_CTD/RawDownloads/120423_fcr50_S7809002.cnv
* Sea-Bird SBE19plus  Data File:
* FileName = C:\R\Reservoirs\Data\DataNotYetUploadedToEDI\Raw_CTD\RawDownloads\120423_bvr50_S7809_0002.hex
* Software version 2.8.0.119
* Temperature SN = 7809
* Conductivity SN = 7809
* System UpLoad Time = Dec 07 2023 11:12:23
* <ApplicationData>
* <Seaterm232>
# nquan = 15
# nvalues = 3172                        
# units = specified
# name 0 = depFM: Depth [fresh water, m]
# name 1 = dz/dtM: Descent Rate [m/s]
# name 2 = sbeox0Mg/L: Oxygen, SBE 43 [mg/l]
# name 3 = sbeox0PS: Oxygen, SBE 43 [% saturation]
# name 4 = specc: Specific Conductance [uS/cm]
# name 5 = c0uS/cm: Conductivity [uS/cm]
# name 6 = flECO-AFL: Fluorescence, WET Labs ECO-AFL/FL [mg/m^3]
# name 7 = ph: pH
# name 8 = orp: Oxidation Reduction Potential [mV]
# name 9 = par/sat/log: PAR/Logarithmic, Satlantic
# name 10 = turbWETntu0: Turbidity, WET Labs ECO [NTU]
# name 11 = prdM: Pressure, Strain Gauge [db]
# name 12 = prdE: Pressure, Strain Gauge [psi]
# name 13 = tv290C: Temperature [ITS-90, deg C]
# name 14 = flag:  0.000e+00
# span 0 =     -0.732,      9.631       
# span 1 =     -0.332,      0.230       
# span 2 =     5.5557,    12.1714       
# span 3 =     45.920,    104.185       
# span 4 =      0.477,    436.664       
# span 5 =   0.346365, 280.527505       
# span 6 =    -1.2779,   227.5565       
# span 7 =     -2.516,      7.094       
# span 8 = -1240.7455,  1047.0438       
# span 9 = 1.2360e-01, 1.3015e+03       
# span 10 =    -9.4355,   108.7135      
# span 11 =     -0.719,      9.445      
# span 12 =     -1.042,     13.699      
# span 13 =     6.7731,    11.2781      
# span 14 = 0.0000e+00, 0.0000e+00      
# interval = seconds: 0.25
# start_time = Dec 04 2023 13:56:20 [Instrument's time stamp, header]
# bad_flag = -9.990e-29
*END*
[from data line 2699]
      9.550      0.002     7.7746     62.367    255.314 163.162261    -0.0932      7.043   280.9712 1.2386e-01     1.8935      9.365     13.583     6.9497 0.0000e+00
      9.550      0.001     7.7160     62.062    256.500 163.932155    -0.1048      7.045   277.9232 1.2390e-01     1.8900      9.366     13.584     6.9491 0.0000e+00
      9.550      0.001     7.6613     61.742    256.012 163.633337    -0.0996      7.045   275.2755 1.2388e-01     2.0209      9.366     13.584     6.9490 0.0000e+00
      9.551      0.002     7.6081     61.462    253.798 162.231066    -0.0877      7.046   274.7693 1.2385e-01     2.2808      9.366     13.584     6.9497 0.0000e+00
      9.551      0.004     7.5740     61.225    251.292 160.641505    -0.0867      7.046   275.1579 1.2380e-01     2.4364      9.366     13.584     6.9513 0.0000e+00
      9.551      0.007     7.5393     60.984    249.759 159.673700    -0.0869      7.046   276.7047 1.2379e-01     2.5019      9.366     13.585     6.9539 0.0000e+00
      9.552      0.010     7.4940     60.735    249.715 159.659148    -0.0903      7.046   280.3941 1.2384e-01     2.7313      9.368     13.587     6.9566 0.0000e+00
      9.556      0.012     7.4602     60.510    251.054 160.529392    -0.0947      7.046   283.1991 1.2385e-01     3.1257      9.369     13.589     6.9590 0.0000e+00
      9.561      0.012     7.4347     60.313    253.070 161.832258    -0.0902      7.046   283.3451 1.2382e-01     3.3431      9.375     13.598     6.9614 0.0000e+00
      9.566      0.012     7.4048     60.143    255.015 163.089634    -0.0848      7.047   283.7083 1.2380e-01     3.3788      9.382     13.609     6.9639 0.0000e+00
      9.569      0.011     7.3713     60.001    256.393 163.983848    -0.0801      7.048   283.9765 1.2379e-01     3.4892      9.384     13.611     6.9666 0.0000e+00
      9.571      0.008     7.3443     59.859    257.033 164.407109    -0.0761      7.048   280.9959 1.2378e-01     3.6865      9.385     13.613     6.9695 0.0000e+00
      9.572      0.005     7.3200     59.734    256.961 164.375943    -0.0772      7.049   277.3534 1.2377e-01     3.7825      9.387     13.615     6.9723 0.0000e+00
      9.572      0.003     7.2975     59.655    256.733 164.245598    -0.0852      7.049   276.1584 1.2374e-01     3.7623      9.387     13.614     6.9749 0.0000e+00
      9.573      0.002     7.2828     59.579    257.191 164.555258    -0.0891      7.049   275.2367 1.2377e-01     3.7166      9.387     13.615     6.9772 0.0000e+00
      9.573      0.002     7.2646     59.488    258.343 165.310303    -0.0826      7.049   274.4691 1.2387e-01     3.7079      9.387     13.615     6.9800 0.0000e+00
      9.573      0.003     7.2443     59.401    259.840 166.286547    -0.0813      7.050   275.5670 1.2393e-01     3.7594      9.387     13.615     6.9829 0.0000e+00
      9.573      0.004     7.2393     59.294    261.977 167.673883    -0.0826      7.050   277.1544 1.2393e-01     3.7921      9.388     13.616     6.9859 0.0000e+00
      9.574      0.005     7.2304     59.175    265.001 169.630747    -0.0807      7.050   278.0031 1.2389e-01     3.8648      9.388     13.616     6.9891 0.0000e+00
      9.575      0.005     7.2150     59.083    268.165 171.679907    -0.0839      7.050   280.4077 1.2389e-01     3.9887      9.390     13.619     6.9926 0.0000e+00
      9.578      0.005     7.2078     59.013    270.237 173.031966    -0.0798      7.051   283.1698 1.2389e-01     4.0603      9.393     13.624     6.9961 0.0000e+00
      9.580      0.005     7.1931     58.960    271.161 173.649636    -0.0724      7.051   283.4372 1.2383e-01     4.0820      9.395     13.626     6.9999 0.0000e+00
      9.581      0.004     7.1746     58.931    272.027 174.229109    -0.0869      7.050   282.8663 1.2382e-01     4.1143      9.395     13.627     7.0038 0.0000e+00
      9.581      0.002     7.1640     58.911    273.480 175.182954    -0.1044      7.049   282.2902 1.2386e-01     4.1777      9.395     13.627     7.0082 0.0000e+00
      9.581      0.002     7.1554     58.896    275.491 176.493589    -0.1012      7.050   279.2245 1.2388e-01     4.1995      9.396     13.627     7.0131 0.0000e+00
      9.581      0.003     7.1462     58.883    277.609 177.872444    -0.0893      7.051   275.7408 1.2389e-01     4.1727      9.396     13.628     7.0180 0.0000e+00
      9.581      0.004     7.1441     58.874    279.651 179.203189    -0.0858      7.051   274.6705 1.2384e-01     4.1613      9.395     13.627     7.0226 0.0000e+00
      9.582      0.005     7.1400     58.869    282.047 180.761939    -0.0926      7.052   274.1994 1.2380e-01     4.1986      9.395     13.627     7.0270 0.0000e+00
      9.584      0.006     7.1380     58.857    284.871 182.596019    -0.0961      7.052   273.8308 1.2385e-01     4.2140      9.398     13.631     7.0309 0.0000e+00
      9.588      0.006     7.1357     58.849    287.714 184.442618    -0.0953      7.052   274.2581 1.2387e-01     4.1759      9.403     13.638     7.0347 0.0000e+00
      9.590      0.006     7.1328     58.841    290.141 186.023477    -0.0909      7.052   277.2139 1.2379e-01     4.2508      9.405     13.641     7.0388 0.0000e+00
      9.590      0.005     7.1341     58.839    292.034 187.263957    -0.0839      7.052   280.4881 1.2374e-01     4.4019      9.404     13.640     7.0429 0.0000e+00
      9.590      0.005     7.1286     58.846    293.933 188.509940    -0.0866      7.053   281.4087 1.2380e-01     4.4662      9.404     13.640     7.0472 0.0000e+00
      9.591      0.005     7.1291     58.849    296.153 189.964700    -0.0891      7.054   281.4624 1.2383e-01     4.4812      9.405     13.642     7.0513 0.0000e+00
      9.592      0.006     7.1263     58.857    298.278 191.363253    -0.0892      7.054   281.2236 1.2375e-01     4.4127      9.406     13.642     7.0557 0.0000e+00
      9.594      0.007     7.1245     58.872    300.094 192.568227    -0.0970      7.053   280.5001 1.2375e-01     4.2869      9.408     13.646     7.0604 0.0000e+00
      9.596      0.007     7.1264     58.859    301.735 193.663773    -0.0920      7.053   277.7915 1.2386e-01     4.2581      9.411     13.650     7.0649 0.0000e+00
      9.598      0.007     7.1246     58.834    303.280 194.697822    -0.0780      7.053   274.4576 1.2392e-01     4.2692      9.413     13.652     7.0700 0.0000e+00
      9.600      0.006     7.1233     58.839    304.832 195.734264    -0.0773      7.052   272.8851 1.2382e-01     4.1479      9.414     13.654     7.0761 0.0000e+00
      9.602      0.005     7.1275     58.851    306.427 196.794293    -0.0761      7.052   272.7173 1.2374e-01     3.9189      9.417     13.659     7.0828 0.0000e+00
      9.603      0.003     7.1234     58.841    307.931 197.793273    -0.0711      7.053   274.9240 1.2374e-01     3.7892      9.418     13.660     7.0900 0.0000e+00
      9.604      0.002     7.1153     58.826    309.340 198.730707    -0.0752      7.054   277.2820 1.2374e-01     3.7749      9.418     13.659     7.0972 0.0000e+00
      9.604      0.001     7.1172     58.826    310.778 199.685748    -0.0841      7.054   277.9958 1.2376e-01     3.7800      9.418     13.659     7.1040 0.0000e+00
      9.604      0.000     7.1196     58.820    312.318 200.705328    -0.0956      7.054   279.8549 1.2376e-01     3.7830      9.418     13.659     7.1096 0.0000e+00
      9.603     -0.001     7.1160     58.770    314.149 201.910931    -0.1066      7.054   281.1763 1.2373e-01     3.7431      9.418     13.659     7.1147 0.0000e+00
      9.603     -0.001     7.1113     58.672    316.203 203.259406    -0.1087      7.054   280.8949 1.2376e-01     3.7076      9.417     13.658     7.1201 0.0000e+00
      9.603     -0.001     7.1126     58.611    318.038 204.470416    -0.1047      7.054   279.9797 1.2382e-01     3.7296      9.418     13.659     7.1252 0.0000e+00
      9.603      0.000     7.1119     58.595    319.665 205.548768    -0.0996      7.055   276.9932 1.2386e-01     3.7351      9.417     13.658     7.1300 0.0000e+00
      9.603      0.000     7.1077     58.505    321.706 206.892177    -0.1046      7.055   274.1255 1.2381e-01     3.7056      9.417     13.658     7.1345 0.0000e+00
      9.603      0.001     7.0884     58.359    324.350 208.619762    -0.1160      7.056   273.0966 1.2373e-01     3.6810      9.417     13.658     7.1388 0.0000e+00
      9.603      0.002     7.0775     58.288    327.039 210.374867    -0.1208      7.057   272.9000 1.2369e-01     3.6764      9.416     13.657     7.1437 0.0000e+00
      9.603      0.005     7.0858     58.271    329.400 211.921818    -0.1206      7.057   274.2436 1.2371e-01     3.6854      9.417     13.659     7.1490 0.0000e+00
      9.603      0.007     7.0727     58.251    331.300 213.179362    -0.1057      7.056   277.1245 1.2376e-01     3.6869      9.418     13.659     7.1540 0.0000e+00
      9.605      0.007     7.0424     58.231    332.801 214.186643    -0.0905      7.056   279.5106 1.2382e-01     3.6939      9.419     13.661     7.1581 0.0000e+00
      9.610      0.007     7.0383     58.196    334.316 215.203409    -0.0942      7.057   280.2938 1.2383e-01     3.9756      9.424     13.668     7.1617 0.0000e+00
      9.613      0.006     7.0391     58.179    335.988 216.319069    -0.0926      7.058   279.8838 1.2378e-01     4.5307      9.428     13.674     7.1657 0.0000e+00
      9.614      0.005     7.0321     58.213    337.660 217.433344    -0.0877      7.058   277.4783 1.2373e-01     4.8721      9.429     13.675     7.1712 0.0000e+00
      9.614      0.003     7.0330     58.254    339.358 218.560864    -0.0937      7.057   273.9237 1.2379e-01     4.9940      9.428     13.675     7.1777 0.0000e+00
      9.614      0.001     7.0242     58.270    341.091 219.708020    -0.0899      7.057   272.2672 1.2384e-01     5.1847      9.428     13.674     7.1840 0.0000e+00
      9.613      0.001     7.0184     58.277    342.845 220.867095    -0.0824      7.058   272.3352 1.2378e-01     5.4364      9.427     13.673     7.1899 0.0000e+00
      9.613      0.002     7.0253     58.286    344.573 222.010058    -0.0869      7.057   273.0246 1.2378e-01     5.6110      9.428     13.674     7.1954 0.0000e+00
      9.614      0.004     7.0311     58.291    346.298 223.153953    -0.0949      7.057   275.5258 1.2384e-01     5.7246      9.428     13.675     7.2006 0.0000e+00
      9.615      0.005     7.0302     58.298    348.162 224.387716    -0.1042      7.057   279.0023 1.2378e-01     6.0931      9.429     13.676     7.2051 0.0000e+00
      9.617      0.005     7.0295     58.303    349.783 225.463899    -0.0996      7.057   280.4703 1.2369e-01     6.7186      9.430     13.677     7.2091 0.0000e+00
      9.620      0.004     7.0316     58.298    350.839 226.175040    -0.0881      7.058   280.1974 1.2374e-01     7.0696      9.433     13.682     7.2134 0.0000e+00
      9.622      0.003     7.0296     58.286    351.624 226.709418    -0.0994      7.058   279.4894 1.2376e-01     7.0586      9.436     13.686     7.2182 0.0000e+00
      9.622      0.002     7.0302     58.274    352.422 227.249384    -0.1193      7.057   277.6741 1.2371e-01     7.0640      9.436     13.686     7.2230 0.0000e+00
      9.621      0.001     7.0307     58.274    353.397 227.899860    -0.1290      7.058   274.8551 1.2371e-01     7.1690      9.435     13.684     7.2274 0.0000e+00
      9.621      0.000     7.0287     58.264    354.580 228.681325    -0.1165      7.058   272.9370 1.2376e-01     7.2353      9.435     13.684     7.2317 0.0000e+00
      9.621 3.7566e-08     7.0270     58.232    355.758 229.459701    -0.0935      7.058   272.4650 1.2377e-01     7.2505      9.435     13.684     7.2359 0.0000e+00
      9.621 4.1323e-07     7.0229     58.187    356.774 230.136649    -0.0916      7.058   272.6758 1.2379e-01     7.1828      9.435     13.684     7.2396 0.0000e+00
      9.621      0.000     7.0245     58.130    357.735 230.780528    -0.0944      7.058   274.3673 1.2382e-01     7.0997      9.434     13.683     7.2426 0.0000e+00
      9.621      0.000     7.0238     58.060    358.880 231.543231    -0.0855      7.059   277.1713 1.2377e-01     7.1330      9.435     13.684     7.2450 0.0000e+00
      9.621      0.001     7.0176     57.980    360.135 232.375355    -0.0836      7.060   278.7879 1.2368e-01     7.1416      9.435     13.684     7.2476 0.0000e+00
      9.621      0.001     7.0126     57.888    361.208 233.089550    -0.0964      7.060   277.5662 1.2367e-01     6.7944      9.435     13.685     7.2506 0.0000e+00
      9.621      0.002     7.0052     57.798    362.131 233.707515    -0.1071      7.060   276.0799 1.2375e-01     6.2145      9.435     13.684     7.2540 0.0000e+00
      9.621      0.002     6.9955     57.710    363.074 234.336970    -0.1042      7.059   276.5627 1.2379e-01     5.9369      9.435     13.684     7.2575 0.0000e+00
      9.622      0.003     6.9860     57.602    364.066 234.997676    -0.1034      7.058   275.4875 1.2376e-01     5.8288      9.436     13.686     7.2605 0.0000e+00
      9.623      0.004     6.9731     57.489    364.981 235.608880    -0.1142      7.057   272.6306 1.2375e-01     5.1126      9.438     13.688     7.2636 0.0000e+00
      9.624      0.005     6.9616     57.389    365.692 236.088180    -0.1179      7.057   272.0484 1.2383e-01     3.9039      9.437     13.688     7.2666 0.0000e+00
      9.625      0.005     6.9529     57.286    366.300 236.499556    -0.0986      7.058   274.3849 1.2390e-01     3.3067      9.438     13.690     7.2696 0.0000e+00
      9.627      0.005     6.9376     57.191    366.839 236.866126    -0.0882      7.058   276.1866 1.2386e-01     3.3236      9.441     13.694     7.2724 0.0000e+00
      9.629      0.004     6.9221     57.114    367.209 237.124030    -0.1002      7.058   276.7108 1.2381e-01     3.6986      9.443     13.696     7.2753 0.0000e+00
      9.630      0.003     6.9117     57.019    367.469 237.310882    -0.0947      7.059   278.2278 1.2381e-01     4.4581      9.444     13.697     7.2780 0.0000e+00
      9.631      0.002     6.8978     56.913    367.767 237.523268    -0.0805      7.059   278.6116 1.2378e-01     4.9237      9.444     13.698     7.2805 0.0000e+00
      9.631      0.001     6.8841     56.818    368.117 237.769463    -0.0862      7.059   275.9314 1.2375e-01     4.9553      9.445     13.698     7.2830 0.0000e+00
      9.631     -0.002     6.8782     56.734    368.414 237.980563    -0.1047      7.058   272.3215 1.2380e-01     4.6360      9.445     13.699     7.2855 0.0000e+00
      9.631     -0.005     6.8652     56.663    368.657 238.153100    -0.1217      7.057   270.4984 1.2384e-01     4.0344      9.445     13.699     7.2881 0.0000e+00
      9.630     -0.009     6.8498     56.582    368.893 238.317537    -0.1251      7.057   270.3219 1.2384e-01     3.6942      9.444     13.697     7.2909 0.0000e+00
      9.628     -0.011     6.8400     56.486    369.154 238.494777    -0.1213      7.057   270.1024 1.2379e-01     3.6315      9.442     13.694     7.2937 0.0000e+00
      9.623     -0.011     6.8271     56.396    369.452 238.693919    -0.1177      7.057   271.8012 1.2379e-01     3.1397      9.438     13.688     7.2963 0.0000e+00
      9.618     -0.011     6.8210     56.320    369.713 238.866804    -0.1146      7.056   275.8916 1.2383e-01     2.1887      9.431     13.679     7.2985 0.0000e+00
      9.614     -0.011     6.8108     56.235    369.888 238.982901    -0.1086      7.055   278.9492 1.2383e-01     1.6966      9.426     13.672     7.3001 0.0000e+00
      9.613     -0.012     6.7974     56.125    370.024 239.072218    -0.0952      7.054   279.3451 1.2380e-01     1.7669      9.427     13.673     7.3012 0.0000e+00
      9.613     -0.013     6.7862     56.013    370.189 239.177659    -0.0857      7.052   276.6344 1.2377e-01     1.9454      9.428     13.674     7.3021 0.0000e+00
      9.611     -0.016     6.7780     55.906    370.375 239.296434    -0.0853      7.052   274.2225 1.2380e-01     2.1471      9.426     13.670     7.3027 0.0000e+00
