Data/DataNotYetUploadedToEDI/Raw_CTD/RawDownloads/120423_bvr50_S8188001.cnv
* Sea-Bird SBE19plus  Data File:
* FileName = C:\R\Reservoirs\Data\DataNotYetUploadedToEDI\Raw_CTD\RawDownloads\120423_bvr50_S8188_0001.hex
* Software version 2.8.0.119
* Temperature SN = 8188
* Conductivity SN = 8188
* System UpLoad Time = Dec 07 2023 11:04:02
* <ApplicationData>
* <Seaterm232>
# nquan = 16
# nvalues = 1979                        
# units = specified
# name 0 = depFM: Depth [fresh water, m]
# name 1 = dz/dtM: Descent Rate [m/s]
# name 2 = sbeox0Mg/L: Oxygen, SBE 43 [mg/l]
# name 3 = sbeox0PS: Oxygen, SBE 43 [% saturation]
# name 4 = specc: Specific Conductance [uS/cm]
# name 5 = c0uS/cm: Conductivity [uS/cm]
# name 6 = wetCDOM: Fluorescence, WET Labs CDOM [mg/m^3]
# name 7 = flECO-AFL: Fluorescence, WET Labs ECO-AFL/FL [mg/m^3]
# name 8 = flECO-AFL1: Fluorescence, WET Labs ECO-AFL/FL, 2 [mg/m^3]
# name 9 = flECO-AFL2: Fluorescence, WET Labs ECO-AFL/FL, 3 [mg/m^3]
# name 10 = par/sat/log: PAR/Logarithmic, Satlantic
# name 11 = turbWETntu0: Turbidity, WET Labs ECO [NTU]
# name 12 = prdM: Pressure, Strain Gauge [db]
# name 13 = prdE: Pressure, Strain Gauge [psi]
# name 14 = tv290C: Temperature [ITS-90, deg C]
# name 15 = flag:  0.000e+00
# span 0 =     -0.808,      8.447       
# span 1 =     -0.286,      0.123       
# span 2 =     6.0883,     7.6200       
# span 3 =     50.412,     63.152       
# span 4 =      0.700,     34.739       
# span 5 =   0.474001,  22.376758       
# span 6 =    -4.5000,     5.4900       
# span 7 =    -1.5994,    33.2140       
# span 8 =    -2.1300,     0.5538       
# span 9 =    -2.0304,     1.3959       
# span 10 = 1.1587e-01, 7.7813e+02      
# span 11 =    -0.1979,   947.3319      
# span 12 =     -0.792,      8.284      
# span 13 =     -1.150,     12.015      
# span 14 =     7.0439,     8.8802      
# span 15 = 0.0000e+00, 0.0000e+00      
# interval = seconds: 0.25
# start_time = Dec 04 2023 11:27:23 [Instrument's time stamp, header]
# bad_flag = -9.990e-29
*END*
[from data line 272]
     -0.019      0.024     7.0748     58.595     33.494  21.481457     5.0400     4.2600     0.3408     0.9306 2.8888e+02     8.7600     -0.019     -0.026     7.0671 0.0000e+00
     -0.012      0.026     7.0823     58.609     33.501  21.485897     5.0400     4.2371     0.3408     0.9306 1.7167e+02     8.7600     -0.012     -0.016     7.0666 0.0000e+00
     -0.004      0.027     7.0905     58.601     33.514  21.494111     5.0400     4.2524     0.3408     0.9306 1.9371e+02     8.7300     -0.004     -0.006     7.0662 0.0000e+00
      0.004      0.025     7.0967     58.569     33.524  21.500371     5.0400     4.2524     0.3408     0.9306 1.7609e+02     8.6999      0.004      0.006     7.0659 0.0000e+00
      0.012      0.020     7.1005     58.532     33.533  21.506347     4.9500     4.0159     0.3408     0.9729 1.8963e+02     8.6698      0.011      0.017     7.0657 0.0000e+00
      0.018      0.014     7.1022     58.506     33.550  21.517590     4.9500     4.0083     0.3408     0.9729 1.6028e+02     8.7901      0.017      0.026     7.0657 0.0000e+00
      0.021      0.007     7.1012     58.485     33.567  21.529182     4.9500     3.9739     0.3408     0.9729 1.6415e+02     8.8051      0.021      0.031     7.0658 0.0000e+00
      0.021      0.000     7.0973     58.453     33.571  21.532340     4.9500     4.0083     0.3408     0.9729 1.6772e+02     8.6097      0.021      0.031     7.0661 0.0000e+00
      0.018     -0.005     7.0927     58.408     33.564  21.527905     4.9500     3.6039     0.3408     0.8883 2.4416e+02     8.6999      0.018      0.026     7.0666 0.0000e+00
      0.014     -0.009     7.0894     58.362     33.556  21.522610     4.9500     3.6268     0.3408     0.8883 3.0573e+02     8.7751      0.013      0.020     7.0672 0.0000e+00
      0.009     -0.009     7.0868     58.324     33.544  21.515045     4.9500     3.6230     0.3408     0.8883 2.6004e+02     8.7600      0.009      0.014     7.0678 0.0000e+00
      0.007     -0.008     7.0828     58.298     33.525  21.503192     4.9500     3.6611     0.3408     0.8883 2.7888e+02     8.6698      0.007      0.010     7.0683 0.0000e+00
      0.006     -0.005     7.0773     58.285     33.513  21.495766     4.9500     3.8709     0.3408     0.8883 2.2697e+02     8.6698      0.006      0.009     7.0687 0.0000e+00
      0.005     -0.001     7.0717     58.289     33.518  21.498703     5.0400     3.8786     0.2982     0.7191 4.2355e+02     8.6097      0.005      0.008     7.0689 0.0000e+00
      0.005      0.001     7.0671     58.315     33.533  21.508827     5.0400     3.8938     0.2982     0.7191 2.6345e+02     8.6999      0.005      0.008     7.0690 0.0000e+00
      0.006      0.003     7.0639     58.362     33.546  21.516964     5.0400     3.8747     0.2982     0.7191 2.1450e+02     8.6398      0.006      0.009     7.0690 0.0000e+00
      0.008      0.003     7.0623     58.410     33.546  21.517367     5.0400     4.0159     0.2982     0.7191 2.6679e+02     8.6999      0.008      0.012     7.0690 0.0000e+00
      0.010      0.003     7.0627     58.448     33.541  21.514100     5.0400     3.9587     0.3408     0.8460 2.8181e+02     8.6698      0.010      0.014     7.0691 0.0000e+00
      0.011      0.003     7.0660     58.475     33.534  21.510251     5.0400     4.0044     0.3408     0.8460 1.6362e+02     8.6398      0.011      0.016     7.0693 0.0000e+00
      0.012      0.002     7.0716     58.491     33.532  21.508753     5.0400     3.9930     0.3408     0.8460 1.9042e+02     8.6849      0.011      0.016     7.0694 0.0000e+00
      0.011      0.001     7.0773     58.506     33.545  21.517123     5.0400     3.9243     0.3408     0.8460 2.3256e+02     8.6999      0.011      0.016     7.0695 0.0000e+00
      0.011      0.001     7.0819     58.514     33.564  21.529676     4.9500     3.9510     0.3408     0.8037 2.3715e+02     8.6398      0.011      0.015     7.0697 0.0000e+00
      0.011      0.002     7.0852     58.502     33.571  21.533925     4.9500     3.9434     0.3408     0.8037 4.5120e+02     8.6999      0.010      0.015     7.0699 0.0000e+00
      0.011      0.005     7.0871     58.482     33.572  21.534963     4.9500     3.9434     0.3408     0.8037 1.8113e+02     8.6548      0.011      0.016     7.0701 0.0000e+00
      0.013      0.008     7.0888     58.474     33.575  21.537024     4.9500     3.9892     0.3408     0.8037 2.8077e+02     8.6698      0.012      0.018     7.0703 0.0000e+00
      0.015      0.013     7.0898     58.480     33.575  21.536699     5.0400     4.0083     0.3408     0.8883 2.0245e+02     8.7149      0.014      0.021     7.0705 0.0000e+00
      0.018      0.020     7.0883     58.496     33.570  21.533903     5.0400     4.0006     0.3408     0.8883 1.9225e+02     8.6849      0.017      0.025     7.0708 0.0000e+00
      0.022      0.031     7.0859     58.508     33.561  21.527889     5.0400     3.9930     0.3408     0.8883 2.1181e+02     8.6097      0.022      0.031     7.0710 0.0000e+00
      0.029      0.044     7.0848     58.507     33.557  21.524970     5.0400     4.1875     0.3408     0.8883 4.5326e+02     8.6698      0.028      0.041     7.0711 0.0000e+00
      0.040      0.058     7.0856     58.514     33.563  21.528327     5.0400     4.1837     0.3408     0.8883 2.2825e+02     8.6999      0.039      0.056     7.0711 0.0000e+00
      0.057      0.072     7.0876     58.541     33.568  21.530937     4.9500     4.1456     0.3408     0.7614 3.4507e+02     8.6248      0.056      0.081     7.0710 0.0000e+00
      0.080      0.084     7.0890     58.564     33.566  21.529539     4.9500     4.1837     0.3408     0.7614 1.9283e+02     8.6999      0.079      0.114     7.0708 0.0000e+00
      0.108      0.091     7.0890     58.556     33.557  21.523759     4.9500     4.4355     0.3408     0.7614 1.5363e+02     8.6097      0.106      0.153     7.0703 0.0000e+00
      0.135      0.094     7.0900     58.514     33.545  21.516015     4.9500     4.4241     0.3408     0.7614 1.7933e+02     8.6698      0.133      0.193     7.0698 0.0000e+00
      0.161      0.092     7.0933     58.471     33.533  21.508199     4.9500     4.4241     0.3408     0.9306 2.5280e+02     8.6698      0.157      0.229     7.0693 0.0000e+00
      0.183      0.087     7.0961     58.456     33.517  21.498228     4.9500     4.4202     0.3408     0.9306 1.8066e+02     8.6999      0.179      0.261     7.0690 0.0000e+00
      0.204      0.080     7.0952     58.469     33.504  21.489380     4.9500     4.1647     0.3408     0.9306 1.5443e+02     8.7901      0.200      0.290     7.0689 0.0000e+00
      0.223      0.073     7.0901     58.492     33.497  21.485234     4.9500     4.1952     0.3408     0.9306 1.3081e+02     8.6999      0.219      0.318     7.0688 0.0000e+00
      0.242      0.066     7.0849     58.506     33.496  21.484684     4.9500     4.2143     0.2982     0.9306 1.2672e+02     8.6548      0.237      0.343     7.0687 0.0000e+00
      0.258      0.060     7.0831     58.513     33.501  21.487583     4.9500     4.1875     0.2982     0.9306 1.3192e+02     8.6398      0.253      0.366     7.0687 0.0000e+00
      0.272      0.054     7.0847     58.526     33.502  21.488766     4.9500     4.1723     0.2982     0.9306 1.1075e+02     8.6999      0.267      0.387     7.0686 0.0000e+00
      0.285      0.049     7.0875     58.536     33.499  21.486570     4.9500     4.1723     0.2982     0.9306 1.4111e+02     8.7300      0.279      0.405     7.0686 0.0000e+00
      0.296      0.045     7.0892     58.521     33.502  21.488327     4.9500     4.2143     0.2982     0.9306 1.0426e+02     8.7901      0.290      0.420     7.0686 0.0000e+00
      0.306      0.041     7.0901     58.487     33.512  21.494505     5.1300     4.1875     0.3408     0.8883 1.2091e+02     8.6999      0.300      0.435     7.0686 0.0000e+00
      0.316      0.039     7.0916     58.467     33.518  21.498833     5.1300     4.2028     0.3408     0.8883 1.3004e+02     8.5947      0.310      0.449     7.0686 0.0000e+00
      0.326      0.037     7.0928     58.486     33.518  21.498509     5.1300     4.1723     0.3408     0.8883 9.6938e+01     8.5646      0.319      0.462     7.0686 0.0000e+00
      0.334      0.036     7.0910     58.530     33.516  21.497404     5.1300     4.1952     0.3408     0.8883 1.0378e+02     8.6698      0.328      0.475     7.0685 0.0000e+00
      0.343      0.035     7.0870     58.561     33.519  21.499181     5.0400     4.1723     0.3408     0.8883 1.1039e+02     8.7901      0.337      0.488     7.0685 0.0000e+00
      0.352      0.034     7.0845     58.565     33.526  21.504315     5.0400     4.1761     0.3408     0.8883 1.1686e+02     8.5947      0.345      0.500     7.0685 0.0000e+00
      0.361      0.035     7.0867     58.547     33.542  21.514176     5.0400     4.1685     0.3408     0.8883 9.3199e+01     8.6849      0.354      0.513     7.0685 0.0000e+00
      0.369      0.036     7.0921     58.504     33.556  21.523474     5.0400     4.1952     0.3408     0.8883 1.3703e+02     8.6548      0.362      0.524     7.0686 0.0000e+00
      0.377      0.038     7.0957     58.451     33.561  21.526774     5.0400     4.1723     0.3408     0.8883 1.0297e+02     8.6248      0.370      0.536     7.0687 0.0000e+00
      0.387      0.040     7.0962     58.413     33.565  21.528912     5.0400     4.2295     0.3408     0.8883 1.6182e+02     8.5947      0.379      0.550     7.0688 0.0000e+00
      0.397      0.044     7.0941     58.399     33.573  21.534419     5.0400     4.2257     0.3408     0.8883 1.0164e+02     8.6849      0.390      0.565     7.0689 0.0000e+00
      0.409      0.048     7.0889     58.415     33.583  21.540804     5.0400     4.2524     0.3408     0.8883 1.3623e+02     8.7600      0.401      0.581     7.0689 0.0000e+00
      0.421      0.051     7.0824     58.465     33.585  21.541852     4.9500     4.2448     0.3408     0.9729 1.1813e+02     8.6097      0.413      0.599     7.0690 0.0000e+00
      0.435      0.054     7.0778     58.520     33.579  21.537844     4.9500     4.2944     0.3408     0.9729 1.0865e+02     8.7300      0.427      0.619     7.0691 0.0000e+00
      0.451      0.056     7.0761     58.566     33.569  21.531669     4.9500     4.3058     0.3408     0.9729 1.0383e+02     8.7600      0.442      0.641     7.0692 0.0000e+00
      0.466      0.058     7.0781     58.608     33.554  21.521679     4.9500     4.3096     0.3408     0.9729 1.2099e+02     8.7751      0.457      0.663     7.0692 0.0000e+00
      0.481      0.060     7.0842     58.631     33.544  21.515108     4.9500     4.2982     0.3408     0.9729 9.7022e+01     8.6999      0.472      0.684     7.0691 0.0000e+00
      0.495      0.062     7.0909     58.629     33.545  21.516141     4.8600     4.3211     0.3408     0.9729 1.2505e+02     8.6248      0.485      0.704     7.0690 0.0000e+00
      0.510      0.065     7.0964     58.615     33.544  21.515158     4.8600     4.3058     0.3408     0.9729 8.8406e+01     8.6849      0.500      0.725     7.0689 0.0000e+00
      0.526      0.066     7.1014     58.602     33.537  21.509916     4.8600     4.3173     0.3408     0.9729 1.0905e+02     8.7300      0.516      0.749     7.0689 0.0000e+00
      0.545      0.066     7.1043     58.595     33.532  21.506934     4.8600     4.3173     0.3408     0.9729 9.5371e+01     8.7300      0.535      0.776     7.0688 0.0000e+00
      0.565      0.063     7.1041     58.588     33.536  21.509377     4.9500     4.1303     0.3408     1.0152 8.2916e+01     8.6398      0.554      0.804     7.0686 0.0000e+00
      0.583      0.058     7.1025     58.560     33.542  21.513937     4.9500     4.1303     0.3408     1.0152 7.1449e+01     8.6849      0.572      0.830     7.0683 0.0000e+00
      0.598      0.050     7.1010     58.514     33.548  21.517872     4.9500     4.1151     0.3408     1.0152 7.8056e+01     8.7600      0.587      0.851     7.0679 0.0000e+00
      0.609      0.042     7.1002     58.482     33.548  21.518272     4.9500     4.1303     0.3408     1.0152 7.5915e+01     8.6999      0.598      0.867     7.0676 0.0000e+00
      0.617      0.034     7.0993     58.475     33.537  21.511285     4.9500     4.1227     0.3408     0.9306 8.3187e+01     8.6398      0.605      0.878     7.0676 0.0000e+00
      0.622      0.029     7.0959     58.467     33.524  21.502966     4.9500     4.1303     0.3408     0.9306 7.7633e+01     8.6097      0.611      0.885     7.0679 0.0000e+00
      0.628      0.028     7.0902     58.437     33.518  21.499014     4.9500     4.1074     0.3408     0.9306 7.7532e+01     8.6849      0.616      0.893     7.0684 0.0000e+00
      0.633      0.030     7.0862     58.392     33.517  21.498373     4.9500     4.1227     0.3408     0.9306 1.0087e+02     8.6999      0.621      0.901     7.0689 0.0000e+00
      0.640      0.034     7.0853     58.360     33.522  21.500873     4.9500     4.3096     0.3408     1.0575 8.0975e+01     8.5646      0.628      0.910     7.0691 0.0000e+00
      0.649      0.039     7.0843     58.356     33.526  21.503223     4.9500     4.2867     0.3408     1.0575 8.9333e+01     8.6698      0.637      0.924     7.0692 0.0000e+00
      0.661      0.044     7.0808     58.365     33.518  21.498132     4.9500     4.3173     0.3408     1.0575 7.7431e+01     8.7149      0.648      0.940     7.0690 0.0000e+00
      0.674      0.049     7.0754     58.378     33.497  21.484242     4.9500     4.2982     0.3408     1.0575 8.3840e+01     8.8202      0.661      0.959     7.0687 0.0000e+00
      0.687      0.052     7.0716     58.410     33.474  21.469725     4.9500     4.0960     0.3408     1.0575 6.1420e+01     8.7149      0.674      0.978     7.0682 0.0000e+00
      0.701      0.055     7.0711     58.467     33.460  21.460606     5.0400     4.1303     0.2982     1.0575 7.8141e+01     8.6999      0.687      0.997     7.0679 0.0000e+00
      0.715      0.057     7.0723     58.522     33.457  21.458410     5.0400     4.1151     0.2982     1.0575 5.8706e+01     8.7149      0.701      1.017     7.0676 0.0000e+00
      0.730      0.059     7.0739     58.555     33.463  21.462554     5.0400     4.1494     0.2982     1.0575 5.3819e+01     8.6999      0.716      1.038     7.0674 0.0000e+00
      0.745      0.060     7.0778     58.553     33.469  21.466224     5.0400     4.2295     0.2982     1.0575 6.0664e+01     8.6248      0.731      1.060     7.0673 0.0000e+00
      0.761      0.061     7.0847     58.511     33.469  21.466441     4.9500     4.2677     0.2982     1.0152 5.8757e+01     8.7450      0.746      1.082     7.0671 0.0000e+00
      0.777      0.061     7.0914     58.455     33.473  21.469201     4.9500     4.2219     0.2982     1.0152 5.0488e+01     8.6999      0.762      1.106     7.0670 0.0000e+00
      0.794      0.060     7.0954     58.412     33.489  21.479198     4.9500     4.2448     0.2982     1.0152 4.6770e+01     8.6849      0.778      1.129     7.0670 0.0000e+00
      0.810      0.058     7.0951     58.389     33.507  21.491180     4.9500     4.0655     0.2982     1.0152 5.6947e+01     8.6999      0.794      1.151     7.0671 0.0000e+00
      0.825      0.054     7.0900     58.391     33.512  21.494490     4.9500     4.0350     0.3408     1.0575 4.6567e+01     8.6849      0.809      1.173     7.0673 0.0000e+00
      0.839      0.048     7.0832     58.419     33.508  21.491988     4.9500     4.0655     0.3408     1.0575 4.0469e+01     8.6698      0.823      1.193     7.0674 0.0000e+00
      0.851      0.042     7.0780     58.452     33.513  21.494882     4.9500     4.0731     0.3408     1.0575 4.5084e+01     8.6548      0.834      1.210     7.0675 0.0000e+00
      0.861      0.037     7.0752     58.478     33.527  21.503946     4.9500     3.9358     0.3408     1.0575 4.7850e+01     8.6398      0.844      1.224     7.0676 0.0000e+00
