Data/DataNotYetUploadedToEDI/Raw_CTD/RawDownloads/120423_fcr50_S8188002.cnv
* Sea-Bird SBE19plus  Data File:
* FileName = C:\R\Reservoirs\Data\DataNotYetUploadedToEDI\Raw_CTD\RawDownloads\120423_bvr50_S8188_0002.hex
* Software version 2.8.0.119
* Temperature SN = 8188
* Conductivity SN = 8188
* System UpLoad Time = Dec 07 2023 11:04:33
* <ApplicationData>
* <Seaterm232>
# nquan = 16
# nvalues = 2126                        
# units = specified
# name 0 = depFM: Depth [fresh water, m]
# name 1 = dz/dtM: Descent Rate [m/s]
# name 2 = sbeox0Mg/L: Oxygen, SBE 43 [mg/l]
# name 3 = sbeox0PS: Oxygen, SBE 43 [% saturation]
# name 4 = specc: Specific Conductance [uS/cm]
# name 5 = c0uS/cm: Conductivity [uS/cm]
# name 6 = wetCDOM: Fluorescence, WET Labs CDOM [mg/m^3]
# name 7 = flECO-AFL: Fluorescence, WET Labs ECO-AFL/FL [mg/m^3]
# name 8 = flECO-AFL1: Fluorescence, WET Labs ECO-AFL/FL, 2 [mg/m^3]
# name 9 = flECO-AFL2: Fluorescence, WET Labs ECO-AFL/FL, 3 [mg/m^3]
# name 10 = par/sat/log: PAR/Logarithmic, Satlantic
# name 11 = turbWETntu0: Turbidity, WET Labs ECO [NTU]
# name 12 = prdM: Pressure, Strain Gauge [db]
# name 13 = prdE: Pressure, Strain Gauge [psi]
# name 14 = tv290C: Temperature [ITS-90, deg C]
# name 15 = flag:  0.000e+00
# span 0 =     -0.736,      9.207       
# span 1 =     -0.287,      0.141       
# span 2 =     5.6294,     7.7707       
# span 3 =     46.113,     65.531       
# span 4 =      1.078,     45.940       
# span 5 =   0.769251,  30.829834       
# span 6 =    -9.1800,    46.4400       
# span 7 =    -1.6071,    13.6825       
# span 8 =    -2.8542,     6.5604       
# span 9 =    -3.4263,     5.5836       
# span 10 = 1.1592e-01, 1.7432e+03      
# span 11 =    -2.6178,    49.1009      
# span 12 =     -0.722,      9.029      
# span 13 =     -1.047,     13.095      
# span 14 =     6.7641,    10.6990      
# span 15 = 0.0000e+00, 0.0000e+00      
# interval = seconds: 0.25
# start_time = Dec 04 2023 13:58:31 [Instrument's time stamp, header]
# bad_flag = -9.990e-29
*END*
[from data line 1537]
      7.074      0.034     6.3008     51.678     45.060  28.628660     3.4200    10.2835     0.1278     1.9035 1.1607e-01     8.4143      6.937     10.062     6.7650 0.0000e+00
      7.082      0.034     6.3020     51.690     45.060  28.628701     3.4200    10.2797     0.1278     1.9035 1.1615e-01     8.4143      6.945     10.073     6.7652 0.0000e+00
      7.090      0.035     6.3040     51.701     45.073  28.636860     3.4200    10.2530     0.1278     1.9035 1.1628e-01     8.3542      6.953     10.085     6.7654 0.0000e+00
      7.100      0.036     6.3068     51.706     45.096  28.651355     3.4200    10.2606     0.1278     1.9035 1.1623e-01     8.4143      6.962     10.098     6.7655 0.0000e+00
      7.110      0.037     6.3091     51.699     45.110  28.660211     3.4200    10.4132     0.1278     1.9035 1.1623e-01     8.6097      6.972     10.113     6.7655 0.0000e+00
      7.120      0.036     6.3106     51.689     45.113  28.661829     3.6000    10.4170     0.0852     1.8189 1.1607e-01     8.6097      6.983     10.128     6.7655 0.0000e+00
      7.130      0.034     6.3120     51.677     45.117  28.664561     3.6000    10.4170     0.0852     1.8189 1.1605e-01     8.6097      6.992     10.142     6.7654 0.0000e+00
      7.139      0.030     6.3126     51.664     45.124  28.669136     3.6000    10.4056     0.0852     1.8189 1.1617e-01     8.5496      7.001     10.154     6.7652 0.0000e+00
      7.146      0.027     6.3118     51.651     45.130  28.672813     3.6000    10.5086     0.0852     1.8189 1.1617e-01     8.4745      7.008     10.164     6.7651 0.0000e+00
      7.152      0.023     6.3105     51.634     45.135  28.676573     3.3300    10.5239     0.1278     1.7766 1.1625e-01     8.3242      7.013     10.172     6.7651 0.0000e+00
      7.157      0.020     6.3091     51.607     45.130  28.673498     3.3300    10.5239     0.1278     1.7766 1.1610e-01     8.4594      7.018     10.179     6.7651 0.0000e+00
      7.161      0.017     6.3075     51.571     45.106  28.658810     3.3300    10.5315     0.1278     1.7766 1.1610e-01     8.4444      7.023     10.185     6.7652 0.0000e+00
      7.165      0.014     6.3058     51.526     45.083  28.644431     3.3300    10.1729     0.1278     1.7766 1.1628e-01     8.7300      7.026     10.191     6.7654 0.0000e+00
      7.168      0.012     6.3037     51.472     45.072  28.638405     3.2400    10.1424     0.0852     1.9035 1.1612e-01     8.5797      7.030     10.195     6.7657 0.0000e+00
      7.171      0.011     6.3004     51.415     45.073  28.639126     3.2400    10.1882     0.0852     1.9035 1.1615e-01     8.6398      7.032     10.199     6.7662 0.0000e+00
      7.173      0.010     6.2959     51.364     45.084  28.646787     3.2400    10.1538     0.0852     1.9035 1.1628e-01     8.6248      7.035     10.203     6.7667 0.0000e+00
      7.176      0.009     6.2903     51.328     45.090  28.651550     3.2400    10.3446     0.0852     1.9035 1.1592e-01     8.5797      7.037     10.206     6.7673 0.0000e+00
      7.178      0.009     6.2835     51.315     45.075  28.642807     3.2400    10.3369     0.0852     1.9035 1.1612e-01     8.6999      7.039     10.209     6.7678 0.0000e+00
      7.180      0.009     6.2766     51.346     45.048  28.626145     3.2400    10.3484     0.1278     1.8189 1.1615e-01     8.6999      7.041     10.212     6.7684 0.0000e+00
      7.182      0.010     6.2702     51.430     45.026  28.612960     3.2400    10.3446     0.1278     1.8189 1.1623e-01     8.5947      7.043     10.215     6.7691 0.0000e+00
      7.184      0.011     6.2657     51.538     45.030  28.615577     3.2400    10.1462     0.1278     1.8189 1.1607e-01     8.7300      7.045     10.218     6.7699 0.0000e+00
      7.187      0.013     6.2639     51.647     45.053  28.630734     3.2400    10.1805     0.1278     1.8189 1.1625e-01     8.7450      7.048     10.222     6.7707 0.0000e+00
      7.190      0.014     6.2676     51.747     45.065  28.638712     2.7000    10.1882     0.0852     1.8612 1.1612e-01     8.6248      7.051     10.227     6.7716 0.0000e+00
      7.194      0.015     6.2777     51.827     45.058  28.633719     2.7000    10.1615     0.0852     1.8612 1.1628e-01     8.5346      7.055     10.233     6.7723 0.0000e+00
      7.199      0.017     6.2909     51.876     45.046  28.626305     2.7000    10.4132     0.0852     1.8612 1.1628e-01     8.6398      7.059     10.239     6.7727 0.0000e+00
      7.203      0.018     6.3042     51.890     45.047  28.626371     2.7000    10.3827     0.0852     1.8612 1.1623e-01     8.6097      7.064     10.245     6.7729 0.0000e+00
      7.208      0.020     6.3164     51.862     45.059  28.633936     3.6900    10.3942     0.1278     1.9035 1.1610e-01     8.6097      7.068     10.252     6.7730 0.0000e+00
      7.213      0.022     6.3261     51.797     45.061  28.635177     3.6900    10.4094     0.1278     1.9035 1.1610e-01     8.5947      7.073     10.259     6.7729 0.0000e+00
      7.218      0.024     6.3322     51.728     45.048  28.626464     3.6900    10.3827     0.1278     1.9035 1.1610e-01     8.8502      7.079     10.267     6.7728 0.0000e+00
      7.225      0.026     6.3340     51.678     45.040  28.621313     3.6900    10.4285     0.1278     1.9035 1.1620e-01     8.9254      7.085     10.276     6.7726 0.0000e+00
      7.232      0.027     6.3306     51.638     45.035  28.618352     4.1400    10.4094     0.1278     1.9035 1.1628e-01     8.9855      7.092     10.286     6.7723 0.0000e+00
      7.240      0.028     6.3227     51.601     45.026  28.612832     4.1400    10.4247     0.1278     1.9035 1.1605e-01     8.8352      7.100     10.297     6.7721 0.0000e+00
      7.247      0.028     6.3142     51.569     45.017  28.607239     4.1400    11.3288     0.1278     1.9035 1.1623e-01     8.6097      7.107     10.307     6.7720 0.0000e+00
      7.254      0.028     6.3082     51.540     45.012  28.604042     4.1400    11.3250     0.1278     1.9035 1.1623e-01     8.6248      7.114     10.318     6.7719 0.0000e+00
      7.261      0.028     6.3033     51.525     45.022  28.610307     4.1400    11.3173     0.1278     1.9035 1.1610e-01     8.6248      7.121     10.328     6.7720 0.0000e+00
      7.268      0.028     6.2988     51.526     45.036  28.619787     3.3300    11.3173     0.0852     1.7766 1.1617e-01     8.6097      7.128     10.338     6.7720 0.0000e+00
      7.275      0.028     6.2948     51.528     45.034  28.619170     3.3300    11.4432     0.0852     1.7766 1.1625e-01     8.6849      7.135     10.347     6.7721 0.0000e+00
      7.282      0.028     6.2912     51.529     45.023  28.612250     3.3300    11.4165     0.0852     1.7766 1.1600e-01     8.7300      7.141     10.357     6.7722 0.0000e+00
      7.289      0.028     6.2894     51.537     45.017  28.609064     3.3300    11.4470     0.0852     1.7766 1.1612e-01     8.7600      7.148     10.367     6.7724 0.0000e+00
      7.296      0.029     6.2894     51.550     45.023  28.612719     3.7800    11.4508     0.1278     1.6920 1.1625e-01     8.6849      7.155     10.377     6.7727 0.0000e+00
      7.303      0.030     6.2896     51.571     45.034  28.620233     3.7800    11.9391     0.1278     1.6920 1.1612e-01     8.9705      7.162     10.388     6.7731 0.0000e+00
      7.311      0.032     6.2897     51.608     45.048  28.629647     3.7800    11.9239     0.1278     1.6920 1.1617e-01     8.8352      7.170     10.399     6.7735 0.0000e+00
      7.319      0.034     6.2905     51.658     45.063  28.639514     3.7800    11.9468     0.1278     1.6920 1.1620e-01     8.9705      7.177     10.410     6.7740 0.0000e+00
      7.327      0.038     6.2921     51.725     45.071  28.644544     4.5000    11.9239     0.1278     1.7343 1.1617e-01     8.9855      7.186     10.422     6.7744 0.0000e+00
      7.336      0.043     6.2946     51.826     45.075  28.646078     4.5000    11.5653     0.1278     1.7343 1.1612e-01     8.9554      7.195     10.435     6.7749 0.0000e+00
      7.347      0.050     6.2990     51.995     45.080  28.648486     4.5000    11.5615     0.1278     1.7343 1.1605e-01     8.9103      7.205     10.451     6.7752 0.0000e+00
      7.360      0.059     6.3052     52.269     45.088  28.652410     4.5000    11.5958     0.1278     1.7343 1.1628e-01     8.9254      7.218     10.469     6.7753 0.0000e+00
      7.376      0.069     6.3133     52.707     45.100  28.658896     4.3200    11.5233     0.0852     1.7343 1.1633e-01     8.9103      7.233     10.491     6.7752 0.0000e+00
      7.394      0.080     6.3258     53.422     45.112  28.665713     4.3200     9.8143     0.0852     1.7343 1.1612e-01     9.3161      7.251     10.517     6.7747 0.0000e+00
      7.416      0.093     6.3465     54.610     45.122  28.670720     4.3200     9.7800     0.0852     1.7343 1.1612e-01     9.3913      7.273     10.548     6.7737 0.0000e+00
      7.441      0.106     6.3801     56.557     45.124  28.671291     4.3200     9.7647     0.0852     1.7343 1.1623e-01     9.3161      7.297     10.584     6.7723 0.0000e+00
      7.470      0.119     6.4339     58.375     45.119  28.667580     4.3200     9.7952     0.0852     1.7343 1.1623e-01     9.3763      7.325     10.625     6.7710 0.0000e+00
      7.502      0.130     6.5214     58.478     45.118  28.666516     4.5000     8.2007     0.0852     1.5651 1.1623e-01     7.2119      7.357     10.670     6.7697 0.0000e+00
      7.538      0.138     6.6666     57.054     45.120  28.667816     4.5000     8.2083     0.0852     1.5651 1.1605e-01     7.2420      7.392     10.721     6.7686 0.0000e+00
      7.577      0.141     6.9045     54.991     45.120  28.667865     4.5000     8.2236     0.0852     1.5651 1.1610e-01     7.2871      7.430     10.776     6.7678 0.0000e+00
      7.618      0.139     7.1265     52.599     45.118  28.666677     4.5000     8.1930     0.0852     1.5651 1.1623e-01     7.2720      7.470     10.835     6.7672 0.0000e+00
      7.656      0.132     7.1392     50.157     45.119  28.667896     2.7900     8.8873     0.0852     1.5651 1.1605e-01     6.3702      7.508     10.890     6.7668 0.0000e+00
      7.690      0.122     6.9653     47.969     45.119  28.667887     2.7900     8.8797     0.0852     1.5651 1.1623e-01     6.2350      7.542     10.938     6.7665 0.0000e+00
      7.719      0.111     6.7134     46.433     45.104  28.658727     2.7900     8.8644     0.0852     1.5651 1.1617e-01     6.3402      7.569     10.978     6.7666 0.0000e+00
      7.743      0.101     6.4214     46.113     45.083  28.645894     2.7900     8.8644     0.0852     1.5651 1.1625e-01     6.2801      7.593     11.013     6.7669 0.0000e+00
      7.765      0.095     6.1232     46.960     45.071  28.637844     3.8700     9.1734     0.0852     1.5651 1.1612e-01     6.5205      7.615     11.044     6.7673 0.0000e+00
      7.786      0.091     5.8560     48.030     45.069  28.636392     3.8700     9.1696     0.0852     1.5651 1.1595e-01     6.6107      7.636     11.074     6.7677 0.0000e+00
      7.808      0.089     5.6684     48.798     45.071  28.637189     3.8700     9.1887     0.0852     1.5651 1.1612e-01     6.5356      7.657     11.106     6.7680 0.0000e+00
      7.832      0.088     5.6294     49.342     45.070  28.636489     3.8700     9.1620     0.0852     1.5651 1.1612e-01     6.5055      7.681     11.139     6.7682 0.0000e+00
      7.856      0.085     5.7328     49.733     45.067  28.634105     3.8700     9.0475     0.0852     1.6920 1.1610e-01     6.3552      7.704     11.174     6.7681 0.0000e+00
      7.879      0.080     5.8635     50.017     45.066  28.633360     3.8700     9.0666     0.0852     1.6920 1.1617e-01     6.3251      7.727     11.207     6.7678 0.0000e+00
      7.900      0.073     5.9573     50.225     45.073  28.638017     3.8700     9.0323     0.0852     1.6920 1.1617e-01     6.3402      7.747     11.237     6.7675 0.0000e+00
      7.918      0.064     6.0237     50.382     45.085  28.645357     3.8700     9.0666     0.0852     1.6920 1.1625e-01     6.3101      7.765     11.262     6.7672 0.0000e+00
      7.933      0.055     6.0715     50.506     45.091  28.649417     3.8700     9.3184     0.0852     1.6920 1.1612e-01     6.5356      7.780     11.283     6.7669 0.0000e+00
      7.945      0.045     6.1061     50.606     45.082  28.643361     3.4200     9.2993     0.0852     1.6497 1.1633e-01     6.4304      7.791     11.300     6.7667 0.0000e+00
      7.955      0.037     6.1315     50.684     45.060  28.629533     3.4200     9.2802     0.0852     1.6497 1.1620e-01     6.5656      7.801     11.314     6.7666 0.0000e+00
      7.963      0.030     6.1508     50.742     45.044  28.620085     3.4200     9.2955     0.0852     1.6497 1.1600e-01     6.5656      7.809     11.325     6.7666 0.0000e+00
      7.969      0.024     6.1659     50.787     45.044  28.620418     3.4200     8.6813     0.0852     1.6497 1.1610e-01     6.2500      7.814     11.334     6.7666 0.0000e+00
      7.973      0.019     6.1780     50.820     45.054  28.626661     3.6000     8.6737     0.0852     1.6074 1.1605e-01     6.1899      7.819     11.341     6.7667 0.0000e+00
      7.977      0.015     6.1876     50.841     45.056  28.628598     3.6000     8.6851     0.0852     1.6074 1.1607e-01     6.3702      7.823     11.346     6.7668 0.0000e+00
      7.981      0.013     6.1947     50.850     45.047  28.622787     3.6000     8.6966     0.0852     1.6074 1.1617e-01     6.3702      7.826     11.351     6.7671 0.0000e+00
      7.983      0.011     6.2000     50.851     45.042  28.619558     3.6000     8.6966     0.0852     1.6074 1.1617e-01     6.2650      7.829     11.355     6.7674 0.0000e+00
      7.985      0.009     6.2040     50.848     45.045  28.622010     3.8700     8.7118     0.0852     1.6920 1.1615e-01     6.3402      7.831     11.358     6.7678 0.0000e+00
      7.987      0.008     6.2065     50.849     45.046  28.622876     3.8700     8.6928     0.0852     1.6920 1.1612e-01     6.2650      7.833     11.360     6.7681 0.0000e+00
      7.989      0.008     6.2076     50.858     45.045  28.622388     3.8700     8.6584     0.0852     1.6920 1.1617e-01     6.3251      7.835     11.363     6.7684 0.0000e+00
      7.991      0.007     6.2077     50.876     45.054  28.628334     3.8700    10.7833     0.0852     1.6920 1.1610e-01     6.7009      7.836     11.366     6.7685 0.0000e+00
      7.993      0.007     6.2073     50.904     45.076  28.642301     3.6000    10.7604     0.1278     1.8189 1.1607e-01     6.7610      7.838     11.368     6.7687 0.0000e+00
      7.994      0.007     6.2073     50.939     45.097  28.656133     3.6000    10.7718     0.1278     1.8189 1.1635e-01     6.7911      7.840     11.371     6.7688 0.0000e+00
      7.996      0.007     6.2084     50.969     45.112  28.665600     3.6000    10.7909     0.1278     1.8189 1.1620e-01     6.8512      7.842     11.373     6.7690 0.0000e+00
      7.998      0.006     6.2106     50.991     45.123  28.673227     3.6000    10.2378     0.1278     1.8189 1.1610e-01     6.5205      7.844     11.376     6.7693 0.0000e+00
      8.000      0.006     6.2140     51.006     45.129  28.677087     3.6000    10.3102     0.1278     1.8189 1.1628e-01     6.5205      7.845     11.378     6.7696 0.0000e+00
      8.001      0.005     6.2181     51.012     45.131  28.678209     3.0600    10.2721     0.0852     1.8189 1.1605e-01     6.5656      7.846     11.380     6.7700 0.0000e+00
      8.002      0.005     6.2218     51.010     45.135  28.680852     3.0600    10.2950     0.0852     1.8189 1.1612e-01     6.5055      7.847     11.382     6.7702 0.0000e+00
      8.003      0.005     6.2244     51.007     45.137  28.681763     3.0600    10.1309     0.0852     1.8189 1.1617e-01     6.7610      7.849     11.384     6.7704 0.0000e+00
      8.005      0.005     6.2263     51.005     45.130  28.677223     3.0600    10.1576     0.0852     1.8189 1.1615e-01     6.6859      7.850     11.385     6.7706 0.0000e+00
