Data/DataNotYetUploadedToEDI/Raw_CTD/RawDownloads/120423_bvr50_S7809001.cnv
* Sea-Bird SBE19plus  Data File:
* FileName = C:\R\Reservoirs\Data\DataNotYetUploadedToEDI\Raw_CTD\RawDownloads\120423_bvr50_S7809_0001.hex
* Software version 2.8.0.119
* Temperature SN = 7809
* Conductivity SN = 7809
* System UpLoad Time = Dec 07 2023 11:11:04
* <ApplicationData>
* <Seaterm232>
# nquan = 15
# nvalues = 2782                        
# units = specified
# name 0 = depFM: Depth [fresh water, m]
# name 1 = dz/dtM: Descent Rate [m/s]
# name 2 = sbeox0Mg/L: Oxygen, SBE 43 [mg/l]
# name 3 = sbeox0PS: Oxygen, SBE 43 [% saturation]
# name 4 = specc: Specific Conductance [uS/cm]
# name 5 = c0uS/cm: Conductivity [uS/cm]
# name 6 = flECO-AFL: Fluorescence, WET Labs ECO-AFL/FL [mg/m^3]
# name 7 = ph: pH
# name 8 = orp: Oxidation Reduction Potential [mV]
# name 9 = par/sat/log: PAR/Logarithmic, Satlantic
# name 10 = turbWETntu0: Turbidity, WET Labs ECO [NTU]
# name 11 = prdM: Pressure, Strain Gauge [db]
# name 12 = prdE: Pressure, Strain Gauge [psi]
# name 13 = tv290C: Temperature [ITS-90, deg C]
# name 14 = flag:  0.000e+00
# span 0 =     -0.797,      8.530       
# span 1 =     -0.242,      0.287       
# span 2 =     5.3431,    12.1188       
# span 3 =     44.568,    100.370       
# span 4 =      0.385,    104.045       
# span 5 =   0.260214,  66.693011       
# span 6 =    -0.1588,    63.7408       
# span 7 =      4.922,      7.156       
# span 8 = -1240.7455,   895.9469       
# span 9 = 1.2364e-01, 1.3387e+03       
# span 10 =    -0.3989,   925.1260      
# span 11 =     -0.783,      8.366      
# span 12 =     -1.135,     12.134      
# span 13 =     7.0374,     8.9493      
# span 14 = 0.0000e+00, 0.0000e+00      
# interval = seconds: 0.25
# start_time = Dec 04 2023 11:24:46 [Instrument's time stamp, header]
# bad_flag = -9.990e-29
*END*
[from data line 1543]
      8.313     -0.152     8.5037     58.294     35.174  22.552924     0.2463      6.937   307.0851 1.2381e-01    46.5675      8.140     11.807     7.0529 0.0000e+00
      8.258     -0.127     8.2125     54.914     35.476  22.746999     0.7975      6.935   307.1806 1.2376e-01    58.3933      8.081     11.721     7.0540 0.0000e+00
      8.238     -0.091     7.8611     51.569     35.872  23.001453     1.8112      6.932   307.1891 1.2379e-01    64.9002      8.076     11.714     7.0551 0.0000e+00
      8.237     -0.051     7.4677     48.511     36.114  23.156430     2.3496      6.931   307.1017 1.2379e-01    65.4631      8.077     11.715     7.0562 0.0000e+00
      8.242     -0.018     7.0713     46.094     36.024  23.098923     2.3550      6.931   306.9837 1.2377e-01    65.4386      8.079     11.717     7.0573 0.0000e+00
      8.251      0.003     6.6549     44.695     35.875  23.003676     2.0171      6.930   306.8821 1.2380e-01    64.9447      8.097     11.743     7.0579 0.0000e+00
      8.251      0.017     6.2394     44.568     35.800  22.955996     1.4104      6.930   306.7328 1.2380e-01    64.0003      8.097     11.743     7.0585 0.0000e+00
      8.243      0.027     5.8533     45.741     35.915  23.029724     1.0869      6.930   306.4698 1.2377e-01    63.4137      8.079     11.717     7.0589 0.0000e+00
      8.244      0.032     5.5418     47.992     36.078  23.134169     1.0687      6.930   306.1113 1.2379e-01    62.9766      8.077     11.715     7.0591 0.0000e+00
      8.261      0.030     5.3621     50.992     36.188  23.204237     1.2734      6.932   305.7538 1.2381e-01    59.2953      8.098     11.745     7.0593 0.0000e+00
      8.285      0.016     5.3431     54.377     36.149  23.179366     1.6807      6.932   305.4160 1.2381e-01    52.5511      8.128     11.788     7.0596 0.0000e+00
      8.302     -0.015     5.4984     57.801     35.709  22.896858     1.9070      6.933   305.0381 1.2384e-01    48.7612      8.147     11.817     7.0598 0.0000e+00
      8.305     -0.060     5.7846     61.013     35.212  22.578596     1.9620      6.934   304.8841 1.2387e-01    48.0068      8.149     11.820     7.0596 0.0000e+00
      8.288     -0.101     6.1640     63.817     34.993  22.438472     2.4545      6.933   305.0178 1.2385e-01    44.0798      8.138     11.804     7.0593 0.0000e+00
      8.240     -0.127     6.5903     66.099     34.945  22.407446     3.3671      6.930   304.9333 1.2382e-01    36.9759      8.094     11.740     7.0590 0.0000e+00
      8.169     -0.132     7.0147     67.924     35.022  22.457105     3.8741      6.929   304.6372 1.2380e-01    33.1660      8.005     11.610     7.0588 0.0000e+00
      8.109     -0.119     7.4118     69.434     35.138  22.531607     3.9073      6.929   304.3630 1.2376e-01    33.0962      7.934     11.508     7.0589 0.0000e+00
      8.088     -0.092     7.7593     70.704     35.162  22.547314     3.7683      6.930   304.1128 1.2375e-01    36.2007      7.924     11.493     7.0591 0.0000e+00
      8.089     -0.056     8.0312     71.766     35.119  22.520196     3.5331      6.932   304.0211 1.2379e-01    42.0767      7.935     11.508     7.0596 0.0000e+00
      8.091     -0.023     8.2431     72.649     35.219  22.584197     3.4198      6.933   303.9429 1.2382e-01    45.3191      7.936     11.509     7.0601 0.0000e+00
      8.091     -0.004     8.4257     73.402     35.281  22.623611     3.4133      6.933   303.7689 1.2384e-01    45.6171      7.933     11.505     7.0603 0.0000e+00
      8.091     -0.003     8.5769     74.043     34.972  22.426035     3.3713      6.935   303.4664 1.2387e-01    45.7486      7.934     11.508     7.0606 0.0000e+00
      8.092     -0.016     8.7058     74.553     34.658  22.224477     3.0783      6.938   302.6948 1.2384e-01    46.8416      7.937     11.512     7.0607 0.0000e+00
      8.092     -0.037     8.8098     75.004     34.545  22.152325     2.5842      6.940   301.5798 1.2375e-01    48.8569      7.937     11.511     7.0607 0.0000e+00
      8.088     -0.061     8.8988     75.466     34.501  22.124340     2.3330      6.940   300.3970 1.2379e-01    49.9959      7.933     11.506     7.0609 0.0000e+00
      8.074     -0.078     8.9815     75.912     34.526  22.139757     2.3131      6.940   298.8904 1.2394e-01    50.1939      7.926     11.495     7.0609 0.0000e+00
      8.041     -0.083     9.0376     76.322     34.638  22.211908     2.3685      6.940   296.9574 1.2404e-01    51.2519      7.894     11.449     7.0609 0.0000e+00
      7.994     -0.078     9.0875     76.718     34.774  22.299193     2.4960      6.940   294.9214 1.2401e-01    53.2224      7.834     11.362     7.0610 0.0000e+00
      7.961     -0.065     9.1472     77.086     34.786  22.307373     2.5718      6.940   292.9443 1.2388e-01    54.2413      7.794     11.305     7.0613 0.0000e+00
      7.955     -0.045     9.2021     77.377     34.791  22.310821     2.6191      6.940   290.9482 1.2382e-01    53.7337      7.796     11.307     7.0615 0.0000e+00
      7.963     -0.022     9.2495     77.576     34.937  22.404293     2.9681      6.941   289.1125 1.2381e-01    47.4606      7.811     11.327     7.0615 0.0000e+00
      7.968     -0.004     9.2975     77.654     35.066  22.486379     3.5947      6.942   287.5268 1.2379e-01    36.0201      7.816     11.336     7.0616 0.0000e+00
      7.969      0.001     9.3471     77.644     35.054  22.478969     3.9451      6.943   285.9732 1.2380e-01    29.8086      7.814     11.334     7.0617 0.0000e+00
      7.969     -0.009     9.3797     77.599     34.996  22.441526     4.0002      6.944   284.1802 1.2385e-01    28.9595      7.814     11.333     7.0618 0.0000e+00
      7.969     -0.024     9.4077     77.512     34.953  22.414128     4.1944      6.947   281.9369 1.2387e-01    25.7199      7.816     11.335     7.0618 0.0000e+00
      7.964     -0.039     9.4157     77.397     34.933  22.401343     4.5452      6.948   279.5850 1.2385e-01    19.9130      7.813     11.331     7.0619 0.0000e+00
      7.952     -0.049     9.4084     77.276     34.952  22.413755     4.7384      6.949   277.5973 1.2381e-01    16.7858      7.802     11.316     7.0618 0.0000e+00
      7.932     -0.054     9.4081     77.180     34.989  22.437389     4.7574      6.950   275.7134 1.2382e-01    16.7052      7.781     11.286     7.0619 0.0000e+00
      7.907     -0.052     9.3934     77.144     34.983  22.433456     4.6744      6.951   273.4990 1.2384e-01    18.0157      7.750     11.242     7.0620 0.0000e+00
      7.888     -0.043     9.3811     77.223     34.878  22.366200     4.5097      6.952   271.0422 1.2383e-01    20.3347      7.731     11.214     7.0620 0.0000e+00
      7.878     -0.030     9.3633     77.412     34.808  22.321717     4.4305      6.952   268.3790 1.2378e-01    21.6521      7.724     11.203     7.0621 0.0000e+00
      7.877     -0.019     9.3514     77.615     34.836  22.339487     4.4328      6.952   265.5618 1.2373e-01    21.8857      7.721     11.199     7.0621 0.0000e+00
      7.882     -0.013     9.3446     77.885     34.817  22.327416     4.4042      6.953   262.9633 1.2378e-01    22.3739      7.729     11.210     7.0622 0.0000e+00
      7.887     -0.017     9.3500     78.273     34.778  22.302586     4.0768      6.954   260.4501 1.2382e-01    27.9640      7.738     11.223     7.0621 0.0000e+00
      7.885     -0.028     9.3860     78.708     34.763  22.292920     3.4866      6.954   257.7170 1.2380e-01    38.3388      7.736     11.219     7.0621 0.0000e+00
      7.876     -0.041     9.4019     79.146     34.734  22.273958     3.1781      6.955   255.1264 1.2377e-01    44.0731      7.726     11.204     7.0622 0.0000e+00
      7.861     -0.050     9.4313     79.583     34.718  22.263539     3.1423      6.956   253.1329 1.2372e-01    44.6911      7.712     11.184     7.0621 0.0000e+00
      7.838     -0.050     9.4860     80.038     34.764  22.293770     2.8873      6.956   251.5100 1.2376e-01    44.8541      7.688     11.150     7.0622 0.0000e+00
      7.814     -0.045     9.5375     80.497     34.809  22.322430     2.4258      6.956   249.7863 1.2383e-01    45.0198      7.658     11.107     7.0623 0.0000e+00
      7.801     -0.045     9.5931     80.911     34.763  22.293016     2.1904      6.955   248.0369 1.2383e-01    45.1223      7.644     11.087     7.0623 0.0000e+00
      7.802     -0.052     9.6426     81.217     34.704  22.255179     2.2134      6.955   246.6199 1.2379e-01    44.8633      7.648     11.094     7.0624 0.0000e+00
      7.808     -0.062     9.6992     81.370     34.689  22.245404     2.6037      6.955   245.6453 1.2380e-01    41.5477      7.662     11.113     7.0624 0.0000e+00
      7.801     -0.072     9.7573     81.399     34.678  22.238236     3.3141      6.954   245.0286 1.2382e-01    35.4699      7.663     11.114     7.0626 0.0000e+00
      7.767     -0.080     9.8094     81.338     34.668  22.231923     3.6948      6.953   244.5844 1.2384e-01    32.1459      7.623     11.057     7.0625 0.0000e+00
      7.720     -0.082     9.8510     81.188     34.669  22.232488     3.7526      6.953   244.1457 1.2383e-01    31.7941      7.562     10.968     7.0623 0.0000e+00
      7.688     -0.073     9.8659     80.990     34.688  22.245063     3.9128      6.952   243.8545 1.2380e-01    31.5924      7.531     10.923     7.0623 0.0000e+00
      7.676     -0.054     9.8675     80.814     34.707  22.257147     4.1666      6.950   243.8163 1.2382e-01    31.3467      7.526     10.917     7.0624 0.0000e+00
      7.672     -0.031     9.8616     80.709     34.699  22.251772     4.2995      6.949   243.8563 1.2382e-01    31.2492      7.521     10.909     7.0626 0.0000e+00
      7.675     -0.011     9.8414     80.699     34.686  22.243483     4.2966      6.950   243.9088 1.2380e-01    31.2675      7.524     10.912     7.0625 0.0000e+00
      7.682     -0.003     9.8133     80.768     34.650  22.220342     4.1980      6.952   243.9342 1.2378e-01    31.4300      7.537     10.931     7.0626 0.0000e+00
      7.683     -0.008     9.7911     80.880     34.559  22.162202     4.0227      6.952   243.8188 1.2377e-01    31.6775      7.538     10.932     7.0627 0.0000e+00
      7.680     -0.025     9.7763     81.018     34.480  22.111214     3.9165      6.953   243.5460 1.2384e-01    31.7323      7.529     10.920     7.0625 0.0000e+00
      7.677     -0.047     9.7762     81.166     34.480  22.111127     3.9049      6.955   243.2167 1.2391e-01    31.7164      7.529     10.919     7.0625 0.0000e+00
      7.670     -0.067     9.7870     81.321     34.558  22.161150     3.9327      6.957   242.9354 1.2382e-01    31.4515      7.528     10.918     7.0625 0.0000e+00
      7.646     -0.080     9.8002     81.453     34.632  22.208761     4.1195      6.958   242.7261 1.2376e-01    27.5393      7.505     10.886     7.0624 0.0000e+00
      7.608     -0.084     9.8187     81.538     34.586  22.179506     4.4480      6.959   242.5784 1.2386e-01    20.3155      7.460     10.820     7.0624 0.0000e+00
      7.572     -0.079     9.8353     81.571     34.500  22.124479     4.6255      6.959   242.4401 1.2395e-01    16.3564      7.421     10.762     7.0625 0.0000e+00
      7.551     -0.066     9.8561     81.512     34.484  22.114122     4.6514      6.959   242.2582 1.2389e-01    15.9817      7.401     10.733     7.0623 0.0000e+00
      7.541     -0.044     9.8741     81.360     34.489  22.117697     4.7778      6.959   242.0143 1.2383e-01    15.9561      7.395     10.725     7.0624 0.0000e+00
      7.539     -0.022     9.8820     81.162     34.469  22.104297     4.9877      6.958   241.6424 1.2386e-01    15.8755      7.393     10.722     7.0624 0.0000e+00
      7.539     -0.007     9.8905     80.962     34.429  22.078922     5.0838      6.958   241.1169 1.2388e-01    15.7587      7.392     10.721     7.0624 0.0000e+00
      7.542      0.000     9.8827     80.803     34.407  22.064519     5.0984      6.958   240.5654 1.2388e-01    15.6702      7.395     10.727     7.0626 0.0000e+00
      7.546      0.003     9.8612     80.724     34.395  22.056973     5.1988      6.959   240.0502 1.2387e-01    14.8067      7.401     10.735     7.0626 0.0000e+00
      7.548      0.003     9.8367     80.737     34.386  22.051094     5.3651      6.961   239.4473 1.2383e-01    13.1399      7.404     10.738     7.0626 0.0000e+00
      7.545     -0.001     9.8090     80.796     34.395  22.056839     5.4528      6.961   238.6964 1.2377e-01    12.1872      7.399     10.732     7.0626 0.0000e+00
      7.543     -0.012     9.7899     80.920     34.405  22.063032     5.4441      6.961   238.1122 1.2374e-01    12.0332      7.395     10.726     7.0626 0.0000e+00
      7.545     -0.034     9.7765     81.120     34.404  22.062560     5.3260      6.962   237.9762 1.2377e-01    12.1656      7.399     10.731     7.0626 0.0000e+00
      7.547     -0.068     9.7847     81.310     34.386  22.051126     5.1240      6.963   237.9989 1.2379e-01    12.5576      7.404     10.737     7.0626 0.0000e+00
      7.537     -0.105     9.7891     81.447     34.387  22.051607     5.0071      6.963   237.9565 1.2379e-01    12.7425      7.400     10.732     7.0624 0.0000e+00
      7.506     -0.136     9.8005     81.531     34.413  22.068387     4.9860      6.962   237.8944 1.2377e-01    12.6935      7.371     10.690     7.0623 0.0000e+00
      7.449     -0.151     9.8337     81.592     34.406  22.063775     4.9769      6.962   237.7638 1.2375e-01    12.7846      7.310     10.602     7.0621 0.0000e+00
      7.380     -0.146     9.8554     81.680     34.399  22.059250     4.9469      6.962   237.6683 1.2376e-01    14.2202      7.233     10.491     7.0621 0.0000e+00
      7.322     -0.124     9.8737     81.824     34.426  22.077085     4.9070      6.961   237.5989 1.2376e-01    16.8993      7.168     10.395     7.0621 0.0000e+00
      7.296     -0.090     9.8814     82.013     34.445  22.089196     4.8852      6.959   237.4419 1.2376e-01    18.3633      7.145     10.363     7.0621 0.0000e+00
      7.296     -0.051     9.8871     82.242     34.429  22.078859     4.8835      6.958   237.2317 1.2380e-01    18.4282      7.153     10.375     7.0623 0.0000e+00
      7.304     -0.019     9.8954     82.482     34.429  22.078914     5.0362      6.960   236.9505 1.2381e-01    18.2986      7.164     10.390     7.0623 0.0000e+00
      7.311     -0.001     9.9147     82.667     34.447  22.089873     5.3419      6.961   236.4520 1.2382e-01    18.0936      7.172     10.402     7.0625 0.0000e+00
      7.311     -0.002     9.9375     82.827     34.438  22.084538     5.5166      6.962   235.7644 1.2382e-01    17.9655      7.171     10.400     7.0626 0.0000e+00
      7.309     -0.016     9.9645     82.985     34.428  22.077819     5.5081      6.963   235.1759 1.2382e-01    18.0135      7.166     10.393     7.0626 0.0000e+00
      7.307     -0.032    10.0010     83.114     34.419  22.072054     5.3149      6.964   234.3259 1.2387e-01    18.3330      7.167     10.395     7.0625 0.0000e+00
      7.302     -0.045    10.0186     83.203     34.429  22.078239     4.9948      6.966   232.5426 1.2390e-01    18.8564      7.166     10.394     7.0624 0.0000e+00
      7.284     -0.050    10.0366     83.208     34.446  22.089191     4.8338      6.968   229.8759 1.2390e-01    19.1489      7.147     10.366     7.0624 0.0000e+00
      7.257     -0.050    10.0595     83.122     34.428  22.077661     4.8244      6.969   227.2067 1.2387e-01    19.1715      7.114     10.317     7.0622 0.0000e+00
      7.237     -0.044    10.0729     83.010     34.409  22.065651     4.8484      6.969   225.4783 1.2384e-01    19.2329      7.091     10.285     7.0621 0.0000e+00
      7.227     -0.034    10.0872     82.906     34.417  22.070796     4.8987      6.969   224.7228 1.2382e-01    19.3787      7.085     10.277     7.0622 0.0000e+00
