Data/DataNotYetUploadedToEDI/Raw_CTD/RawDownloads/120423_bvr50_S8188001.cnv
* Sea-Bird SBE19plus  Data File:
* FileName = C:\R\Reservoirs\Data\DataNotYetUploadedToEDI\Raw_CTD\RawDownloads\120423_bvr50_S8188_0001.hex
* Software version 2.8.0.119
* Temperature SN = 8188
* Conductivity SN = 8188
* System UpLoad Time = Dec 07 2023 11:04:02
* <ApplicationData>
* <Seaterm232>
# nquan = 16
# nvalues = 1979                        
# units = specified
# name 0 = depFM: Depth [fresh water, m]
# name 1 = dz/dtM: Descent Rate [m/s]
# name 2 = sbeox0Mg/L: Oxygen, SBE 43 [mg/l]
# name 3 = sbeox0PS: Oxygen, SBE 43 [% saturation]
# name 4 = specc: Specific Conductance [uS/cm]
# name 5 = c0uS/cm: Conductivity [uS/cm]
# name 6 = wetCDOM: Fluorescence, WET Labs CDOM [mg/m^3]
# name 7 = flECO-AFL: Fluorescence, WET Labs ECO-AFL/FL [mg/m^3]
# name 8 = flECO-AFL1: Fluorescence, WET Labs ECO-AFL/FL, 2 [mg/m^3]
# name 9 = flECO-AFL2: Fluorescence, WET Labs ECO-AFL/FL, 3 [mg/m^3]
# name 10 = par/sat/log: PAR/Logarithmic, Satlantic
# name 11 = turbWETntu0: Turbidity, WET Labs ECO [NTU]
# name 12 = prdM: Pressure, Strain Gauge [db]
# name 13 = prdE: Pressure, Strain Gauge [psi]
# name 14 = tv290C: Temperature [ITS-90, deg C]
# name 15 = flag:  0.000e+00
# span 0 =     -0.808,      8.447       
# span 1 =     -0.286,      0.123       
# span 2 =     6.0883,     7.6200       
# span 3 =     50.412,     63.152       
# span 4 =      0.700,     34.739       
# span 5 =   0.474001,  22.376758       
# span 6 =    -4.5000,     5.4900       
# span 7 =    -1.5994,    33.2140       
# span 8 =    -2.1300,     0.5538       
# span 9 =    -2.0304,     1.3959       
# span 10 = 1.1587e-01, 7.7813e+02      
# span 11 =    -0.1979,   947.3319      
# span 12 =     -0.792,      8.284      
# span 13 =     -1.150,     12.015      
# span 14 =     7.0439,     8.8802      
# span 15 = 0.0000e+00, 0.0000e+00      
# interval = seconds: 0.25
# start_time = Dec 04 2023 11:27:23 [Instrument's time stamp, header]
# bad_flag = -9.990e-29
*END*
[from data line 904]
      3.905      0.055     7.0419     57.997     33.525  21.493560     4.9500     4.4241     0.3408     0.9306 5.6709e-01     8.6398      3.830      5.554     7.0540 0.0000e+00
      3.921      0.054     7.0358     58.029     33.528  21.496002     4.9500     4.4164     0.3408     0.9306 4.9550e-01     8.6097      3.845      5.577     7.0541 0.0000e+00
      3.936      0.050     7.0311     58.068     33.523  21.493034     4.9500     4.6758     0.3408     0.9306 5.1081e-01     8.6248      3.860      5.598     7.0542 0.0000e+00
      3.949      0.043     7.0288     58.109     33.506  21.481885     4.9500     4.6491     0.2982     0.8883 5.2865e-01     8.6097      3.872      5.617     7.0544 0.0000e+00
      3.960      0.035     7.0299     58.147     33.492  21.473436     4.9500     4.6644     0.2982     0.8883 5.0190e-01     8.5947      3.883      5.632     7.0547 0.0000e+00
      3.968      0.026     7.0337     58.176     33.489  21.471373     4.9500     4.6453     0.2982     0.8883 5.0168e-01     8.6999      3.891      5.643     7.0550 0.0000e+00
      3.973      0.017     7.0384     58.193     33.492  21.473166     4.9500     4.4241     0.2982     0.8883 5.1092e-01     8.6999      3.896      5.650     7.0553 0.0000e+00
      3.975      0.010     7.0434     58.196     33.496  21.475335     5.1300     4.4012     0.2982     0.9306 5.1303e-01     8.7751      3.898      5.654     7.0555 0.0000e+00
      3.976      0.005     7.0480     58.194     33.495  21.474499     5.1300     4.4355     0.2982     0.9306 5.0452e-01     8.6849      3.898      5.655     7.0555 0.0000e+00
      3.975      0.001     7.0515     58.187     33.494  21.474395     5.1300     4.4202     0.2982     0.9306 5.4297e-01     8.7300      3.898      5.654     7.0555 0.0000e+00
      3.974      0.001     7.0536     58.166     33.495  21.474994     5.1300     4.6377     0.2982     0.9306 5.0716e-01     8.7600      3.897      5.652     7.0554 0.0000e+00
      3.973      0.003     7.0540     58.136     33.491  21.472497     5.1300     4.6148     0.2982     0.9306 5.2899e-01     8.6698      3.896      5.651     7.0553 0.0000e+00
      3.973      0.006     7.0537     58.113     33.487  21.470198     5.1300     4.6148     0.2982     1.0152 5.3384e-01     8.7300      3.896      5.651     7.0552 0.0000e+00
      3.975      0.011     7.0529     58.106     33.489  21.471441     5.1300     4.5805     0.2982     1.0152 5.0102e-01     8.5496      3.897      5.653     7.0552 0.0000e+00
      3.978      0.016     7.0503     58.114     33.497  21.476559     5.1300     4.4088     0.2982     1.0152 5.0970e-01     8.6097      3.901      5.658     7.0552 0.0000e+00
      3.984      0.020     7.0467     58.126     33.513  21.486915     5.1300     4.4126     0.2982     1.0152 5.3130e-01     8.6698      3.906      5.666     7.0552 0.0000e+00
      3.990      0.024     7.0439     58.135     33.529  21.497356     5.1300     4.4355     0.3408     0.9306 5.0518e-01     8.6548      3.913      5.675     7.0553 0.0000e+00
      3.998      0.026     7.0430     58.142     33.531  21.498788     5.1300     4.4355     0.3408     0.9306 4.6879e-01     8.6999      3.920      5.686     7.0553 0.0000e+00
      4.005      0.027     7.0439     58.150     33.520  21.491595     5.1300     4.4889     0.3408     0.9306 4.6413e-01     8.6248      3.927      5.696     7.0554 0.0000e+00
      4.012      0.028     7.0453     58.151     33.504  21.481775     5.1300     4.4813     0.3408     0.9306 4.8961e-01     8.6849      3.934      5.706     7.0555 0.0000e+00
      4.019      0.029     7.0464     58.141     33.493  21.474626     5.1300     4.4813     0.3408     0.8460 4.8285e-01     8.6097      3.941      5.716     7.0557 0.0000e+00
      4.026      0.032     7.0473     58.128     33.492  21.474179     5.1300     4.4813     0.3408     0.8460 4.8707e-01     8.6849      3.948      5.726     7.0560 0.0000e+00
      4.033      0.036     7.0482     58.119     33.499  21.478337     5.1300     4.0044     0.3408     0.8460 4.6727e-01     8.6248      3.955      5.736     7.0563 0.0000e+00
      4.041      0.041     7.0483     58.118     33.505  21.482271     5.1300     3.9816     0.3408     0.8460 4.9669e-01     8.7300      3.963      5.748     7.0565 0.0000e+00
      4.052      0.046     7.0470     58.129     33.509  21.485049     4.9500     4.0006     0.2982     0.8883 4.8076e-01     8.6398      3.974      5.763     7.0567 0.0000e+00
      4.066      0.051     7.0455     58.147     33.507  21.483455     4.9500     3.9930     0.2982     0.8883 4.6332e-01     8.6548      3.987      5.783     7.0567 0.0000e+00
      4.081      0.055     7.0444     58.166     33.497  21.477063     4.9500     4.1303     0.2982     0.8883 4.3042e-01     8.6999      4.002      5.804     7.0567 0.0000e+00
      4.096      0.056     7.0444     58.180     33.489  21.472086     4.9500     4.1303     0.2982     0.8883 4.2605e-01     8.6999      4.017      5.826     7.0567 0.0000e+00
      4.111      0.056     7.0457     58.190     33.487  21.471156     4.9500     4.1189     0.2982     0.8883 4.5405e-01     8.6698      4.032      5.848     7.0566 0.0000e+00
      4.126      0.053     7.0479     58.196     33.492  21.474023     5.1300     4.1303     0.3408     0.8460 4.1870e-01     8.7300      4.046      5.869     7.0566 0.0000e+00
      4.140      0.047     7.0501     58.195     33.497  21.477494     5.1300     4.0006     0.3408     0.8460 3.7033e-01     8.6698      4.060      5.889     7.0566 0.0000e+00
      4.152      0.040     7.0518     58.186     33.498  21.478536     5.1300     4.0083     0.3408     0.8460 3.7584e-01     8.6097      4.072      5.906     7.0567 0.0000e+00
      4.162      0.031     7.0530     58.172     33.503  21.481386     5.1300     4.0006     0.3408     0.8460 4.2098e-01     8.7600      4.081      5.920     7.0567 0.0000e+00
      4.169      0.021     7.0537     58.159     33.511  21.486804     5.0400     3.9816     0.3408     0.9306 3.8779e-01     8.6398      4.088      5.930     7.0569 0.0000e+00
      4.173      0.010     7.0535     58.149     33.513  21.488318     5.0400     3.8557     0.3408     0.9306 3.6308e-01     8.7600      4.092      5.936     7.0571 0.0000e+00
      4.174      0.001     7.0524     58.143     33.510  21.486331     5.0400     3.8366     0.3408     0.9306 3.8535e-01     8.6999      4.093      5.937     7.0573 0.0000e+00
      4.172     -0.007     7.0507     58.143     33.507  21.484272     5.0400     3.8671     0.3408     0.9306 3.8905e-01     8.6548      4.091      5.934     7.0574 0.0000e+00
      4.168     -0.013     7.0491     58.158     33.503  21.481591     5.1300     3.8671     0.3408     0.8460 4.0988e-01     8.7149      4.087      5.928     7.0574 0.0000e+00
      4.163     -0.017     7.0479     58.186     33.497  21.477574     5.1300     3.8633     0.3408     0.8460 4.2614e-01     8.7149      4.082      5.921     7.0574 0.0000e+00
      4.158     -0.020     7.0472     58.220     33.487  21.471150     5.1300     3.8557     0.3408     0.8460 4.3005e-01     8.6398      4.077      5.913     7.0574 0.0000e+00
      4.152     -0.020     7.0472     58.256     33.477  21.464565     5.1300     3.8557     0.3408     0.8460 4.3061e-01     8.6999      4.071      5.906     7.0573 0.0000e+00
      4.146     -0.020     7.0490     58.288     33.470  21.460019     4.9500     3.8824     0.3408     0.9729 4.5140e-01     8.7600      4.066      5.898     7.0573 0.0000e+00
      4.140     -0.018     7.0524     58.311     33.467  21.458282     4.9500     4.0502     0.3408     0.9729 4.3949e-01     8.6398      4.060      5.889     7.0573 0.0000e+00
      4.135     -0.015     7.0565     58.317     33.471  21.460867     4.9500     4.0388     0.3408     0.9729 4.7053e-01     8.6398      4.055      5.882     7.0572 0.0000e+00
      4.131     -0.011     7.0609     58.303     33.480  21.466486     4.9500     4.0502     0.3408     0.9729 4.5336e-01     8.6398      4.051      5.876     7.0572 0.0000e+00
      4.129     -0.007     7.0648     58.280     33.487  21.470700     4.9500     4.0426     0.3408     0.9729 4.8612e-01     8.7751      4.049      5.873     7.0571 0.0000e+00
      4.128     -0.003     7.0675     58.264     33.487  21.470674     5.1300     3.9472     0.3408     0.8883 4.4285e-01     8.6698      4.048      5.872     7.0571 0.0000e+00
      4.129      0.001     7.0683     58.253     33.486  21.470358     5.1300     3.9358     0.3408     0.8883 4.6071e-01     8.6849      4.049      5.873     7.0570 0.0000e+00
      4.130      0.005     7.0666     58.237     33.491  21.473628     5.1300     3.9587     0.3408     0.8883 4.3098e-01     8.6398      4.050      5.874     7.0569 0.0000e+00
      4.131      0.009     7.0638     58.218     33.497  21.477397     5.1300     3.9739     0.3408     0.8883 4.3921e-01     8.7300      4.051      5.876     7.0568 0.0000e+00
      4.134      0.013     7.0619     58.204     33.499  21.478711     5.1300     4.2333     0.3408     0.9729 4.5683e-01     8.6698      4.053      5.879     7.0567 0.0000e+00
      4.137      0.017     7.0605     58.195     33.498  21.477922     5.1300     4.2562     0.3408     0.9729 4.5782e-01     8.6999      4.057      5.884     7.0567 0.0000e+00
      4.142      0.020     7.0586     58.184     33.493  21.474818     5.1300     4.2143     0.3408     0.9729 4.6071e-01     8.6999      4.062      5.891     7.0567 0.0000e+00
      4.149      0.022     7.0564     58.165     33.489  21.472529     5.1300     4.2333     0.3408     0.9729 4.3968e-01     8.7600      4.068      5.901     7.0567 0.0000e+00
      4.156      0.024     7.0547     58.146     33.492  21.474405     5.1300     4.1799     0.3408     0.9729 4.1580e-01     8.6698      4.075      5.911     7.0567 0.0000e+00
      4.162      0.024     7.0536     58.135     33.496  21.476987     5.1300     4.1761     0.3408     0.9729 4.1211e-01     8.7600      4.082      5.921     7.0568 0.0000e+00
      4.168      0.024     7.0523     58.134     33.496  21.477006     5.1300     4.1685     0.3408     0.9729 4.1301e-01     8.6097      4.088      5.929     7.0570 0.0000e+00
      4.174      0.024     7.0499     58.139     33.491  21.474465     5.1300     4.1837     0.3408     0.9729 4.0055e-01     8.6698      4.094      5.937     7.0572 0.0000e+00
      4.180      0.023     7.0475     58.143     33.482  21.468688     5.0400     4.1990     0.3408     0.8883 3.9211e-01     8.6698      4.099      5.946     7.0574 0.0000e+00
      4.186      0.024     7.0462     58.140     33.475  21.464072     5.0400     4.1837     0.3408     0.8883 4.2071e-01     8.6999      4.105      5.954     7.0577 0.0000e+00
      4.191      0.025     7.0460     58.138     33.477  21.465323     5.0400     4.1837     0.3408     0.8883 4.0317e-01     8.6548      4.110      5.962     7.0579 0.0000e+00
      4.197      0.028     7.0466     58.138     33.485  21.470796     5.0400     4.1723     0.3408     0.8883 3.9648e-01     8.6698      4.116      5.970     7.0581 0.0000e+00
      4.204      0.030     7.0470     58.136     33.499  21.479971     5.0400     4.6720     0.3408     0.8883 4.0203e-01     8.6999      4.123      5.980     7.0582 0.0000e+00
      4.212      0.032     7.0466     58.135     33.517  21.491337     5.0400     4.6224     0.3408     0.9306 3.9751e-01     8.6849      4.131      5.991     7.0583 0.0000e+00
      4.222      0.034     7.0463     58.142     33.530  21.500006     5.0400     4.6529     0.3408     0.9306 3.6355e-01     8.5947      4.140      6.005     7.0584 0.0000e+00
      4.232      0.034     7.0463     58.155     33.537  21.504334     5.0400     4.6453     0.3408     0.9306 3.4261e-01     8.6097      4.150      6.019     7.0586 0.0000e+00
      4.242      0.033     7.0460     58.173     33.532  21.501514     5.0400     4.3401     0.3408     0.9306 3.7218e-01     8.7901      4.160      6.033     7.0588 0.0000e+00
      4.250      0.031     7.0459     58.193     33.515  21.490796     5.0400     4.2677     0.3408     1.0575 3.4605e-01     8.7149      4.168      6.045     7.0590 0.0000e+00
      4.258      0.027     7.0467     58.213     33.500  21.481197     5.0400     4.3173     0.3408     1.0575 3.5986e-01     8.7450      4.175      6.055     7.0593 0.0000e+00
      4.264      0.024     7.0483     58.229     33.495  21.478073     5.0400     4.2944     0.3408     1.0575 3.4968e-01     8.6548      4.181      6.064     7.0595 0.0000e+00
      4.269      0.021     7.0503     58.237     33.492  21.476633     5.0400     4.0350     0.3408     1.0575 3.5151e-01     8.6698      4.186      6.072     7.0597 0.0000e+00
      4.274      0.018     7.0528     58.233     33.486  21.472535     4.9500     4.0311     0.3408     0.9306 3.3408e-01     8.6248      4.191      6.079     7.0599 0.0000e+00
      4.278      0.017     7.0551     58.222     33.480  21.468645     4.9500     4.0388     0.3408     0.9306 3.3387e-01     8.5646      4.195      6.085     7.0601 0.0000e+00
      4.281      0.016     7.0571     58.210     33.481  21.469863     4.9500     4.0502     0.3408     0.9306 3.6048e-01     8.7300      4.198      6.090     7.0603 0.0000e+00
      4.284      0.017     7.0580     58.200     33.488  21.474534     4.9500     4.3668     0.3408     0.9306 3.2783e-01     8.6999      4.201      6.094     7.0604 0.0000e+00
      4.288      0.019     7.0575     58.187     33.487  21.474008     4.9500     4.3859     0.3408     0.9306 3.5550e-01     8.6548      4.205      6.099     7.0605 0.0000e+00
      4.293      0.020     7.0561     58.176     33.478  21.468144     5.0400     4.3707     0.3408     0.9306 3.3707e-01     8.7300      4.210      6.107     7.0606 0.0000e+00
      4.300      0.022     7.0546     58.178     33.473  21.465275     5.0400     4.3668     0.3408     0.9306 3.2218e-01     8.6097      4.217      6.116     7.0607 0.0000e+00
      4.306      0.023     7.0535     58.185     33.475  21.466615     5.0400     4.3516     0.3408     0.9306 3.2527e-01     8.6698      4.223      6.125     7.0609 0.0000e+00
      4.312      0.024     7.0518     58.187     33.481  21.470543     5.0400     4.1723     0.3408     0.9306 3.0125e-01     8.6097      4.229      6.134     7.0612 0.0000e+00
      4.318      0.025     7.0504     58.182     33.487  21.474147     5.0400     4.1723     0.3408     0.9729 3.2239e-01     8.6698      4.235      6.142     7.0614 0.0000e+00
      4.325      0.025     7.0506     58.179     33.488  21.474430     5.0400     4.1914     0.3408     0.9729 2.8359e-01     8.7600      4.241      6.151     7.0616 0.0000e+00
      4.331      0.025     7.0515     58.178     33.489  21.475425     5.0400     4.1723     0.3408     0.9729 3.1069e-01     8.6398      4.247      6.160     7.0617 0.0000e+00
      4.337      0.026     7.0517     58.182     33.502  21.483336     5.0400     4.3478     0.3408     0.9729 2.9255e-01     8.6398      4.253      6.169     7.0618 0.0000e+00
      4.344      0.026     7.0512     58.190     33.519  21.494334     5.1300     4.3592     0.2982     1.0575 2.8059e-01     8.6398      4.260      6.179     7.0617 0.0000e+00
      4.351      0.027     7.0508     58.202     33.524  21.497498     5.1300     4.3516     0.2982     1.0575 2.8976e-01     8.6097      4.267      6.189     7.0616 0.0000e+00
      4.357      0.029     7.0507     58.219     33.515  21.491693     5.1300     4.3516     0.2982     1.0575 2.7744e-01     8.6398      4.273      6.198     7.0614 0.0000e+00
      4.364      0.030     7.0512     58.240     33.502  21.483286     5.1300     4.3325     0.2982     1.0575 3.0868e-01     8.7149      4.280      6.208     7.0613 0.0000e+00
      4.372      0.032     7.0522     58.261     33.494  21.477954     5.0400     4.3020     0.3408     0.9729 2.5307e-01     8.6999      4.288      6.219     7.0611 0.0000e+00
      4.381      0.033     7.0537     58.274     33.494  21.478233     5.0400     4.2867     0.3408     0.9729 2.6662e-01     8.6698      4.296      6.231     7.0610 0.0000e+00
