Data/DataNotYetUploadedToEDI/Raw_CTD/RawDownloads/121222_fcr50_S7809001.cnv
* Sea-Bird SBE19plus  Data File:
* FileName = C:\R\Reservoirs\Data\DataNotYetUploadedToEDI\Raw_CTD\RawDownloads\121222_fcr50_S7809_0001.hex
* Software version 2.8.0.119
* Temperature SN = 7809
* Conductivity SN = 7809
* System UpLoad Time = Dec 12 2022 16:40:34
* <ApplicationData>
* <Seaterm232>
# nquan = 15
# nvalues = 2726                        
# units = specified
# name 0 = depFM: Depth [fresh water, m]
# name 1 = dz/dtM: Descent Rate [m/s]
# name 2 = sbeox0Mg/L: Oxygen, SBE 43 [mg/l]
# name 3 = sbeox0PS: Oxygen, SBE 43 [% saturation]
# name 4 = specc: Specific Conductance [uS/cm]
# name 5 = c0uS/cm: Conductivity [uS/cm]
# name 6 = flECO-AFL: Fluorescence, WET Labs ECO-AFL/FL [mg/m^3]
# name 7 = ph: pH
# name 8 = orp: Oxidation Reduction Potential [mV]
# name 9 = par/sat/log: PAR/Logarithmic, Satlantic
# name 10 = turbWETntu0: Turbidity, WET Labs ECO [NTU]
# name 11 = prdM: Pressure, Strain Gauge [db]
# name 12 = prdE: Pressure, Strain Gauge [psi]
# name 13 = tv290C: Temperature [ITS-90, deg C]
# name 14 = flag:  0.000e+00
# span 0 =     -0.624,      9.589       
# span 1 =     -0.204,      0.185       
# span 2 =     0.1552,     8.5279       
# span 3 =      1.298,     70.174       
# span 4 =      2.120,    453.602       
# span 5 =   1.344168, 291.009748       
# span 6 =    -1.2679,     4.3147       
# span 7 =      2.445,      9.223       
# span 8 = -1233.5063,  1240.2286       
# span 9 = 1.4077e-01, 1.2634e+03       
# span 10 =    -2.3357,   105.3994      
# span 11 =     -0.613,      9.405      
# span 12 =     -0.890,     13.640      
# span 13 =     6.6198,     9.6366      
# span 14 = 0.0000e+00, 0.0000e+00      
# interval = seconds: 0.25
# start_time = Dec 12 2022 08:51:31 [Instrument's time stamp, header]
# bad_flag = -9.990e-29
*END*
[from data line 290]
      0.315      0.022     8.3672     68.444     40.317  25.573359     2.9978      7.045   266.8783 8.0786e+01     1.4447      0.308      0.445     6.7177 0.0000e+00
      0.324      0.023     8.3683     68.457     40.355  25.596302     3.0043      7.048   266.4066 8.0539e+01     1.4198      0.316      0.459     6.7185 0.0000e+00
      0.333      0.023     8.3661     68.481     40.356  25.596207     3.0027      7.051   266.3483 8.0279e+01     1.3539      0.326      0.475     6.7179 0.0000e+00
      0.339      0.022     8.3651     68.497     40.319  25.572207     3.0113      7.054   266.6043 7.8883e+01     1.2970      0.334      0.484     6.7158 0.0000e+00
      0.343      0.020     8.3672     68.482     40.300  25.559644     3.0414      7.056   266.9207 7.7118e+01     1.2449      0.337      0.488     6.7139 0.0000e+00
      0.345      0.018     8.3677     68.447     40.319  25.571073     3.0598      7.058   267.3344 7.7564e+01     1.2019      0.338      0.490     6.7127 0.0000e+00
      0.348      0.016     8.3722     68.427     40.339  25.583637     3.0495      7.060   267.5620 7.8390e+01     1.1538      0.339      0.492     6.7118 0.0000e+00
      0.353      0.014     8.3757     68.417     40.340  25.584779     3.0254      7.064   267.2638 7.7983e+01     1.1745      0.346      0.502     6.7108 0.0000e+00
      0.359      0.013     8.3738     68.402     40.340  25.584883     3.0018      7.067   266.6540 7.6833e+01     1.3160      0.354      0.514     6.7100 0.0000e+00
      0.364      0.011     8.3669     68.402     40.341  25.584902     2.9977      7.069   266.3840 7.5760e+01     1.4292      0.357      0.518     6.7096 0.0000e+00
      0.365      0.008     8.3647     68.397     40.341  25.584998     2.9917      7.071   266.4946 7.5625e+01     1.4170      0.358      0.519     6.7097 0.0000e+00
      0.365      0.004     8.3662     68.381     40.343  25.586046     2.9382      7.073   266.7869 7.5301e+01     1.3387      0.358      0.519     6.7101 0.0000e+00
      0.365      0.002     8.3604     68.393     40.361  25.597579     2.8584      7.075   267.1643 7.5295e+01     1.2678      0.358      0.519     6.7098 0.0000e+00
      0.366      0.001     8.3634     68.427     40.361  25.597673     2.8256      7.077   267.4445 7.6586e+01     1.2094      0.358      0.520     6.7091 0.0000e+00
      0.366      0.001     8.3638     68.454     40.343  25.587188     2.8415      7.081   267.5078 7.7576e+01     1.1790      0.359      0.520     6.7094 0.0000e+00
      0.366      0.001     8.3574     68.471     40.357  25.597560     2.8840      7.083   267.3272 7.7011e+01     1.1735      0.359      0.521     6.7097 0.0000e+00
      0.367      0.001     8.3608     68.488     40.352  25.596322     2.9478      7.084   267.1530 7.5727e+01     1.1769      0.360      0.522     6.7094 0.0000e+00
      0.367      0.001     8.3666     68.506     40.312  25.572227     2.9964      7.086   267.1226 7.5838e+01     1.2201      0.359      0.521     6.7093 0.0000e+00
      0.367      0.001     8.3693     68.526     40.292  25.559758     3.0144      7.089   267.2172 7.7089e+01     1.2173      0.360      0.522     6.7102 0.0000e+00
      0.367      0.001     8.3706     68.551     40.315  25.572319     2.9984      7.091   267.4363 7.7613e+01     1.1435      0.360      0.522     6.7122 0.0000e+00
      0.367      0.001     8.3716     68.568     40.359  25.597340     2.9779      7.094   267.7068 7.7466e+01     1.1478      0.360      0.522     6.7150 0.0000e+00
      0.367      0.001     8.3744     68.572     40.380  25.608759     2.9756      7.098   267.9933 7.6986e+01     1.2006      0.360      0.522     6.7170 0.0000e+00
      0.367      0.002     8.3755     68.572     40.341  25.583615     2.9706      7.100   268.1469 7.6310e+01     1.2009      0.361      0.523     6.7167 0.0000e+00
      0.367      0.005     8.3808     68.552     40.283  25.546853     2.9665      7.103   268.1873 7.6140e+01     1.1857      0.360      0.522     6.7136 0.0000e+00
      0.368      0.008     8.3839     68.509     40.280  25.544559     2.9262      7.106   268.3097 7.6652e+01     1.1537      0.361      0.523     6.7098 0.0000e+00
      0.370      0.012     8.3833     68.464     40.299  25.555884     2.8497      7.108   268.3364 7.6080e+01     1.1212      0.361      0.524     6.7073 0.0000e+00
      0.374      0.014     8.3854     68.444     40.300  25.557017     2.8161      7.110   268.1657 7.4291e+01     1.1349      0.365      0.530     6.7068 0.0000e+00
      0.380      0.015     8.3825     68.446     40.300  25.558263     2.8190      7.112   268.0528 7.3861e+01     1.1479      0.372      0.540     6.7077 0.0000e+00
      0.386      0.015     8.3766     68.456     40.316  25.570947     2.8433      7.113   268.4340 7.3946e+01     1.1423      0.381      0.552     6.7074 0.0000e+00
      0.391      0.014     8.3694     68.485     40.334  25.583616     2.8931      7.116   269.2472 7.3888e+01     1.1349      0.385      0.558     6.7058 0.0000e+00
      0.392      0.013     8.3671     68.526     40.337  25.584673     2.9304      7.119   269.7107 7.4418e+01     1.1279      0.384      0.557     6.7057 0.0000e+00
      0.393      0.010     8.3692     68.564     40.338  25.583730     2.9524      7.122   269.7362 7.4000e+01     1.1589      0.385      0.558     6.7087 0.0000e+00
      0.395      0.008     8.3671     68.602     40.322  25.572215     3.0095      7.124   269.5556 7.2824e+01     1.1688      0.387      0.561     6.7118 0.0000e+00
      0.399      0.007     8.3711     68.633     40.322  25.572205     3.1053      7.126   269.2477 7.2525e+01     1.1107      0.392      0.568     6.7140 0.0000e+00
      0.402      0.007     8.3780     68.653     40.339  25.583615     3.1622      7.129   269.1980 7.3146e+01     1.1054      0.395      0.573     6.7132 0.0000e+00
      0.403      0.006     8.3819     68.664     40.339  25.583405     3.1645      7.133   269.6428 7.3374e+01     1.1725      0.396      0.574     6.7095 0.0000e+00
      0.404      0.006     8.3881     68.656     40.318  25.569673     3.0660      7.135   270.3233 7.2992e+01     1.2395      0.396      0.574     6.7077 0.0000e+00
      0.404      0.007     8.3915     68.613     40.280  25.544339     2.8710      7.136   270.6287 7.3296e+01     1.3005      0.396      0.575     6.7081 0.0000e+00
      0.405      0.008     8.3939     68.550     40.261  25.530616     2.7539      7.138   270.6682 7.2997e+01     1.3632      0.396      0.574     6.7091 0.0000e+00
      0.407      0.010     8.3950     68.488     40.263  25.530521     2.7485      7.141   270.8009 7.1192e+01     1.4174      0.399      0.578     6.7094 0.0000e+00
      0.412      0.011     8.3960     68.430     40.285  25.543187     2.8565      7.143   270.7699 7.0461e+01     1.4087      0.405      0.587     6.7089 0.0000e+00
      0.417      0.011     8.3903     68.400     40.309  25.556996     3.0435      7.145   270.5525 7.0717e+01     1.3612      0.410      0.594     6.7072 0.0000e+00
      0.419      0.010     8.3809     68.405     40.331  25.570709     3.1374      7.147   270.4095 7.0660e+01     1.3556      0.411      0.596     6.7047 0.0000e+00
      0.420      0.010     8.3755     68.424     40.348  25.582234     3.1426      7.149   270.5033 7.1063e+01     1.3753      0.412      0.597     6.7032 0.0000e+00
      0.422      0.011     8.3658     68.443     40.326  25.569577     3.1479      7.151   270.7404 7.0913e+01     1.3948      0.414      0.600     6.7018 0.0000e+00
      0.423      0.013     8.3627     68.478     40.286  25.544434     3.1438      7.153   270.8674 7.0114e+01     1.3863      0.414      0.601     6.6998 0.0000e+00
      0.426      0.014     8.3647     68.523     40.266  25.531767     3.1168      7.155   270.9194 6.9955e+01     1.3399      0.417      0.604     6.6990 0.0000e+00
      0.433      0.015     8.3682     68.553     40.283  25.543187     3.1050      7.159   271.0256 6.9136e+01     1.3469      0.425      0.616     6.7005 0.0000e+00
      0.440      0.017     8.3680     68.588     40.303  25.555750     3.1178      7.162   270.7751 6.7915e+01     1.4020      0.432      0.628     6.7019 0.0000e+00
      0.443      0.018     8.3724     68.628     40.305  25.556903     3.1468      7.164   270.1268 6.8074e+01     1.4255      0.434      0.630     6.7019 0.0000e+00
      0.445      0.017     8.3815     68.641     40.308  25.557120     3.1978      7.165   269.8986 6.8989e+01     1.4261      0.435      0.631     6.7019 0.0000e+00
      0.450      0.016     8.3814     68.631     40.312  25.558377     3.2184      7.166   270.1674 6.9333e+01     1.4092      0.439      0.637     6.7023 0.0000e+00
      0.456      0.015     8.3862     68.609     40.336  25.572102     3.2044      7.169   270.4511 6.8709e+01     1.3921      0.448      0.650     6.7035 0.0000e+00
      0.461      0.015     8.3935     68.572     40.377  25.596302     3.1530      7.171   270.5746 6.7970e+01     1.3901      0.453      0.657     6.7034 0.0000e+00
      0.462      0.015     8.3949     68.528     40.382  25.597446     3.0552      7.173   270.7153 6.7722e+01     1.3856      0.453      0.657     6.7004 0.0000e+00
      0.464      0.014     8.3931     68.494     40.367  25.585922     2.9952      7.176   270.6897 6.7428e+01     1.4055      0.455      0.660     6.6982 0.0000e+00
      0.469      0.012     8.3914     68.482     40.364  25.583731     2.9858      7.179   270.2647 6.7248e+01     1.4256      0.461      0.668     6.6977 0.0000e+00
      0.474      0.012     8.3866     68.472     40.345  25.570961     3.0003      7.181   270.1365 6.6899e+01     1.3549      0.466      0.675     6.6959 0.0000e+00
      0.476      0.011     8.3813     68.442     40.326  25.558276     3.0363      7.183   270.3437 6.6381e+01     1.2343      0.467      0.677     6.6921 0.0000e+00
      0.478      0.009     8.3770     68.418     40.325  25.557121     3.0549      7.185   270.3613 6.6381e+01     1.1626      0.468      0.678     6.6899 0.0000e+00
      0.481      0.007     8.3756     68.418     40.324  25.557006     3.0426      7.187   270.4356 6.6052e+01     1.1715      0.472      0.684     6.6903 0.0000e+00
      0.483      0.006     8.3778     68.418     40.322  25.556883     3.0036      7.189   270.7259 6.5737e+01     1.2737      0.474      0.688     6.6893 0.0000e+00
      0.483      0.006     8.3715     68.430     40.320  25.555636     2.9579      7.192   270.9463 6.5966e+01     1.4080      0.474      0.687     6.6878 0.0000e+00
      0.483      0.007     8.3670     68.465     40.298  25.541921     2.9393      7.194   270.9498 6.5840e+01     1.4626      0.474      0.687     6.6874 0.0000e+00
      0.484      0.007     8.3707     68.496     40.259  25.517827     2.9377      7.196   270.7680 6.5532e+01     1.4216      0.475      0.688     6.6880 0.0000e+00
      0.487      0.008     8.3684     68.525     40.258  25.517837     2.9386      7.198   270.6407 6.4981e+01     1.3570      0.476      0.691     6.6891 0.0000e+00
      0.491      0.009     8.3679     68.568     40.295  25.542045     2.9829      7.199   270.7009 6.4254e+01     1.3304      0.481      0.698     6.6896 0.0000e+00
      0.494      0.012     8.3760     68.607     40.317  25.557006     3.0659      7.201   270.7215 6.4226e+01     1.3393      0.485      0.704     6.6892 0.0000e+00
      0.496      0.016     8.3787     68.621     40.340  25.571968     3.1015      7.205   270.6312 6.4813e+01     1.3273      0.487      0.706     6.6895 0.0000e+00
      0.497      0.018     8.3802     68.612     40.378  25.596177     3.0882      7.207   270.8997 6.5073e+01     1.3222      0.487      0.706     6.6913 0.0000e+00
      0.502      0.018     8.3869     68.591     40.379  25.596187     3.0056      7.208   271.4727 6.4388e+01     1.3799      0.491      0.711     6.6925 0.0000e+00
      0.511      0.018     8.3925     68.568     40.341  25.572092     2.8512      7.209   271.7094 6.3582e+01     1.4439      0.501      0.727     6.6937 0.0000e+00
      0.518      0.018     8.3936     68.553     40.319  25.558378     2.7612      7.212   271.7829 6.3301e+01     1.4479      0.510      0.739     6.6948 0.0000e+00
      0.522      0.018     8.3921     68.537     40.318  25.557140     2.7419      7.214   271.7589 6.3182e+01     1.3933      0.513      0.744     6.6941 0.0000e+00
      0.524      0.016     8.3893     68.515     40.318  25.557123     2.7506      7.216   271.4184 6.2960e+01     1.2959      0.514      0.745     6.6936 0.0000e+00
      0.527      0.013     8.3857     68.501     40.320  25.558161     2.7916      7.217   271.1946 6.2797e+01     1.1932      0.516      0.748     6.6938 0.0000e+00
      0.532      0.012     8.3847     68.499     40.338  25.569693     2.8130      7.219   271.6346 6.2730e+01     1.1759      0.522      0.757     6.6942 0.0000e+00
      0.535      0.013     8.3831     68.485     40.339  25.569788     2.8094      7.221   272.4358 6.2238e+01     1.1893      0.526      0.762     6.6935 0.0000e+00
      0.537      0.015     8.3799     68.450     40.323  25.559312     2.8236      7.222   272.7940 6.2011e+01     1.1504      0.527      0.764     6.6920 0.0000e+00
      0.540      0.015     8.3771     68.407     40.340  25.569788     2.8593      7.225   272.7822 6.2473e+01     1.1495      0.527      0.765     6.6928 0.0000e+00
      0.545      0.015     8.3787     68.385     40.340  25.569693     2.8828      7.228   272.7237 6.2430e+01     1.1792      0.533      0.773     6.6937 0.0000e+00
      0.550      0.014     8.3777     68.394     40.322  25.558161     2.8749      7.230   272.6020 6.1988e+01     1.1675      0.541      0.785     6.6927 0.0000e+00
      0.555      0.013     8.3726     68.413     40.319  25.557113     2.8308      7.232   272.5159 6.1733e+01     1.2126      0.545      0.790     6.6914 0.0000e+00
      0.557      0.011     8.3667     68.448     40.318  25.557027     2.7828      7.233   272.5428 6.1901e+01     1.3490      0.547      0.792     6.6907 0.0000e+00
      0.559      0.008     8.3622     68.502     40.318  25.557123     2.7683      7.234   272.7550 6.2186e+01     1.4159      0.548      0.795     6.6906 0.0000e+00
      0.561      0.006     8.3661     68.535     40.320  25.558276     2.7642      7.237   273.0174 6.1958e+01     1.4064      0.550      0.797     6.6913 0.0000e+00
      0.561      0.005     8.3670     68.526     40.339  25.570961     2.7581      7.239   273.0476 6.1730e+01     1.4057      0.550      0.798     6.6920 0.0000e+00
      0.562      0.005     8.3702     68.509     40.358  25.583741     2.7858      7.242   272.9476 6.1888e+01     1.4077      0.550      0.798     6.6924 0.0000e+00
      0.563      0.005     8.3798     68.501     40.360  25.586035     2.8417      7.245   272.9271 6.1877e+01     1.4294      0.552      0.801     6.6927 0.0000e+00
      0.565      0.007     8.3851     68.492     40.379  25.598702     2.8679      7.246   272.9726 6.1555e+01     1.4296      0.554      0.803     6.6930 0.0000e+00
      0.566      0.010     8.3813     68.507     40.395  25.610131     2.8693      7.247   272.7227 6.1488e+01     1.3756      0.555      0.805     6.6937 0.0000e+00
      0.567      0.014     8.3776     68.542     40.375  25.597465     2.9090      7.250   272.2288 6.1317e+01     1.3232      0.556      0.807     6.6944 0.0000e+00
      0.570      0.017     8.3795     68.581     40.335  25.572321     2.9895      7.251   272.0780 6.1106e+01     1.3428      0.557      0.808     6.6951 0.0000e+00
      0.576      0.020     8.3739     68.618     40.316  25.559645     3.0436      7.252   272.1898 6.1208e+01     1.4074      0.563      0.817     6.6964 0.0000e+00
      0.585      0.022     8.3775     68.646     40.336  25.570960     3.0469      7.255   272.2891 6.1078e+01     1.4214      0.575      0.834     6.6979 0.0000e+00
