Data/DataNotYetUploadedToEDI/Raw_CTD/RawDownloads/121222_fcr50_S8188003.cnv
* Sea-Bird SBE19plus  Data File:
* FileName = C:\R\Reservoirs\Data\DataNotYetUploadedToEDI\Raw_CTD\RawDownloads\121222_fcr50_S8188008_0003.hex
* Software version 2.8.0.119
* Temperature SN = 8188
* Conductivity SN = 8188
* System UpLoad Time = Dec 12 2022 16:21:23
* <ApplicationData>
* <Seaterm232>
# nquan = 16
# nvalues = 2065                        
# units = specified
# name 0 = depFM: Depth [fresh water, m]
# name 1 = dz/dtM: Descent Rate [m/s]
# name 2 = sbeox0Mg/L: Oxygen, SBE 43 [mg/l]
# name 3 = sbeox0PS: Oxygen, SBE 43 [% saturation]
# name 4 = specc: Specific Conductance [uS/cm]
# name 5 = c0uS/cm: Conductivity [uS/cm]
# name 6 = wetCDOM: Fluorescence, WET Labs CDOM [mg/m^3]
# name 7 = flECO-AFL: Fluorescence, WET Labs ECO-AFL/FL [mg/m^3]
# name 8 = flECO-AFL1: Fluorescence, WET Labs ECO-AFL/FL, 2 [mg/m^3]
# name 9 = flECO-AFL2: Fluorescence, WET Labs ECO-AFL/FL, 3 [mg/m^3]
# name 10 = par/sat/log: PAR/Logarithmic, Satlantic
# name 11 = turbWETntu0: Turbidity, WET Labs ECO [NTU]
# name 12 = prdM: Pressure, Strain Gauge [db]
# name 13 = prdE: Pressure, Strain Gauge [psi]
# name 14 = tv290C: Temperature [ITS-90, deg C]
# name 15 = flag:  0.000e+00
# span 0 =     -0.597,      9.590       
# span 1 =     -0.270,      0.160       
# span 2 =     6.4587,    13.1490       
# span 3 =     52.971,    107.683       
# span 4 =      1.787,    301.025       
# span 5 =   1.199547, 191.641430       
# span 6 =    -4.5000,    12.6000       
# span 7 =    -1.7444,     6.5107       
# span 8 =    -2.1300,     0.8946       
# span 9 =    -2.1150,     3.8493       
# span 10 = 1.1597e-01, 1.5358e+03      
# span 11 =    -5.7441,   109.2966      
# span 12 =     -0.586,      9.404      
# span 13 =     -0.849,     13.640      
# span 14 =     6.6102,     8.7146      
# span 15 = 0.0000e+00, 0.0000e+00      
# interval = seconds: 0.25
# start_time = Dec 12 2022 08:22:23 [Instrument's time stamp, header]
# bad_flag = -9.990e-29
*END*
[from data line 272]
      1.144      0.033     8.3982     68.471     41.801  26.566044     4.6800     2.7151     0.0000     0.5499 4.9114e+01     1.0045      1.122      1.627     6.7471 0.0000e+00
      1.153      0.035     8.3841     68.465     41.769  26.555281     4.6800     2.7227     0.0000     0.5499 4.4810e+01     1.1097      1.131      1.641     6.7484 0.0000e+00
      1.163      0.035     8.3726     68.485     41.759  26.554079     4.6800     2.7227     0.0000     0.5499 4.5914e+01     1.1398      1.141      1.655     6.7529 0.0000e+00
      1.173      0.035     8.3637     68.522     41.756  26.554200     4.6800     2.7036     0.0000     0.5499 4.3572e+01     1.0796      1.151      1.669     6.7626 0.0000e+00
      1.182      0.034     8.3573     68.562     41.753  26.551717     4.6800     2.4480     0.0426     0.6345 4.3487e+01     1.3652      1.159      1.681     6.7755 0.0000e+00
      1.190      0.032     8.3543     68.587     41.747  26.545967     4.6800     2.4442     0.0426     0.6345 4.2330e+01     1.3802      1.168      1.693     6.7865 0.0000e+00
      1.198      0.030     8.3554     68.592     41.735  26.535417     4.6800     2.4556     0.0426     0.6345 4.4762e+01     1.3201      1.175      1.704     6.7927 0.0000e+00
      1.205      0.028     8.3595     68.585     41.725  26.525172     4.6800     2.4518     0.0426     0.6345 4.3101e+01     1.3802      1.182      1.715     6.7949 0.0000e+00
      1.212      0.027     8.3644     68.576     41.730  26.524378     4.6800     2.3259     0.0426     0.6345 4.7487e+01     1.4253      1.189      1.724     6.7944 0.0000e+00
      1.218      0.025     8.3679     68.570     41.743  26.528865     4.6800     2.3221     0.0000     0.4653 4.5924e+01     1.2901      1.195      1.733     6.7921 0.0000e+00
      1.225      0.024     8.3693     68.578     41.747  26.527949     4.6800     2.3641     0.0000     0.4653 7.3003e+01     1.3051      1.201      1.742     6.7886 0.0000e+00
      1.231      0.023     8.3694     68.615     41.741  26.521387     4.6800     2.3412     0.0000     0.4653 4.8309e+01     1.2600      1.207      1.751     6.7842 0.0000e+00
      1.237      0.023     8.3693     68.687     41.736  26.515348     4.6800     2.4442     0.0000     0.4653 4.7333e+01     1.1398      1.213      1.759     6.7791 0.0000e+00
      1.243      0.023     8.3696     68.790     41.742  26.516140     4.6800     2.4366     0.0852     0.4653 5.0433e+01     1.0796      1.219      1.768     6.7745 0.0000e+00
      1.248      0.023     8.3714     68.911     41.759  26.523975     4.6800     2.4709     0.0852     0.4653 4.8911e+01     1.1097      1.224      1.776     6.7708 0.0000e+00
      1.254      0.023     8.3766     69.023     41.770  26.529063     4.6800     2.4595     0.0852     0.4653 6.5886e+01     1.0947      1.230      1.784     6.7673 0.0000e+00
      1.260      0.023     8.3861     69.116     41.773  26.528802     4.6800     2.4595     0.0852     0.4653 6.0955e+01     1.1698      1.236      1.792     6.7637 0.0000e+00
      1.266      0.024     8.3995     69.185     41.780  26.531041     4.6800     2.4442     0.0426     0.5076 4.7117e+01     1.2299      1.242      1.801     6.7602 0.0000e+00
      1.272      0.024     8.4149     69.226     41.791  26.536376     4.6800     2.4289     0.0426     0.5076 4.8837e+01     1.1999      1.248      1.810     6.7571 0.0000e+00
      1.278      0.025     8.4292     69.247     41.796  26.538312     4.6800     2.4938     0.0426     0.5076 4.9414e+01     1.1097      1.254      1.819     6.7545 0.0000e+00
      1.285      0.025     8.4410     69.249     41.794  26.537365     4.6800     2.4022     0.0426     0.5076 4.7611e+01     1.1999      1.260      1.828     6.7522 0.0000e+00
      1.291      0.024     8.4499     69.231     41.791  26.537241     4.6800     2.3832     0.0426     0.5076 4.9575e+01     1.0796      1.267      1.837     6.7496 0.0000e+00
      1.297      0.024     8.4555     69.194     41.780  26.533949     4.6800     2.3641     0.0426     0.5076 5.0138e+01     1.1097      1.273      1.846     6.7472 0.0000e+00
      1.303      0.023     8.4582     69.137     41.762  26.526610     4.6800     2.3946     0.0426     0.5076 4.8636e+01     1.1398      1.279      1.854     6.7459 0.0000e+00
      1.309      0.022     8.4584     69.052     41.749  26.521187     4.6800     2.7723     0.0426     0.5076 4.8488e+01     1.1698      1.284      1.863     6.7463 0.0000e+00
      1.315      0.022     8.4557     68.944     41.739  26.516232     4.6800     2.7608     0.0426     0.5076 4.8805e+01     1.1247      1.290      1.870     6.7487 0.0000e+00
      1.320      0.021     8.4503     68.811     41.722  26.506467     4.6800     2.7608     0.0000     0.5922 4.9500e+01     1.0195      1.295      1.878     6.7528 0.0000e+00
      1.325      0.021     8.4424     68.652     41.707  26.497205     4.6800     2.7570     0.0000     0.5922 4.7250e+01     1.1247      1.300      1.885     6.7574 0.0000e+00
      1.331      0.022     8.4313     68.477     41.703  26.493895     4.6800     2.6578     0.0000     0.5922 6.7877e+01     1.1398      1.305      1.893     6.7608 0.0000e+00
      1.336      0.022     8.4176     68.298     41.709  26.495655     4.6800     2.6349     0.0000     0.5922 4.6325e+01     1.1848      1.310      1.901     6.7630 0.0000e+00
      1.342      0.022     8.4012     68.122     41.725  26.502954     4.6800     2.6502     0.0426     0.5076 4.8362e+01     1.1999      1.316      1.909     6.7644 0.0000e+00
      1.347      0.022     8.3817     67.952     41.741  26.509820     4.6800     2.6235     0.0426     0.5076 4.3638e+01     1.0496      1.321      1.917     6.7647 0.0000e+00
      1.353      0.022     8.3605     67.789     41.740  26.506204     4.6800     2.5701     0.0426     0.5076 4.7015e+01     1.0796      1.327      1.925     6.7635 0.0000e+00
      1.359      0.022     8.3393     67.638     41.721  26.491144     4.6800     2.5815     0.0426     0.5076 4.2284e+01     1.0496      1.333      1.933     6.7609 0.0000e+00
      1.365      0.022     8.3185     67.503     41.697  26.472499     4.6800     2.5510     0.0426     0.4653 4.3402e+01     1.2149      1.339      1.942     6.7573 0.0000e+00
      1.371      0.021     8.2985     67.384     41.679  26.457178     4.6800     2.5815     0.0426     0.4653 4.3572e+01     1.0796      1.344      1.950     6.7537 0.0000e+00
      1.376      0.020     8.2793     67.273     41.672  26.449013     4.6800     2.5434     0.0426     0.4653 4.0902e+01     1.0796      1.349      1.957     6.7501 0.0000e+00
      1.381      0.020     8.2616     67.165     41.679  26.449786     4.6800     2.5052     0.0426     0.4653 4.1583e+01     1.2901      1.354      1.964     6.7461 0.0000e+00
      1.385      0.019     8.2461     67.063     41.699  26.459704     4.6800     2.5091     0.0426     0.6345 3.9962e+01     1.0496      1.359      1.971     6.7418 0.0000e+00
      1.390      0.019     8.2325     66.973     41.730  26.477451     4.6800     2.5281     0.0426     0.6345 3.7931e+01     1.0496      1.364      1.978     6.7374 0.0000e+00
      1.395      0.019     8.2198     66.892     41.746  26.487962     4.6800     2.8371     0.0426     0.6345 3.9478e+01     1.0345      1.368      1.984     6.7330 0.0000e+00
      1.400      0.018     8.2075     66.816     41.726  26.478203     4.6800     2.8295     0.0426     0.6345 3.7188e+01     1.1097      1.373      1.991     6.7288 0.0000e+00
      1.405      0.018     8.1958     66.743     41.691  26.461410     4.6800     2.8181     0.0426     0.6345 3.6413e+01     1.1398      1.377      1.998     6.7250 0.0000e+00
      1.409      0.018     8.1853     66.679     41.674  26.456861     4.6800     2.8295     0.0426     0.3807 3.5840e+01     1.0947      1.382      2.004     6.7228 0.0000e+00
      1.414      0.018     8.1752     66.624     41.683  26.467302     4.6800     2.6426     0.0426     0.3807 3.4413e+01     1.3051      1.386      2.011     6.7235 0.0000e+00
      1.418      0.018     8.1651     66.572     41.696  26.479680     4.6800     2.6502     0.0426     0.3807 3.4555e+01     1.3502      1.391      2.017     6.7275 0.0000e+00
      1.423      0.018     8.1549     66.515     41.694  26.481460     4.6800     2.6235     0.0426     0.3807 3.3287e+01     1.3051      1.395      2.024     6.7340 0.0000e+00
      1.427      0.018     8.1456     66.450     41.687  26.477074     4.6800     2.6311     0.0000     0.5076 3.2466e+01     1.2600      1.400      2.030     6.7409 0.0000e+00
      1.432      0.019     8.1377     66.378     41.683  26.473272     4.6800     2.4022     0.0000     0.5076 3.1486e+01     1.3051      1.404      2.037     6.7468 0.0000e+00
      1.437      0.019     8.1305     66.298     41.679  26.469040     4.6800     2.4137     0.0000     0.5076 3.1976e+01     1.3201      1.409      2.044     6.7516 0.0000e+00
      1.442      0.019     8.1228     66.211     41.675  26.463250     4.6800     2.3946     0.0000     0.5076 2.9718e+01     1.3201      1.413      2.050     6.7547 0.0000e+00
      1.446      0.019     8.1147     66.115     41.673  26.458316     4.6800     2.3946     0.0426     0.5076 2.9841e+01     1.4253      1.418      2.057     6.7554 0.0000e+00
      1.451      0.019     8.1062     66.011     41.676  26.456883     4.6800     2.7723     0.0426     0.5076 2.8877e+01     1.1097      1.423      2.064     6.7542 0.0000e+00
      1.456      0.020     8.0970     65.908     41.670  26.450649     4.6800     2.7799     0.0426     0.5076 2.8006e+01     1.0496      1.428      2.071     6.7516 0.0000e+00
      1.461      0.020     8.0871     65.809     41.654  26.437952     4.6800     2.7646     0.0426     0.5076 2.7434e+01     1.1097      1.433      2.078     6.7480 0.0000e+00
      1.466      0.021     8.0762     65.717     41.647  26.431243     4.6800     2.7685     0.0426     0.5076 2.6832e+01     1.0646      1.438      2.086     6.7438 0.0000e+00
      1.472      0.021     8.0642     65.633     41.651  26.432692     4.6800     2.9668     0.0426     0.4230 2.6336e+01     1.3652      1.443      2.094     6.7399 0.0000e+00
      1.477      0.022     8.0523     65.553     41.650  26.430809     4.6800     2.9516     0.0426     0.4230 2.5497e+01     1.2600      1.449      2.101     6.7366 0.0000e+00
      1.483      0.023     8.0408     65.480     41.641  26.423110     4.6800     2.9592     0.0426     0.4230 2.5161e+01     1.3953      1.454      2.109     6.7337 0.0000e+00
      1.489      0.023     8.0301     65.417     41.642  26.421402     4.6800     2.9554     0.0426     0.4230 2.5408e+01     1.2600      1.460      2.117     6.7312 0.0000e+00
      1.495      0.024     8.0202     65.363     41.648  26.423248     4.6800     2.4671     0.0426     0.4230 2.4154e+01     1.1247      1.466      2.126     6.7294 0.0000e+00
      1.501      0.025     8.0108     65.308     41.638  26.415283     4.6800     2.4709     0.0426     0.4230 2.3763e+01     1.0496      1.472      2.135     6.7278 0.0000e+00
      1.508      0.025     8.0023     65.239     41.619  26.401323     4.6800     2.4556     0.0426     0.4230 2.3242e+01     1.1398      1.479      2.145     6.7258 0.0000e+00
      1.515      0.025     7.9951     65.165     41.610  26.393482     4.6800     2.4518     0.0426     0.4230 2.2546e+01     1.1698      1.486      2.155     6.7233 0.0000e+00
      1.521      0.024     7.9889     65.106     41.612  26.393628     4.6800     2.3946     0.0426     0.3807 2.2629e+01     1.1398      1.492      2.164     6.7208 0.0000e+00
      1.527      0.023     7.9826     65.070     41.621  26.397840     4.6800     2.3679     0.0426     0.3807 2.1985e+01     1.1548      1.498      2.173     6.7185 0.0000e+00
      1.533      0.022     7.9747     65.051     41.629  26.401304     4.6800     2.3870     0.0426     0.3807 2.1847e+01     1.1247      1.504      2.181     6.7162 0.0000e+00
      1.539      0.021     7.9660     65.046     41.630  26.400982     4.6800     2.4099     0.0426     0.3807 2.1875e+01     1.2450      1.509      2.188     6.7140 0.0000e+00
      1.544      0.020     7.9592     65.053     41.630  26.400750     4.6800     2.5968     0.0426     0.3807 2.1326e+01     1.1398      1.514      2.196     6.7121 0.0000e+00
      1.549      0.019     7.9551     65.069     41.635  26.404503     4.6800     2.5854     0.0426     0.3807 2.1382e+01     1.1398      1.519      2.203     6.7105 0.0000e+00
      1.554      0.018     7.9531     65.086     41.641  26.409284     4.6800     2.5930     0.0426     0.3807 2.0840e+01     1.1398      1.523      2.209     6.7091 0.0000e+00
      1.558      0.017     7.9527     65.089     41.638  26.408449     4.6800     2.5777     0.0426     0.3807 2.1096e+01     1.0796      1.528      2.215     6.7080 0.0000e+00
      1.562      0.017     7.9537     65.071     41.627  26.401775     4.6800     2.6388     0.0426     0.3807 2.0977e+01     1.1698      1.532      2.221     6.7076 0.0000e+00
      1.566      0.016     7.9555     65.041     41.619  26.397380     4.6800     2.6426     0.0426     0.5499 2.0791e+01     1.0496      1.536      2.227     6.7081 0.0000e+00
      1.570      0.016     7.9574     65.005     41.617  26.396074     4.6800     2.6502     0.0426     0.5499 2.0028e+01     1.2750      1.539      2.233     6.7091 0.0000e+00
      1.574      0.016     7.9574     64.966     41.610  26.391567     4.6800     2.6502     0.0426     0.5499 2.1634e+01     1.1698      1.543      2.239     6.7103 0.0000e+00
      1.578      0.017     7.9551     64.928     41.598  26.384638     4.6800     2.6845     0.0426     0.5499 1.9876e+01     1.1698      1.547      2.245     6.7113 0.0000e+00
      1.582      0.017     7.9513     64.894     41.587  26.379378     4.6800     2.6883     0.0852     0.4230 1.9424e+01     1.1548      1.552      2.251     6.7118 0.0000e+00
      1.587      0.017     7.9469     64.872     41.579  26.376365     4.6800     2.6922     0.0852     0.4230 2.1183e+01     1.1398      1.556      2.257     6.7117 0.0000e+00
      1.591      0.017     7.9422     64.864     41.569  26.372816     4.6800     2.6960     0.0852     0.4230 1.9197e+01     1.0345      1.560      2.263     6.7117 0.0000e+00
      1.595      0.016     7.9373     64.872     41.565  26.371743     4.6800     2.5167     0.0852     0.4230 1.9837e+01     1.0796      1.564      2.269     6.7124 0.0000e+00
      1.599      0.016     7.9328     64.896     41.574  26.378799     4.6800     2.5091     0.0852     0.4653 1.9323e+01     1.1097      1.568      2.275     6.7144 0.0000e+00
      1.603      0.016     7.9295     64.935     41.584  26.385968     4.6800     2.4976     0.0852     0.4653 1.9777e+01     1.1548      1.572      2.281     6.7174 0.0000e+00
      1.608      0.016     7.9280     64.980     41.579  26.385263     4.6800     2.5129     0.0852     0.4653 1.9517e+01     1.1097      1.577      2.286     6.7204 0.0000e+00
      1.612      0.016     7.9285     65.018     41.569  26.382434     4.6800     2.5434     0.0852     0.4653 1.9661e+01     1.0195      1.581      2.292     6.7223 0.0000e+00
      1.616      0.016     7.9314     65.039     41.563  26.382668     4.6800     2.5701     0.0426     0.4653 1.9984e+01     1.0796      1.585      2.298     6.7232 0.0000e+00
      1.620      0.016     7.9358     65.042     41.553  26.380087     4.6800     2.5625     0.0426     0.4653 1.9911e+01     1.1398      1.589      2.304     6.7247 0.0000e+00
      1.624      0.016     7.9407     65.027     41.535  26.370044     4.6800     2.5510     0.0426     0.4653 1.9457e+01     1.0947      1.593      2.310     6.7278 0.0000e+00
      1.628      0.016     7.9444     65.003     41.522  26.361740     4.6800     2.7074     0.0426     0.4653 2.0490e+01     1.0646      1.597      2.316     6.7322 0.0000e+00
