Data/DataNotYetUploadedToEDI/Raw_CTD/RawDownloads/121222_fcr50_S8188003.cnv
* Sea-Bird SBE19plus  Data File:
* FileName = C:\R\Reservoirs\Data\DataNotYetUploadedToEDI\Raw_CTD\RawDownloads\121222_fcr50_S8188008_0003.hex
* Software version 2.8.0.119
* Temperature SN = 8188
* Conductivity SN = 8188
* System UpLoad Time = Dec 12 2022 16:21:23
* <ApplicationData>
* <Seaterm232>
# nquan = 16
# nvalues = 2065                        
# units = specified
# name 0 = depFM: Depth [fresh water, m]
# name 1 = dz/dtM: Descent Rate [m/s]
# name 2 = sbeox0Mg/L: Oxygen, SBE 43 [mg/l]
# name 3 = sbeox0PS: Oxygen, SBE 43 [% saturation]
# name 4 = specc: Specific Conductance [uS/cm]
# name 5 = c0uS/cm: Conductivity [uS/cm]
# name 6 = wetCDOM: Fluorescence, WET Labs CDOM [mg/m^3]
# name 7 = flECO-AFL: Fluorescence, WET Labs ECO-AFL/FL [mg/m^3]
# name 8 = flECO-AFL1: Fluorescence, WET Labs ECO-AFL/FL, 2 [mg/m^3]
# name 9 = flECO-AFL2: Fluorescence, WET Labs ECO-AFL/FL, 3 [mg/m^3]
# name 10 = par/sat/log: PAR/Logarithmic, Satlantic
# name 11 = turbWETntu0: Turbidity, WET Labs ECO [NTU]
# name 12 = prdM: Pressure, Strain Gauge [db]
# name 13 = prdE: Pressure, Strain Gauge [psi]
# name 14 = tv290C: Temperature [ITS-90, deg C]
# name 15 = flag:  0.000e+00
# span 0 =     -0.597,      9.590       
# span 1 =     -0.270,      0.160       
# span 2 =     6.4587,    13.1490       
# span 3 =     52.971,    107.683       
# span 4 =      1.787,    301.025       
# span 5 =   1.199547, 191.641430       
# span 6 =    -4.5000,    12.6000       
# span 7 =    -1.7444,     6.5107       
# span 8 =    -2.1300,     0.8946       
# span 9 =    -2.1150,     3.8493       
# span 10 = 1.1597e-01, 1.5358e+03      
# span 11 =    -5.7441,   109.2966      
# span 12 =     -0.586,      9.404      
# span 13 =     -0.849,     13.640      
# span 14 =     6.6102,     8.7146      
# span 15 = 0.0000e+00, 0.0000e+00      
# interval = seconds: 0.25
# start_time = Dec 12 2022 08:22:23 [Instrument's time stamp, header]
# bad_flag = -9.990e-29
*END*
[from data line 1085]
      5.875      0.027     8.5783     69.762     40.997  25.994304     4.6800     2.8333     0.0852     0.4653 1.9629e+00     1.1698      5.761      8.356     6.7014 0.0000e+00
      5.882      0.027     8.5586     69.763     40.998  25.995209     4.6800     2.8257     0.0852     0.4653 1.9603e+00     1.0345      5.768      8.365     6.7014 0.0000e+00
      5.888      0.027     8.5447     69.800     40.992  25.990938     4.7700     2.8219     0.0852     0.4230 1.9620e+00     1.0796      5.774      8.375     6.7013 0.0000e+00
      5.895      0.026     8.5355     69.857     40.989  25.988269     4.7700     2.8371     0.0852     0.4230 1.9459e+00     1.0345      5.781      8.384     6.7012 0.0000e+00
      5.902      0.026     8.5307     69.928     40.993  25.990451     4.7700     2.8219     0.0852     0.4230 1.9274e+00     1.1999      5.788      8.394     6.7011 0.0000e+00
      5.909      0.026     8.5309     70.019     41.005  25.998066     4.7700     2.8142     0.0852     0.4230 1.9316e+00     1.1698      5.794      8.404     6.7009 0.0000e+00
      5.915      0.026     8.5355     70.137     41.017  26.005225     4.6800     2.7608     0.0426     0.4230 1.9387e+00     1.1097      5.801      8.413     6.7006 0.0000e+00
      5.921      0.025     8.5425     70.273     41.019  26.005919     4.6800     2.7456     0.0426     0.4230 1.9261e+00     1.1097      5.807      8.422     6.7003 0.0000e+00
      5.928      0.025     8.5513     70.413     41.017  26.004292     4.6800     2.7761     0.0426     0.4230 1.9008e+00     1.1548      5.813      8.431     6.6998 0.0000e+00
      5.934      0.024     8.5625     70.544     41.017  26.003871     4.6800     2.7379     0.0426     0.4230 1.9450e+00     1.0345      5.820      8.440     6.6993 0.0000e+00
      5.940      0.024     8.5770     70.659     41.019  26.004542     4.6800     2.3717     0.0426     0.5499 1.9311e+00     1.0947      5.826      8.449     6.6987 0.0000e+00
      5.946      0.023     8.5939     70.745     41.016  26.002524     4.6800     2.3870     0.0426     0.5499 1.9161e+00     1.1097      5.831      8.457     6.6982 0.0000e+00
      5.952      0.023     8.6111     70.788     41.007  25.997281     4.6800     2.3603     0.0426     0.5499 1.8753e+00     1.1097      5.837      8.466     6.6977 0.0000e+00
      5.958      0.023     8.6272     70.781     41.004  25.995332     4.6800     2.4061     0.0426     0.5499 1.8983e+00     1.0796      5.843      8.474     6.6974 0.0000e+00
      5.964      0.023     8.6413     70.726     40.999  25.992198     4.7700     2.6159     0.0426     0.5076 1.8921e+00     1.0496      5.849      8.482     6.6971 0.0000e+00
      5.970      0.023     8.6518     70.637     40.985  25.983085     4.7700     2.6426     0.0426     0.5076 1.9024e+00     1.1247      5.854      8.491     6.6971 0.0000e+00
      5.975      0.023     8.6570     70.536     40.970  25.973480     4.7700     2.6502     0.0426     0.5076 1.8876e+00     1.0496      5.860      8.499     6.6971 0.0000e+00
      5.981      0.023     8.6562     70.443     40.956  25.964783     4.7700     2.6311     0.0426     0.5076 1.8676e+00     1.1097      5.866      8.507     6.6971 0.0000e+00
      5.987      0.023     8.6495     70.379     40.953  25.962592     4.7700     2.7036     0.0426     0.5076 1.8579e+00     1.0345      5.872      8.516     6.6970 0.0000e+00
      5.993      0.023     8.6387     70.363     40.965  25.970282     4.6800     2.7074     0.0426     0.4230 1.8346e+00     1.1097      5.877      8.524     6.6968 0.0000e+00
      5.999      0.023     8.6264     70.401     40.978  25.978026     4.6800     2.7074     0.0426     0.4230 1.8635e+00     1.1247      5.883      8.532     6.6966 0.0000e+00
      6.005      0.022     8.6150     70.490     40.981  25.979970     4.6800     2.6883     0.0426     0.4230 1.8422e+00     1.0646      5.888      8.540     6.6964 0.0000e+00
      6.010      0.022     8.6072     70.620     40.983  25.980593     4.6800     2.7837     0.0426     0.4230 1.8171e+00     1.1398      5.894      8.548     6.6964 0.0000e+00
      6.016      0.023     8.6053     70.775     40.989  25.984019     4.7700     2.7799     0.0426     0.4230 1.8006e+00     1.1698      5.900      8.557     6.6964 0.0000e+00
      6.022      0.023     8.6100     70.941     40.995  25.987204     4.7700     2.7723     0.0426     0.4230 1.8358e+00     1.0345      5.905      8.565     6.6962 0.0000e+00
      6.027      0.023     8.6210     71.104     40.995  25.987035     4.7700     2.7570     0.0426     0.4230 1.8175e+00     1.0947      5.911      8.573     6.6960 0.0000e+00
      6.033      0.023     8.6370     71.238     40.989  25.983470     4.7700     2.7303     0.0426     0.4230 1.7831e+00     1.0345      5.917      8.581     6.6955 0.0000e+00
      6.040      0.023     8.6560     71.325     40.977  25.975556     4.7700     2.6883     0.0426     0.4230 1.7474e+00     1.0345      5.923      8.590     6.6949 0.0000e+00
      6.046      0.023     8.6764     71.354     40.955  25.961184     4.7700     2.7074     0.0426     0.4230 1.7376e+00     1.0345      5.929      8.599     6.6942 0.0000e+00
      6.052      0.023     8.6964     71.322     40.928  25.944440     4.7700     2.7265     0.0426     0.4230 1.7319e+00     1.1398      5.935      8.608     6.6937 0.0000e+00
      6.057      0.022     8.7129     71.237     40.916  25.936696     4.7700     3.1805     0.0426     0.4230 1.7214e+00     1.0796      5.941      8.616     6.6935 0.0000e+00
      6.063      0.021     8.7235     71.109     40.921  25.939846     4.7700     3.2072     0.0426     0.3807 1.6980e+00     1.0195      5.946      8.624     6.6933 0.0000e+00
      6.068      0.020     8.7272     70.951     40.932  25.946812     4.7700     3.2224     0.0426     0.3807 1.7039e+00     1.0796      5.951      8.632     6.6932 0.0000e+00
      6.074      0.019     8.7233     70.795     40.945  25.955492     4.7700     3.1957     0.0426     0.3807 1.6793e+00     1.1698      5.956      8.639     6.6932 0.0000e+00
      6.078      0.019     8.7128     70.663     40.965  25.968201     4.7700     2.9630     0.0426     0.3807 1.7006e+00     1.0947      5.961      8.646     6.6933 0.0000e+00
      6.083      0.018     8.6971     70.556     40.990  25.984368     4.7700     2.9325     0.0426     0.3807 1.6925e+00     1.0646      5.966      8.652     6.6934 0.0000e+00
      6.087      0.017     8.6777     70.476     41.009  25.996426     4.7700     2.9439     0.0426     0.5076 1.6561e+00     1.0496      5.970      8.659     6.6936 0.0000e+00
      6.092      0.016     8.6586     70.422     41.020  26.003632     4.7700     2.9134     0.0426     0.5076 1.6793e+00     1.0195      5.974      8.665     6.6938 0.0000e+00
      6.096      0.016     8.6425     70.393     41.027  26.007906     4.7700     2.8753     0.0426     0.5076 1.6561e+00     1.3652      5.978      8.670     6.6940 0.0000e+00
      6.099      0.015     8.6294     70.386     41.031  26.010390     4.7700     2.8982     0.0426     0.5076 1.6633e+00     1.3953      5.982      8.676     6.6941 0.0000e+00
      6.103      0.015     8.6196     70.389     41.039  26.015704     4.6800     2.9172     0.0426     0.4230 1.5957e+00     1.3351      5.985      8.681     6.6943 0.0000e+00
      6.107      0.014     8.6130     70.394     41.042  26.017348     4.6800     2.8867     0.0426     0.4230 1.6075e+00     1.2450      5.989      8.686     6.6944 0.0000e+00
      6.111      0.014     8.6095     70.406     41.040  26.015759     4.6800     2.9630     0.0426     0.4230 1.6156e+00     1.1398      5.993      8.691     6.6945 0.0000e+00
      6.114      0.014     8.6085     70.422     41.038  26.014473     4.6800     2.9439     0.0426     0.4230 1.5781e+00     1.0646      5.996      8.696     6.6945 0.0000e+00
      6.117      0.013     8.6089     70.426     41.030  26.009187     4.6800     2.9592     0.0426     0.5076 1.5864e+00     1.1097      5.999      8.701     6.6945 0.0000e+00
      6.120      0.013     8.6095     70.408     41.020  26.002453     4.6800     2.9249     0.0426     0.5076 1.5614e+00     1.0796      6.002      8.705     6.6944 0.0000e+00
      6.124      0.014     8.6110     70.356     41.010  25.996432     4.6800     2.5586     0.0426     0.5076 1.5466e+00     0.9894      6.005      8.710     6.6942 0.0000e+00
      6.127      0.015     8.6130     70.268     41.000  25.989520     4.6800     2.5892     0.0426     0.5076 1.5774e+00     1.0345      6.008      8.714     6.6940 0.0000e+00
      6.131      0.016     8.6135     70.153     40.991  25.983833     4.6800     2.5548     0.0426     0.4653 1.5239e+00     1.1999      6.012      8.720     6.6938 0.0000e+00
      6.135      0.018     8.6113     70.013     40.994  25.985772     4.6800     2.5739     0.0426     0.4653 1.5090e+00     1.0947      6.016      8.726     6.6936 0.0000e+00
      6.139      0.019     8.6050     69.856     41.010  25.995856     4.6800     2.6235     0.0426     0.4653 1.4756e+00     1.1097      6.021      8.732     6.6934 0.0000e+00
      6.145      0.020     8.5944     69.697     41.024  26.004894     4.6800     2.6426     0.0426     0.4653 1.4635e+00     1.1698      6.026      8.740     6.6932 0.0000e+00
      6.151      0.021     8.5802     69.546     41.028  26.007379     4.6800     2.6388     0.0426     0.4653 1.4591e+00     1.1398      6.032      8.748     6.6930 0.0000e+00
      6.156      0.021     8.5632     69.401     41.028  26.007932     4.7700     2.6311     0.0426     0.4653 1.4126e+00     1.0345      6.037      8.756     6.6929 0.0000e+00
      6.162      0.021     8.5440     69.263     41.032  26.010660     4.7700     2.6922     0.0426     0.4653 1.3807e+00     1.0195      6.042      8.764     6.6929 0.0000e+00
      6.167      0.021     8.5245     69.131     41.035  26.012331     4.7700     2.6807     0.0426     0.4653 1.3490e+00     1.1247      6.048      8.772     6.6930 0.0000e+00
      6.172      0.021     8.5060     68.999     41.030  26.009432     4.7700     2.6922     0.0426     0.4653 1.3128e+00     1.0496      6.053      8.779     6.6933 0.0000e+00
      6.177      0.020     8.4882     68.861     41.023  26.005149     4.7700     2.6807     0.0426     0.4653 1.3023e+00     1.0646      6.058      8.786     6.6935 0.0000e+00
      6.182      0.020     8.4713     68.705     41.025  26.006258     4.7700     3.3102     0.0426     0.4653 1.2835e+00     1.2450      6.063      8.793     6.6938 0.0000e+00
      6.187      0.020     8.4550     68.522     41.035  26.013055     4.7700     3.3254     0.0426     0.4653 1.2735e+00     1.3652      6.068      8.801     6.6940 0.0000e+00
      6.192      0.020     8.4389     68.318     41.039  26.015475     4.7700     3.3140     0.0426     0.4653 1.2633e+00     1.2600      6.073      8.808     6.6942 0.0000e+00
      6.197      0.020     8.4219     68.104     41.037  26.014163     4.7700     3.3216     0.0426     0.4653 1.2575e+00     1.3652      6.077      8.815     6.6943 0.0000e+00
      6.202      0.020     8.4029     67.889     41.041  26.016688     4.7700     3.0736     0.0426     0.4653 1.2515e+00     1.2149      6.082      8.822     6.6943 0.0000e+00
      6.207      0.020     8.3806     67.689     41.047  26.019764     4.7700     3.0660     0.0426     0.4653 1.2252e+00     1.0345      6.087      8.829     6.6943 0.0000e+00
      6.212      0.021     8.3556     67.519     41.048  26.020251     4.7700     3.0660     0.0426     0.4653 1.2191e+00     1.0045      6.092      8.836     6.6942 0.0000e+00
      6.217      0.021     8.3294     67.403     41.040  26.014321     4.7700     3.0851     0.0426     0.4653 1.2111e+00     1.1247      6.097      8.844     6.6941 0.0000e+00
      6.223      0.022     8.3032     67.357     41.019  26.000391     4.6800     2.6426     0.0426     0.5076 1.1703e+00     1.1247      6.103      8.851     6.6939 0.0000e+00
      6.229      0.022     8.2788     67.387     40.998  25.986626     4.6800     2.6159     0.0426     0.5076 1.1693e+00     1.0796      6.108      8.860     6.6936 0.0000e+00
      6.235      0.023     8.2582     67.490     40.984  25.977273     4.6800     2.6311     0.0426     0.5076 1.1690e+00     1.0646      6.114      8.868     6.6931 0.0000e+00
      6.241      0.023     8.2440     67.659     40.973  25.969837     4.6800     2.6426     0.0426     0.5076 1.1586e+00     1.1848      6.120      8.876     6.6925 0.0000e+00
      6.246      0.023     8.2386     67.886     40.969  25.966296     4.6800     2.5739     0.0000     0.5499 1.1877e+00     1.4103      6.125      8.884     6.6917 0.0000e+00
      6.252      0.024     8.2425     68.162     40.975  25.969664     4.6800     2.5586     0.0000     0.5499 1.1429e+00     1.3802      6.131      8.893     6.6907 0.0000e+00
      6.259      0.024     8.2552     68.475     40.988  25.976881     4.6800     2.5701     0.0000     0.5499 1.1273e+00     1.4253      6.137      8.902     6.6898 0.0000e+00
      6.265      0.025     8.2760     68.820     40.997  25.981951     4.6800     2.5586     0.0000     0.5499 1.1173e+00     1.2901      6.143      8.911     6.6891 0.0000e+00
      6.271      0.025     8.3040     69.196     41.004  25.986228     4.7700     2.6731     0.0426     0.5076 1.1069e+00     1.0947      6.150      8.919     6.6885 0.0000e+00
      6.277      0.025     8.3378     69.601     41.012  25.990851     4.7700     2.6845     0.0426     0.5076 1.0615e+00     1.1548      6.156      8.928     6.6878 0.0000e+00
      6.284      0.025     8.3763     70.029     41.003  25.985175     4.7700     2.6922     0.0426     0.5076 1.0594e+00     1.1698      6.162      8.938     6.6869 0.0000e+00
      6.291      0.025     8.4187     70.475     40.982  25.971646     4.7700     2.7074     0.0426     0.5076 1.0277e+00     1.0496      6.169      8.947     6.6861 0.0000e+00
      6.297      0.025     8.4648     70.929     40.967  25.962494     4.6800     2.8142     0.0426     0.4230 1.0274e+00     1.1698      6.175      8.956     6.6856 0.0000e+00
      6.303      0.025     8.5144     71.371     40.956  25.955279     4.6800     2.8028     0.0426     0.4230 1.0477e+00     1.0796      6.181      8.965     6.6854 0.0000e+00
      6.309      0.025     8.5667     71.779     40.951  25.952034     4.6800     2.8219     0.0426     0.4230 1.0133e+00     1.1097      6.187      8.974     6.6853 0.0000e+00
      6.316      0.025     8.6213     72.134     40.963  25.959815     4.6800     2.8295     0.0426     0.4230 9.9406e-01     1.0646      6.194      8.983     6.6855 0.0000e+00
      6.322      0.026     8.6768     72.422     40.978  25.968817     4.6800     2.8638     0.0426     0.4230 1.0058e+00     1.0345      6.200      8.992     6.6857 0.0000e+00
      6.329      0.026     8.7308     72.636     40.979  25.969563     4.7700     2.8676     0.0426     0.5499 9.7079e-01     1.0345      6.206      9.002     6.6858 0.0000e+00
      6.336      0.026     8.7808     72.772     40.973  25.966212     4.7700     2.8867     0.0426     0.5499 1.0043e+00     1.0496      6.213      9.011     6.6857 0.0000e+00
      6.343      0.026     8.8243     72.826     40.966  25.961830     4.7700     2.8943     0.0426     0.5499 9.1667e-01     1.0796      6.220      9.021     6.6854 0.0000e+00
      6.350      0.026     8.8596     72.812     40.962  25.959206     4.7700     3.4933     0.0426     0.5499 9.5075e-01     1.2750      6.227      9.032     6.6852 0.0000e+00
      6.356      0.025     8.8858     72.745     40.965  25.961601     4.6800     3.5238     0.0426     0.4653 9.4683e-01     1.2750      6.234      9.041     6.6851 0.0000e+00
      6.363      0.024     8.9023     72.637     40.971  25.965694     4.6800     3.4742     0.0426     0.4653 9.2749e-01     1.3201      6.240      9.050     6.6851 0.0000e+00
      6.369      0.023     8.9090     72.497     40.976  25.968617     4.6800     3.5009     0.0426     0.4653 9.5137e-01     1.2750      6.245      9.059     6.6852 0.0000e+00
