Data/DataNotYetUploadedToEDI/Raw_CTD/RawDownloads/121222_fcr50_S8188003.cnv
* Sea-Bird SBE19plus  Data File:
* FileName = C:\R\Reservoirs\Data\DataNotYetUploadedToEDI\Raw_CTD\RawDownloads\121222_fcr50_S8188008_0003.hex
* Software version 2.8.0.119
* Temperature SN = 8188
* Conductivity SN = 8188
* System UpLoad Time = Dec 12 2022 16:21:23
* <ApplicationData>
* <Seaterm232>
# nquan = 16
# nvalues = 2065                        
# units = specified
# name 0 = depFM: Depth [fresh water, m]
# name 1 = dz/dtM: Descent Rate [m/s]
# name 2 = sbeox0Mg/L: Oxygen, SBE 43 [mg/l]
# name 3 = sbeox0PS: Oxygen, SBE 43 [% saturation]
# name 4 = specc: Specific Conductance [uS/cm]
# name 5 = c0uS/cm: Conductivity [uS/cm]
# name 6 = wetCDOM: Fluorescence, WET Labs CDOM [mg/m^3]
# name 7 = flECO-AFL: Fluorescence, WET Labs ECO-AFL/FL [mg/m^3]
# name 8 = flECO-AFL1: Fluorescence, WET Labs ECO-AFL/FL, 2 [mg/m^3]
# name 9 = flECO-AFL2: Fluorescence, WET Labs ECO-AFL/FL, 3 [mg/m^3]
# name 10 = par/sat/log: PAR/Logarithmic, Satlantic
# name 11 = turbWETntu0: Turbidity, WET Labs ECO [NTU]
# name 12 = prdM: Pressure, Strain Gauge [db]
# name 13 = prdE: Pressure, Strain Gauge [psi]
# name 14 = tv290C: Temperature [ITS-90, deg C]
# name 15 = flag:  0.000e+00
# span 0 =     -0.597,      9.590       
# span 1 =     -0.270,      0.160       
# span 2 =     6.4587,    13.1490       
# span 3 =     52.971,    107.683       
# span 4 =      1.787,    301.025       
# span 5 =   1.199547, 191.641430       
# span 6 =    -4.5000,    12.6000       
# span 7 =    -1.7444,     6.5107       
# span 8 =    -2.1300,     0.8946       
# span 9 =    -2.1150,     3.8493       
# span 10 = 1.1597e-01, 1.5358e+03      
# span 11 =    -5.7441,   109.2966      
# span 12 =     -0.586,      9.404      
# span 13 =     -0.849,     13.640      
# span 14 =     6.6102,     8.7146      
# span 15 = 0.0000e+00, 0.0000e+00      
# interval = seconds: 0.25
# start_time = Dec 12 2022 08:22:23 [Instrument's time stamp, header]
# bad_flag = -9.990e-29
*END*
[from data line 904]
      4.549      0.030     9.0783     73.541     41.033  26.005360     4.7700     2.8104     0.0426     0.5076 4.7729e+00     1.0496      4.461      6.470     6.6884 0.0000e+00
      4.556      0.029     9.0682     73.291     41.032  26.004017     4.7700     2.8333     0.0426     0.5076 4.7429e+00     1.1398      4.468      6.481     6.6883 0.0000e+00
      4.564      0.029     9.0498     73.032     41.039  26.007765     4.7700     2.7532     0.0426     0.5076 4.7110e+00     1.2450      4.476      6.491     6.6880 0.0000e+00
      4.571      0.028     9.0247     72.772     41.056  26.017604     4.6800     2.7608     0.0426     0.4653 4.7264e+00     1.3201      4.483      6.501     6.6875 0.0000e+00
      4.578      0.028     8.9961     72.521     41.074  26.028239     4.6800     2.7685     0.0426     0.4653 4.7223e+00     1.3953      4.490      6.512     6.6868 0.0000e+00
      4.585      0.028     8.9656     72.289     41.091  26.038547     4.6800     2.7837     0.0426     0.4653 4.7121e+00     1.3051      4.497      6.522     6.6860 0.0000e+00
      4.593      0.028     8.9342     72.068     41.100  26.043357     4.6800     2.6426     0.0426     0.4653 4.6450e+00     1.3953      4.503      6.532     6.6851 0.0000e+00
      4.600      0.028     8.9025     71.849     41.090  26.036034     4.6800     2.6426     0.0426     0.4653 4.6419e+00     1.3051      4.510      6.542     6.6842 0.0000e+00
      4.606      0.028     8.8720     71.636     41.070  26.022543     4.7700     2.6121     0.0426     0.4653 4.6369e+00     1.3652      4.517      6.552     6.6832 0.0000e+00
      4.613      0.028     8.8440     71.429     41.059  26.015124     4.7700     2.6502     0.0426     0.4653 4.6349e+00     1.2750      4.524      6.562     6.6821 0.0000e+00
      4.620      0.028     8.8171     71.241     41.061  26.015757     4.7700     2.5854     0.0426     0.4653 4.5948e+00     1.1247      4.531      6.572     6.6810 0.0000e+00
      4.627      0.028     8.7906     71.082     41.057  26.012735     4.7700     2.5701     0.0426     0.4653 4.5600e+00     1.0796      4.538      6.582     6.6799 0.0000e+00
      4.634      0.028     8.7646     70.956     41.040  26.001290     4.7700     2.5892     0.0426     0.5922 4.5709e+00     1.0646      4.545      6.592     6.6791 0.0000e+00
      4.642      0.029     8.7395     70.849     41.024  25.990251     4.7700     2.5663     0.0426     0.5922 4.5441e+00     1.0796      4.552      6.602     6.6785 0.0000e+00
      4.649      0.029     8.7166     70.738     41.022  25.988550     4.7700     2.6121     0.0426     0.5922 4.5828e+00     1.3051      4.559      6.612     6.6781 0.0000e+00
      4.657      0.029     8.6974     70.600     41.035  25.995734     4.7700     2.6311     0.0426     0.5922 4.5029e+00     1.3051      4.566      6.623     6.6774 0.0000e+00
      4.664      0.028     8.6822     70.419     41.052  26.005801     4.7700     2.6235     0.0426     0.5499 4.4668e+00     1.3652      4.574      6.634     6.6765 0.0000e+00
      4.672      0.028     8.6692     70.196     41.064  26.013515     4.7700     2.6311     0.0426     0.5499 4.5136e+00     1.3051      4.581      6.645     6.6754 0.0000e+00
      4.679      0.028     8.6558     69.933     41.070  26.016975     4.7700     2.5586     0.0426     0.5499 4.5009e+00     1.0947      4.588      6.655     6.6745 0.0000e+00
      4.685      0.027     8.6392     69.642     41.071  26.017104     4.7700     2.5472     0.0426     0.5499 4.4892e+00     1.0045      4.595      6.664     6.6737 0.0000e+00
      4.692      0.027     8.6172     69.352     41.067  26.013935     4.7700     2.5815     0.0426     0.5499 4.4960e+00     1.1698      4.601      6.674     6.6731 0.0000e+00
      4.699      0.027     8.5900     69.102     41.062  26.010584     4.6800     2.5854     0.0852     0.5076 4.4717e+00     1.0646      4.608      6.683     6.6727 0.0000e+00
      4.706      0.027     8.5579     68.922     41.062  26.010115     4.6800     2.6807     0.0852     0.5076 4.4523e+00     1.0496      4.615      6.693     6.6723 0.0000e+00
      4.713      0.027     8.5224     68.826     41.066  26.012404     4.6800     2.6807     0.0852     0.5076 4.3908e+00     1.1698      4.622      6.703     6.6719 0.0000e+00
      4.719      0.027     8.4869     68.812     41.069  26.014102     4.6800     2.7074     0.0852     0.5076 4.3870e+00     1.1398      4.628      6.713     6.6714 0.0000e+00
      4.726      0.027     8.4564     68.862     41.065  26.011701     4.7700     2.6731     0.0426     0.4653 4.4523e+00     1.0796      4.635      6.722     6.6708 0.0000e+00
      4.733      0.028     8.4345     68.956     41.061  26.008522     4.7700     2.7189     0.0426     0.4653 4.4272e+00     1.0345      4.642      6.732     6.6704 0.0000e+00
      4.740      0.028     8.4228     69.073     41.059  26.007676     4.7700     2.6883     0.0426     0.4653 4.3765e+00     1.0947      4.649      6.742     6.6701 0.0000e+00
      4.747      0.028     8.4212     69.192     41.055  26.004978     4.7700     2.6883     0.0426     0.4653 4.3679e+00     1.1398      4.656      6.753     6.6699 0.0000e+00
      4.755      0.029     8.4274     69.298     41.046  25.999708     4.6800     2.6883     0.0426     0.4230 4.3594e+00     1.0646      4.663      6.763     6.6696 0.0000e+00
      4.762      0.028     8.4389     69.381     41.042  25.998380     4.6800     2.6235     0.0426     0.4230 4.3396e+00     1.3351      4.670      6.774     6.6693 0.0000e+00
      4.770      0.028     8.4532     69.442     41.038  25.996679     4.6800     2.6540     0.0426     0.4230 4.3292e+00     1.4404      4.677      6.784     6.6692 0.0000e+00
      4.777      0.027     8.4677     69.485     41.025  25.990194     4.6800     2.6502     0.0426     0.4230 4.3029e+00     1.4253      4.684      6.795     6.6695 0.0000e+00
      4.783      0.026     8.4805     69.522     41.022  25.989074     4.7700     2.6426     0.0426     0.5499 4.2731e+00     1.2450      4.691      6.804     6.6701 0.0000e+00
      4.790      0.024     8.4905     69.566     41.027  25.993019     4.7700     2.5014     0.0426     0.5499 4.2315e+00     1.3802      4.697      6.813     6.6712 0.0000e+00
      4.796      0.023     8.4977     69.623     41.030  25.995164     4.7700     2.5167     0.0426     0.5499 4.2750e+00     1.2901      4.703      6.822     6.6726 0.0000e+00
      4.801      0.022     8.5026     69.683     41.031  25.996080     4.7700     2.5052     0.0426     0.5499 4.2251e+00     1.2901      4.709      6.829     6.6742 0.0000e+00
      4.807      0.022     8.5069     69.723     41.025  25.992051     4.7700     2.5052     0.0426     0.5499 4.2371e+00     1.3201      4.714      6.837     6.6756 0.0000e+00
      4.812      0.021     8.5121     69.721     41.015  25.985963     4.6800     2.5663     0.0426     0.5076 4.1949e+00     1.1097      4.719      6.844     6.6764 0.0000e+00
      4.818      0.021     8.5190     69.674     41.018  25.988070     4.6800     2.5663     0.0426     0.5076 4.1813e+00     1.1698      4.724      6.852     6.6767 0.0000e+00
      4.823      0.020     8.5263     69.585     41.028  25.994975     4.6800     2.6006     0.0426     0.5076 4.1804e+00     1.1698      4.729      6.859     6.6768 0.0000e+00
      4.828      0.020     8.5312     69.461     41.036  26.000600     4.6800     2.5586     0.0426     0.5076 4.1840e+00     1.1848      4.734      6.866     6.6768 0.0000e+00
      4.833      0.020     8.5310     69.318     41.044  26.006446     4.7700     2.6388     0.0426     0.4230 4.1379e+00     1.1698      4.739      6.873     6.6769 0.0000e+00
      4.838      0.020     8.5252     69.185     41.048  26.010111     4.7700     2.6273     0.0426     0.4230 4.1164e+00     1.1398      4.744      6.880     6.6771 0.0000e+00
      4.843      0.021     8.5142     69.092     41.045  26.008615     4.7700     2.6349     0.0426     0.4230 4.0666e+00     1.0646      4.749      6.888     6.6777 0.0000e+00
      4.848      0.022     8.4987     69.063     41.033  26.001559     4.7700     2.6655     0.0426     0.4230 4.0551e+00     1.1548      4.754      6.895     6.6788 0.0000e+00
      4.854      0.023     8.4810     69.107     41.022  25.994978     4.7700     2.6082     0.0426     0.4653 4.0489e+00     1.1999      4.760      6.903     6.6800 0.0000e+00
      4.860      0.024     8.4645     69.221     41.022  25.995037     4.7700     2.5586     0.0426     0.4653 3.9800e+00     1.0496      4.765      6.912     6.6810 0.0000e+00
      4.866      0.025     8.4530     69.399     41.025  25.997793     4.7700     2.5930     0.0426     0.4653 3.9965e+00     1.1097      4.772      6.921     6.6817 0.0000e+00
      4.873      0.027     8.4493     69.634     41.027  26.000020     4.7700     2.5358     0.0426     0.4653 4.0437e+00     1.1698      4.778      6.930     6.6822 0.0000e+00
      4.880      0.028     8.4545     69.926     41.029  26.002314     4.6800     2.5739     0.0426     0.3807 3.9447e+00     1.3051      4.785      6.940     6.6825 0.0000e+00
      4.887      0.029     8.4684     70.289     41.026  26.001326     4.6800     2.5815     0.0426     0.3807 3.9336e+00     1.3351      4.792      6.951     6.6828 0.0000e+00
      4.895      0.029     8.4900     70.741     41.024  26.000752     4.6800     2.5663     0.0426     0.3807 4.0043e+00     1.3502      4.800      6.962     6.6835 0.0000e+00
      4.902      0.029     8.5185     71.290     41.030  26.004399     4.6800     2.5892     0.0426     0.3807 3.9550e+00     1.4103      4.807      6.972     6.6849 0.0000e+00
      4.909      0.029     8.5538     71.932     41.031  26.005321     4.6800     2.5358     0.0426     0.3807 3.9499e+00     1.1548      4.815      6.983     6.6864 0.0000e+00
      4.917      0.029     8.5981     72.642     41.034  26.007722     4.6800     2.5091     0.0426     0.4230 3.9714e+00     1.1097      4.822      6.993     6.6874 0.0000e+00
      4.924      0.030     8.6532     73.392     41.041  26.012242     4.6800     2.5358     0.0426     0.4230 3.9302e+00     1.1698      4.829      7.003     6.6880 0.0000e+00
      4.931      0.031     8.7203     74.158     41.041  26.012168     4.6800     2.4900     0.0426     0.4230 3.9731e+00     1.0345      4.836      7.014     6.6884 0.0000e+00
      4.939      0.032     8.7988     74.907     41.046  26.015401     4.6800     2.4595     0.0426     0.4230 3.9464e+00     1.0345      4.844      7.025     6.6887 0.0000e+00
      4.947      0.034     8.8857     75.594     41.057  26.022801     4.7700     2.4595     0.0426     0.5076 3.9233e+00     1.2299      4.852      7.037     6.6887 0.0000e+00
      4.956      0.036     8.9775     76.188     41.052  26.020504     4.7700     2.4595     0.0426     0.5076 3.9507e+00     1.0646      4.860      7.049     6.6888 0.0000e+00
      4.966      0.037     9.0711     76.698     41.036  26.011857     4.7700     2.4824     0.0426     0.5076 3.9507e+00     1.1548      4.870      7.063     6.6891 0.0000e+00
      4.976      0.038     9.1625     77.166     41.032  26.010393     4.7700     2.5014     0.0426     0.5076 3.8793e+00     1.0947      4.880      7.078     6.6896 0.0000e+00
      4.986      0.039     9.2464     77.657     41.033  26.011760     4.7700     2.5281     0.0426     0.4230 3.8224e+00     1.1247      4.890      7.092     6.6901 0.0000e+00
      4.996      0.039     9.3189     78.233     41.026  26.008406     4.7700     2.5091     0.0426     0.4230 3.8465e+00     1.0646      4.900      7.107     6.6911 0.0000e+00
      5.006      0.038     9.3809     78.933     41.017  26.003395     4.7700     2.5052     0.0426     0.4230 3.8373e+00     1.1097      4.910      7.121     6.6925 0.0000e+00
      5.016      0.037     9.4378     79.783     41.010  25.999349     4.7700     2.4404     0.0426     0.4230 3.7679e+00     1.1247      4.919      7.135     6.6937 0.0000e+00
      5.025      0.035     9.4978     80.780     41.009  25.999151     4.6800     2.4289     0.0426     0.3807 3.7983e+00     1.1097      4.928      7.148     6.6947 0.0000e+00
      5.034      0.033     9.5679     81.869     41.013  26.002745     4.6800     2.4518     0.0426     0.3807 3.7647e+00     1.1097      4.937      7.160     6.6957 0.0000e+00
      5.042      0.032     9.6533     82.960     41.020  26.007133     4.6800     2.4595     0.0426     0.3807 3.7967e+00     1.0045      4.945      7.172     6.6967 0.0000e+00
      5.050      0.030     9.7571     83.948     41.030  26.013484     4.6800     2.5167     0.0426     0.3807 3.7753e+00     1.1548      4.953      7.183     6.6973 0.0000e+00
      5.057      0.029     9.8788     84.732     41.040  26.019532     4.6800     2.4938     0.0426     0.3807 3.7622e+00     1.0947      4.960      7.194     6.6980 0.0000e+00
      5.064      0.028    10.0118     85.213     41.046  26.022930     4.6800     2.5281     0.0426     0.5076 3.7926e+00     1.0045      4.967      7.203     6.6987 0.0000e+00
      5.071      0.028    10.1451     85.314     41.049  26.024586     4.6800     2.5396     0.0426     0.5076 3.7959e+00     1.1097      4.973      7.213     6.6991 0.0000e+00
      5.078      0.028    10.2660     85.035     41.049  26.024940     4.6800     2.6426     0.0426     0.5076 3.7540e+00     1.0345      4.980      7.223     6.6990 0.0000e+00
      5.085      0.028    10.3620     84.421     41.041  26.020128     4.6800     2.6388     0.0426     0.5076 3.7313e+00     1.1247      4.987      7.233     6.6987 0.0000e+00
      5.092      0.028    10.4208     83.543     41.029  26.012824     4.6800     2.6197     0.0426     0.4653 3.7926e+00     1.1247      4.994      7.243     6.6984 0.0000e+00
      5.100      0.029    10.4333     82.491     41.029  26.012961     4.6800     2.6197     0.0426     0.4653 3.7516e+00     1.0947      5.001      7.253     6.6981 0.0000e+00
      5.107      0.030    10.3991     81.366     41.034  26.016614     4.6800     2.7265     0.0426     0.4653 3.7151e+00     1.1097      5.008      7.264     6.6980 0.0000e+00
      5.115      0.031    10.3241     80.262     41.033  26.016841     4.6800     2.7151     0.0426     0.4653 3.6974e+00     0.9894      5.016      7.275     6.6981 0.0000e+00
      5.123      0.032    10.2166     79.264     41.040  26.021618     4.6800     2.6845     0.0000     0.4653 3.7434e+00     1.1698      5.024      7.286     6.6985 0.0000e+00
      5.131      0.033    10.0878     78.428     41.056  26.032222     4.6800     2.6731     0.0000     0.4653 3.6725e+00     1.1097      5.032      7.298     6.6991 0.0000e+00
      5.140      0.033     9.9500     77.789     41.055  26.031682     4.6800     2.4366     0.0000     0.4653 3.6877e+00     1.0947      5.040      7.310     6.6997 0.0000e+00
      5.148      0.034     9.8149     77.378     41.036  26.019854     4.6800     2.4480     0.0000     0.4653 3.6416e+00     1.0947      5.049      7.322     6.7003 0.0000e+00
      5.157      0.034     9.6928     77.213     41.025  26.013382     4.6800     2.4595     0.0000     0.4653 3.6305e+00     1.0646      5.057      7.335     6.7009 0.0000e+00
      5.166      0.034     9.5904     77.288     41.021  26.010538     4.6800     2.4442     0.0426     0.5922 3.5625e+00     1.0496      5.066      7.347     6.7013 0.0000e+00
      5.175      0.034     9.5122     77.579     41.009  26.002647     4.6800     2.5586     0.0426     0.5922 3.5819e+00     1.0796      5.074      7.360     6.7016 0.0000e+00
      5.183      0.033     9.4619     78.050     40.992  25.991564     4.6800     2.5663     0.0426     0.5922 3.6053e+00     1.0947      5.083      7.372     6.7021 0.0000e+00
      5.191      0.033     9.4416     78.649     40.977  25.982251     4.6800     2.5548     0.0426     0.5922 3.5710e+00     1.1247      5.091      7.384     6.7024 0.0000e+00
      5.200      0.032     9.4508     79.314     40.968  25.976185     4.6800     2.6006     0.0426     0.5499 3.5401e+00     1.1097      5.099      7.395     6.7023 0.0000e+00
