Data/DataNotYetUploadedToEDI/Raw_CTD/RawDownloads/121222_fcr50_S7809001.cnv
* Sea-Bird SBE19plus  Data File:
* FileName = C:\R\Reservoirs\Data\DataNotYetUploadedToEDI\Raw_CTD\RawDownloads\121222_fcr50_S7809_0001.hex
* Software version 2.8.0.119
* Temperature SN = 7809
* Conductivity SN = 7809
* System UpLoad Time = Dec 12 2022 16:40:34
* <ApplicationData>
* <Seaterm232>
# nquan = 15
# nvalues = 2726                        
# units = specified
# name 0 = depFM: Depth [fresh water, m]
# name 1 = dz/dtM: Descent Rate [m/s]
# name 2 = sbeox0Mg/L: Oxygen, SBE 43 [mg/l]
# name 3 = sbeox0PS: Oxygen, SBE 43 [% saturation]
# name 4 = specc: Specific Conductance [uS/cm]
# name 5 = c0uS/cm: Conductivity [uS/cm]
# name 6 = flECO-AFL: Fluorescence, WET Labs ECO-AFL/FL [mg/m^3]
# name 7 = ph: pH
# name 8 = orp: Oxidation Reduction Potential [mV]
# name 9 = par/sat/log: PAR/Logarithmic, Satlantic
# name 10 = turbWETntu0: Turbidity, WET Labs ECO [NTU]
# name 11 = prdM: Pressure, Strain Gauge [db]
# name 12 = prdE: Pressure, Strain Gauge [psi]
# name 13 = tv290C: Temperature [ITS-90, deg C]
# name 14 = flag:  0.000e+00
# span 0 =     -0.624,      9.589       
# span 1 =     -0.204,      0.185       
# span 2 =     0.1552,     8.5279       
# span 3 =      1.298,     70.174       
# span 4 =      2.120,    453.602       
# span 5 =   1.344168, 291.009748       
# span 6 =    -1.2679,     4.3147       
# span 7 =      2.445,      9.223       
# span 8 = -1233.5063,  1240.2286       
# span 9 = 1.4077e-01, 1.2634e+03       
# span 10 =    -2.3357,   105.3994      
# span 11 =     -0.613,      9.405      
# span 12 =     -0.890,     13.640      
# span 13 =     6.6198,     9.6366      
# span 14 = 0.0000e+00, 0.0000e+00      
# interval = seconds: 0.25
# start_time = Dec 12 2022 08:51:31 [Instrument's time stamp, header]
# bad_flag = -9.990e-29
*END*
[from data line 1350]
      5.045      0.051     8.4709     69.312     40.412  25.612795     3.4413      7.957   290.6765 5.3632e+00     1.3746      4.945      7.173     6.6889 0.0000e+00
      5.055      0.051     8.4726     69.355     40.412  25.612804     3.4491      7.957   290.6529 5.2977e+00     1.3979      4.951      7.182     6.6887 0.0000e+00
      5.078      0.049     8.4684     69.407     40.412  25.612908     3.4553      7.958   290.8592 5.2063e+00     1.3874      4.980      7.222     6.6886 0.0000e+00
      5.101      0.047     8.4737     69.424     40.414  25.614051     3.4081      7.958   291.0192 5.1549e+00     1.3151      5.010      7.265     6.6885 0.0000e+00
      5.112      0.043     8.4792     69.414     40.434  25.626622     3.3443      7.958   291.0401 5.1673e+00     1.2067      5.016      7.275     6.6883 0.0000e+00
      5.115      0.034     8.4814     69.428     40.453  25.638137     3.3251      7.958   290.9394 5.1640e+00     1.1360      5.012      7.270     6.6881 0.0000e+00
      5.120      0.024     8.4934     69.460     40.435  25.626510     3.3333      7.957   290.8341 5.1250e+00     1.1431      5.021      7.282     6.6880 0.0000e+00
      5.127      0.016     8.4939     69.480     40.413  25.612805     3.3195      7.957   290.8857 5.0999e+00     1.1561      5.031      7.297     6.6878 0.0000e+00
      5.131      0.013     8.4888     69.470     40.392  25.599203     3.2828      7.958   290.8752 5.0876e+00     1.1222      5.033      7.299     6.6878 0.0000e+00
      5.131      0.016     8.4921     69.457     40.375  25.588812     3.2728      7.958   290.7065 5.0790e+00     1.1436      5.032      7.298     6.6876 0.0000e+00
      5.132      0.023     8.4972     69.479     40.415  25.613928     3.2904      7.958   290.6517 5.0857e+00     1.2101      5.033      7.299     6.6870 0.0000e+00
      5.133      0.031     8.5010     69.501     40.471  25.649348     3.3450      7.958   290.9873 5.0733e+00     1.2767      5.032      7.299     6.6867 0.0000e+00
      5.140      0.037     8.4989     69.489     40.452  25.636776     3.4422      7.958   291.4957 5.0039e+00     1.3683      5.036      7.304     6.6869 0.0000e+00
      5.158      0.041     8.4932     69.470     40.376  25.588689     3.4997      7.958   291.7218 4.8903e+00     1.3956      5.056      7.333     6.6872 0.0000e+00
      5.180      0.041     8.4993     69.462     40.354  25.574984     3.5075      7.958   291.6564 4.8067e+00     1.4020      5.084      7.374     6.6873 0.0000e+00
      5.192      0.036     8.5047     69.466     40.390  25.597842     3.4950      7.960   291.3926 4.7917e+00     1.4458      5.097      7.392     6.6871 0.0000e+00
      5.196      0.029     8.4999     69.482     40.411  25.611537     3.4573      7.961   291.2853 4.7843e+00     1.4463      5.095      7.389     6.6868 0.0000e+00
      5.198      0.020     8.4979     69.512     40.415  25.613803     3.4262      7.960   291.5640 4.7645e+00     1.4087      5.098      7.394     6.6867 0.0000e+00
      5.201      0.013     8.4963     69.524     40.433  25.625240     3.4272      7.960   291.9233 4.7666e+00     1.3662      5.101      7.399     6.6869 0.0000e+00
      5.202      0.012     8.4976     69.524     40.429  25.623059     3.4682      7.960   292.1881 4.7652e+00     1.3771      5.100      7.397     6.6869 0.0000e+00
      5.204      0.015     8.4978     69.536     40.373  25.587431     3.5311      7.960   292.3567 4.7358e+00     1.4377      5.102      7.400     6.6872 0.0000e+00
      5.209      0.020     8.5048     69.526     40.352  25.574755     3.5638      7.961   292.4130 4.7155e+00     1.4495      5.108      7.410     6.6875 0.0000e+00
      5.213      0.025     8.5059     69.502     40.387  25.596565     3.5640      7.962   292.3521 4.7085e+00     1.4180      5.113      7.417     6.6876 0.0000e+00
      5.218      0.028     8.5018     69.486     40.388  25.597604     3.5583      7.962   292.3087 4.6770e+00     1.3642      5.115      7.419     6.6875 0.0000e+00
      5.228      0.029     8.5087     69.459     40.372  25.587318     3.5204      7.962   292.3183 4.6215e+00     1.3114      5.125      7.434     6.6875 0.0000e+00
      5.242      0.030     8.5054     69.440     40.390  25.598954     3.4474      7.963   292.2970 4.5743e+00     1.2565      5.143      7.460     6.6877 0.0000e+00
      5.250      0.031     8.5001     69.432     40.410  25.611535     3.3998      7.963   292.3095 4.5496e+00     1.1785      5.152      7.472     6.6876 0.0000e+00
      5.253      0.031     8.5019     69.420     40.412  25.612670     3.3853      7.963   292.3832 4.5363e+00     1.1547      5.151      7.470     6.6876 0.0000e+00
      5.259      0.028     8.4955     69.420     40.412  25.612680     3.3545      7.963   292.4139 4.5104e+00     1.2086      5.153      7.475     6.6877 0.0000e+00
      5.269      0.024     8.4931     69.435     40.410  25.611650     3.3027      7.963   292.4222 4.4745e+00     1.2836      5.167      7.495     6.6879 0.0000e+00
      5.279      0.022     8.4946     69.441     40.392  25.600222     3.2747      7.963   292.4835 4.4526e+00     1.3432      5.180      7.514     6.6881 0.0000e+00
      5.284      0.021     8.4907     69.434     40.393  25.601270     3.2743      7.963   292.2943 4.4400e+00     1.3832      5.181      7.515     6.6881 0.0000e+00
      5.285      0.020     8.4904     69.426     40.429  25.624319     3.2890      7.963   291.8552 4.4264e+00     1.4255      5.181      7.516     6.6880 0.0000e+00
      5.288      0.017     8.4945     69.419     40.430  25.625365     3.3198      7.963   291.7345 4.4046e+00     1.4452      5.186      7.520     6.6880 0.0000e+00
      5.293      0.015     8.4948     69.407     40.412  25.613928     3.3310      7.963   291.8682 4.3737e+00     1.4169      5.191      7.527     6.6886 0.0000e+00
      5.298      0.015     8.4931     69.395     40.410  25.612794     3.3164      7.964   291.9230 4.3600e+00     1.3905      5.196      7.536     6.6890 0.0000e+00
      5.303      0.015     8.4920     69.393     40.408  25.611661     3.2761      7.964   291.9662 4.3605e+00     1.3991      5.202      7.545     6.6889 0.0000e+00
      5.307      0.016     8.4918     69.391     40.390  25.600223     3.2099      7.964   292.0463 4.3510e+00     1.4177      5.205      7.550     6.6892 0.0000e+00
      5.308      0.019     8.4901     69.406     40.392  25.601270     3.1731      7.964   291.9449 4.3333e+00     1.4112      5.205      7.549     6.6896 0.0000e+00
      5.311      0.021     8.4870     69.440     40.428  25.624319     3.1723      7.964   291.6870 4.3134e+00     1.3892      5.206      7.551     6.6895 0.0000e+00
      5.317      0.022     8.4890     69.464     40.431  25.625366     3.1834      7.965   291.5958 4.2923e+00     1.3903      5.212      7.559     6.6895 0.0000e+00
      5.327      0.025     8.4868     69.478     40.413  25.613928     3.2069      7.966   291.6162 4.2712e+00     1.4243      5.224      7.577     6.6895 0.0000e+00
      5.336      0.029     8.4880     69.480     40.412  25.612784     3.2247      7.966   291.5892 4.2457e+00     1.4584      5.236      7.593     6.6895 0.0000e+00
      5.341      0.031     8.4952     69.465     40.412  25.611536     3.2239      7.966   291.6139 4.2130e+00     1.4616      5.238      7.597     6.6892 0.0000e+00
      5.346      0.030     8.4974     69.461     40.393  25.598841     3.2138      7.966   291.7427 4.1819e+00     1.4286      5.240      7.599     6.6886 0.0000e+00
      5.356      0.030     8.4986     69.484     40.373  25.586060     3.2442      7.966   291.8558 4.1551e+00     1.4006      5.252      7.617     6.6884 0.0000e+00
      5.367      0.033     8.5008     69.507     40.370  25.583765     3.3249      7.966   291.9489 4.1381e+00     1.4315      5.267      7.640     6.6880 0.0000e+00
      5.372      0.036     8.4966     69.519     40.350  25.571089     3.3817      7.966   292.0080 4.1353e+00     1.4605      5.269      7.642     6.6868 0.0000e+00
      5.377      0.036     8.4952     69.527     40.330  25.559556     3.3990      7.967   292.0543 4.1051e+00     1.4091      5.268      7.640     6.6858 0.0000e+00
      5.391      0.035     8.5008     69.531     40.348  25.571089     3.4843      7.968   292.0787 4.0376e+00     1.3564      5.286      7.666     6.6853 0.0000e+00
      5.406      0.034     8.5037     69.527     40.367  25.583765     3.6469      7.969   291.9585 3.9976e+00     1.3694      5.307      7.697     6.6851 0.0000e+00
      5.412      0.033     8.5044     69.499     40.369  25.586059     3.7339      7.970   291.8917 3.9913e+00     1.3957      5.308      7.699     6.6855 0.0000e+00
      5.417      0.030     8.5054     69.435     40.389  25.598830     3.7368      7.970   292.0449 3.9750e+00     1.3676      5.309      7.701     6.6861 0.0000e+00
      5.426      0.027     8.5057     69.370     40.408  25.611412     3.6403      7.970   292.2621 3.9478e+00     1.2346      5.323      7.720     6.6867 0.0000e+00
      5.432      0.024     8.5057     69.325     40.408  25.611421     3.4493      7.971   292.3679 3.9245e+00     1.1193      5.329      7.728     6.6875 0.0000e+00
      5.436      0.023     8.5038     69.277     40.388  25.598945     3.3501      7.971   292.3776 3.8965e+00     1.1356      5.328      7.727     6.6887 0.0000e+00
      5.444      0.022     8.4933     69.237     40.370  25.587326     3.3399      7.970   292.3795 3.8686e+00     1.1581      5.338      7.742     6.6892 0.0000e+00
      5.451      0.021     8.4832     69.238     40.386  25.597699     3.3098      7.969   292.3045 3.8633e+00     1.1869      5.348      7.757     6.6891 0.0000e+00
      5.453      0.019     8.4808     69.243     40.386  25.597595     3.2770      7.970   292.1593 3.8593e+00     1.2782      5.347      7.755     6.6895 0.0000e+00
      5.457      0.019     8.4744     69.242     40.367  25.586070     3.2763      7.970   292.1720 3.8391e+00     1.3404      5.349      7.759     6.6896 0.0000e+00
      5.463      0.019     8.4653     69.269     40.365  25.585117     3.2844      7.969   292.3716 3.8256e+00     1.3920      5.360      7.774     6.6894 0.0000e+00
      5.468      0.019     8.4696     69.294     40.366  25.586069     3.2759      7.969   292.5079 3.8164e+00     1.4239      5.365      7.781     6.6893 0.0000e+00
      5.471      0.019     8.4717     69.304     40.383  25.597586     3.2644      7.970   292.5300 3.7992e+00     1.3840      5.363      7.779     6.6901 0.0000e+00
      5.477      0.019     8.4656     69.315     40.383  25.597596     3.2704      7.971   292.5520 3.7821e+00     1.3875      5.370      7.788     6.6907 0.0000e+00
      5.485      0.018     8.4743     69.333     40.365  25.586195     3.2816      7.973   292.6015 3.7757e+00     1.4326      5.381      7.806     6.6907 0.0000e+00
      5.489      0.018     8.4766     69.377     40.365  25.586499     3.2752      7.973   292.6121 3.7598e+00     1.4172      5.383      7.808     6.6911 0.0000e+00
      5.492      0.018     8.4756     69.421     40.389  25.601270     3.2757      7.972   292.5093 3.7218e+00     1.3382      5.383      7.808     6.6916 0.0000e+00
      5.496      0.018     8.4794     69.438     40.447  25.638033     3.2967      7.972   292.3908 3.7049e+00     1.2281      5.391      7.819     6.6917 0.0000e+00
      5.499      0.019     8.4771     69.450     40.467  25.650709     3.3123      7.972   292.3844 3.7098e+00     1.1793      5.393      7.822     6.6919 0.0000e+00
      5.502      0.024     8.4860     69.472     40.432  25.627766     3.3228      7.972   292.4313 3.6951e+00     1.1923      5.394      7.823     6.6923 0.0000e+00
      5.510      0.030     8.4927     69.491     40.411  25.614156     3.3155      7.972   292.4412 3.6635e+00     1.2149      5.404      7.837     6.6926 0.0000e+00
      5.518      0.035     8.4929     69.492     40.409  25.612919     3.2818      7.973   292.4181 3.6467e+00     1.2812      5.414      7.852     6.6923 0.0000e+00
      5.526      0.036     8.4938     69.489     40.410  25.612816     3.2651      7.973   292.4101 3.6315e+00     1.3455      5.415      7.854     6.6916 0.0000e+00
      5.539      0.035     8.4977     69.494     40.410  25.612910     3.2718      7.973   292.3447 3.5911e+00     1.3778      5.428      7.874     6.6911 0.0000e+00
      5.556      0.033     8.5013     69.518     40.411  25.614052     3.3042      7.973   292.2300 3.5691e+00     1.3981      5.455      7.912     6.6905 0.0000e+00
      5.563      0.030     8.4997     69.538     40.431  25.626623     3.3577      7.972   292.3133 3.5713e+00     1.3849      5.459      7.918     6.6901 0.0000e+00
      5.564      0.025     8.5000     69.541     40.449  25.638138     3.3860      7.972   292.4918 3.5489e+00     1.3892      5.453      7.909     6.6898 0.0000e+00
      5.568      0.020     8.4987     69.539     40.431  25.626509     3.3883      7.972   292.5811 3.5205e+00     1.4159      5.459      7.917     6.6898 0.0000e+00
      5.574      0.018     8.5036     69.529     40.409  25.612785     3.3444      7.972   292.6186 3.5104e+00     1.4004      5.467      7.929     6.6900 0.0000e+00
      5.579      0.020     8.5073     69.515     40.387  25.598966     3.2549      7.973   292.5155 3.4992e+00     1.3739      5.472      7.938     6.6901 0.0000e+00
      5.582      0.022     8.5053     69.500     40.367  25.586195     3.2051      7.973   292.3671 3.4687e+00     1.3679      5.473      7.939     6.6902 0.0000e+00
      5.586      0.022     8.5071     69.495     40.365  25.585138     3.2076      7.973   292.2873 3.4285e+00     1.3621      5.475      7.941     6.6902 0.0000e+00
      5.596      0.022     8.5042     69.510     40.367  25.586185     3.2441      7.974   292.2389 3.3987e+00     1.3371      5.488      7.959     6.6904 0.0000e+00
      5.606      0.022     8.5031     69.529     40.387  25.598853     3.3048      7.975   292.2982 3.3847e+00     1.3056      5.501      7.978     6.6904 0.0000e+00
      5.609      0.021     8.5006     69.535     40.407  25.611538     3.3343      7.975   292.4880 3.3833e+00     1.3224      5.501      7.978     6.6904 0.0000e+00
      5.610      0.019     8.4989     69.529     40.408  25.612794     3.3345      7.974   292.6403 3.3741e+00     1.4038      5.499      7.976     6.6905 0.0000e+00
      5.615      0.015     8.5026     69.509     40.411  25.614042     3.3401      7.974   292.6773 3.3635e+00     1.4698      5.506      7.986     6.6903 0.0000e+00
      5.621      0.012     8.5051     69.482     40.431  25.626623     3.3182      7.975   292.6778 3.3610e+00     1.4721      5.514      7.998     6.6901 0.0000e+00
      5.625      0.011     8.5058     69.466     40.449  25.638148     3.2619      7.975   292.6459 3.3555e+00     1.4312      5.517      8.002     6.6905 0.0000e+00
      5.625      0.010     8.5047     69.446     40.430  25.626623     3.2252      7.975   292.6352 3.3483e+00     1.3853      5.517      8.001     6.6908 0.0000e+00
      5.626      0.009     8.5033     69.418     40.410  25.614042     3.2240      7.976   292.6347 3.3420e+00     1.3953      5.516      8.001     6.6907 0.0000e+00
      5.628      0.009     8.4974     69.414     40.408  25.612795     3.2478      7.977   292.6390 3.3386e+00     1.4153      5.518      8.005     6.6906 0.0000e+00
      5.630      0.013     8.4972     69.433     40.406  25.611548     3.2794      7.978   292.6879 3.3282e+00     1.3879      5.521      8.008     6.6907 0.0000e+00
      5.632      0.016     8.4958     69.438     40.386  25.598966     3.2980      7.978   292.7104 3.3082e+00     1.3724      5.523      8.010     6.6910 0.0000e+00
      5.636      0.018     8.4890     69.434     40.368  25.587432     3.3061      7.978   292.7376 3.2933e+00     1.3979      5.525      8.014     6.6911 0.0000e+00
