Data/DataNotYetUploadedToEDI/Raw_CTD/RawDownloads/121222_fcr50_S7809001.cnv
* Sea-Bird SBE19plus  Data File:
* FileName = C:\R\Reservoirs\Data\DataNotYetUploadedToEDI\Raw_CTD\RawDownloads\121222_fcr50_S7809_0001.hex
* Software version 2.8.0.119
* Temperature SN = 7809
* Conductivity SN = 7809
* System UpLoad Time = Dec 12 2022 16:40:34
* <ApplicationData>
* <Seaterm232>
# nquan = 15
# nvalues = 2726                        
# units = specified
# name 0 = depFM: Depth [fresh water, m]
# name 1 = dz/dtM: Descent Rate [m/s]
# name 2 = sbeox0Mg/L: Oxygen, SBE 43 [mg/l]
# name 3 = sbeox0PS: Oxygen, SBE 43 [% saturation]
# name 4 = specc: Specific Conductance [uS/cm]
# name 5 = c0uS/cm: Conductivity [uS/cm]
# name 6 = flECO-AFL: Fluorescence, WET Labs ECO-AFL/FL [mg/m^3]
# name 7 = ph: pH
# name 8 = orp: Oxidation Reduction Potential [mV]
# name 9 = par/sat/log: PAR/Logarithmic, Satlantic
# name 10 = turbWETntu0: Turbidity, WET Labs ECO [NTU]
# name 11 = prdM: Pressure, Strain Gauge [db]
# name 12 = prdE: Pressure, Strain Gauge [psi]
# name 13 = tv290C: Temperature [ITS-90, deg C]
# name 14 = flag:  0.000e+00
# span 0 =     -0.624,      9.589       
# span 1 =     -0.204,      0.185       
# span 2 =     0.1552,     8.5279       
# span 3 =      1.298,     70.174       
# span 4 =      2.120,    453.602       
# span 5 =   1.344168, 291.009748       
# span 6 =    -1.2679,     4.3147       
# span 7 =      2.445,      9.223       
# span 8 = -1233.5063,  1240.2286       
# span 9 = 1.4077e-01, 1.2634e+03       
# span 10 =    -2.3357,   105.3994      
# span 11 =     -0.613,      9.405      
# span 12 =     -0.890,     13.640      
# span 13 =     6.6198,     9.6366      
# span 14 = 0.0000e+00, 0.0000e+00      
# interval = seconds: 0.25
# start_time = Dec 12 2022 08:51:31 [Instrument's time stamp, header]
# bad_flag = -9.990e-29
*END*
[from data line 386]
      0.596      0.024     8.3869     68.635     40.344  25.570827     2.9966      7.261   272.6311 6.0931e+01     1.4043      0.583      0.845     6.6982 0.0000e+00
      0.603      0.025     8.3925     68.613     40.325  25.558149     2.9939      7.265   272.5411 6.1721e+01     1.3880      0.592      0.858     6.6986 0.0000e+00
      0.609      0.028     8.3949     68.607     40.323  25.555854     2.9883      7.267   272.1045 6.2417e+01     1.3835      0.599      0.869     6.6966 0.0000e+00
      0.613      0.029     8.4005     68.609     40.305  25.543075     2.9213      7.268   271.9125 6.2037e+01     1.3850      0.599      0.869     6.6910 0.0000e+00
      0.620      0.029     8.3949     68.604     40.287  25.530401     2.8163      7.269   271.9406 6.2619e+01     1.4054      0.604      0.876     6.6881 0.0000e+00
      0.633      0.028     8.3921     68.605     40.286  25.529372     2.7751      7.270   272.1003 6.3698e+01     1.4595      0.623      0.903     6.6886 0.0000e+00
      0.644      0.027     8.3917     68.618     40.288  25.530637     2.7806      7.271   272.2944 6.3088e+01     1.4580      0.635      0.922     6.6880 0.0000e+00
      0.649      0.026     8.3938     68.613     40.310  25.545693     2.7752      7.273   272.3086 6.2301e+01     1.3873      0.636      0.922     6.6856 0.0000e+00
      0.650      0.023     8.3928     68.596     40.369  25.584655     2.7852      7.274   272.2723 6.2328e+01     1.3561      0.637      0.923     6.6839 0.0000e+00
      0.655      0.021     8.3912     68.570     40.425  25.621436     2.8253      7.277   272.1994 6.4005e+01     1.3888      0.641      0.929     6.6833 0.0000e+00
      0.662      0.022     8.3967     68.533     40.406  25.610121     2.8608      7.279   272.1157 6.7105e+01     1.4073      0.649      0.942     6.6838 0.0000e+00
      0.667      0.026     8.3937     68.510     40.352  25.574607     2.8650      7.281   272.1209 6.8385e+01     1.3735      0.656      0.952     6.6848 0.0000e+00
      0.671      0.028     8.3916     68.514     40.352  25.572332     2.8261      7.281   272.1762 7.1203e+01     1.2878      0.656      0.951     6.6867 0.0000e+00
      0.679      0.028     8.3886     68.534     40.371  25.582600     2.7731      7.282   272.1822 7.8773e+01     1.1914      0.663      0.961     6.6896 0.0000e+00
      0.692      0.028     8.3816     68.533     40.355  25.571992     2.7573      7.284   272.1936 9.8096e+01     1.1639      0.681      0.988     6.6899 0.0000e+00
      0.702      0.028     8.3797     68.508     40.354  25.570838     2.7674      7.286   272.4853 1.2432e+02     1.1946      0.691      1.003     6.6872 0.0000e+00
      0.705      0.028     8.3804     68.509     40.352  25.568647     2.7962      7.287   272.9562 1.2001e+02     1.1873      0.692      1.003     6.6843 0.0000e+00
      0.709      0.026     8.3856     68.527     40.317  25.545494     2.8382      7.289   273.1547 9.4413e+01     1.1439      0.694      1.006     6.6825 0.0000e+00
      0.715      0.023     8.3871     68.520     40.317  25.544428     2.8595      7.291   272.9925 8.5152e+01     1.1482      0.699      1.015     6.6817 0.0000e+00
      0.725      0.022     8.3785     68.493     40.335  25.555761     2.8627      7.293   272.8025 8.2387e+01     1.1710      0.712      1.033     6.6813 0.0000e+00
      0.732      0.022     8.3809     68.480     40.335  25.555761     2.8433      7.294   272.8356 7.8316e+01     1.1803      0.720      1.044     6.6808 0.0000e+00
      0.735      0.021     8.3864     68.508     40.317  25.544427     2.8158      7.295   272.9621 8.7546e+01     1.1923      0.720      1.045     6.6788 0.0000e+00
      0.738      0.018     8.3846     68.548     40.319  25.545483     2.8135      7.296   273.3011 1.0431e+02     1.2139      0.722      1.048     6.6773 0.0000e+00
      0.743      0.017     8.3803     68.561     40.355  25.568532     2.8246      7.298   273.7504 1.0224e+02     1.2364      0.730      1.058     6.6771 0.0000e+00
      0.748      0.017     8.3759     68.545     40.356  25.569580     2.8670      7.300   273.8336 8.7508e+01     1.2249      0.735      1.066     6.6776 0.0000e+00
      0.750      0.018     8.3819     68.521     40.339  25.558152     2.9335      7.300   273.8773 9.1279e+01     1.1767      0.736      1.067     6.6780 0.0000e+00
      0.754      0.018     8.3887     68.497     40.338  25.557123     2.9720      7.302   274.0206 1.0043e+02     1.1661      0.738      1.070     6.6778 0.0000e+00
      0.759      0.017     8.3905     68.460     40.338  25.557133     2.9831      7.306   273.9321 9.0536e+01     1.1991      0.744      1.079     6.6781 0.0000e+00
      0.767      0.016     8.3866     68.397     40.339  25.558276     2.9853      7.308   273.7533 8.4015e+01     1.2008      0.752      1.092     6.6782 0.0000e+00
      0.772      0.015     8.3837     68.342     40.359  25.570951     2.9978      7.308   273.8376 9.0304e+01     1.1864      0.758      1.100     6.6776 0.0000e+00
      0.775      0.012     8.3813     68.340     40.378  25.583618     3.0258      7.309   274.1762 8.9092e+01     1.1618      0.760      1.103     6.6773 0.0000e+00
      0.776      0.008     8.3785     68.372     40.379  25.584667     3.0415      7.311   274.3196 8.0996e+01     1.1421      0.761      1.104     6.6775 0.0000e+00
      0.777      0.006     8.3688     68.420     40.377  25.583628     3.0371      7.312   274.1954 8.3963e+01     1.1536      0.761      1.104     6.6778 0.0000e+00
      0.778      0.005     8.3581     68.475     40.358  25.571065     2.9810      7.314   274.1368 8.7981e+01     1.1983      0.762      1.106     6.6781 0.0000e+00
      0.779      0.006     8.3609     68.525     40.340  25.559532     2.8799      7.316   274.2133 7.8826e+01     1.2728      0.764      1.108     6.6786 0.0000e+00
      0.780      0.008     8.3646     68.568     40.359  25.570952     2.8209      7.317   274.1745 7.1943e+01     1.3023      0.764      1.108     6.6790 0.0000e+00
      0.782      0.008     8.3711     68.613     40.379  25.582372     2.8179      7.319   274.0117 7.2832e+01     1.3157      0.766      1.111     6.6789 0.0000e+00
      0.785      0.008     8.3783     68.646     40.361  25.570839     2.8842      7.320   273.9654 7.3898e+01     1.3672      0.771      1.118     6.6787 0.0000e+00
      0.788      0.008     8.3851     68.652     40.341  25.558277     2.9902      7.323   274.0446 7.1559e+01     1.3778      0.774      1.123     6.6784 0.0000e+00
      0.790      0.008     8.3890     68.657     40.339  25.557247     3.0346      7.325   274.1091 6.9078e+01     1.3761      0.775      1.124     6.6773 0.0000e+00
      0.790      0.009     8.3958     68.672     40.340  25.558390     3.0376      7.325   274.1435 6.8032e+01     1.4152      0.775      1.124     6.6759 0.0000e+00
      0.792      0.011     8.4019     68.682     40.362  25.572095     3.0437      7.327   274.2880 6.8665e+01     1.4059      0.776      1.125     6.6754 0.0000e+00
      0.795      0.014     8.3998     68.687     40.399  25.596190     3.0501      7.330   274.3087 7.1865e+01     1.3659      0.780      1.130     6.6761 0.0000e+00
      0.797      0.017     8.4003     68.696     40.399  25.596190     3.0477      7.333   274.0495 7.2859e+01     1.3762      0.782      1.134     6.6767 0.0000e+00
      0.802      0.018     8.4029     68.707     40.361  25.572093     3.0317      7.334   273.9070 7.0255e+01     1.3932      0.785      1.138     6.6769 0.0000e+00
      0.811      0.018     8.4043     68.704     40.338  25.558370     3.0070      7.336   273.9618 6.7945e+01     1.3672      0.796      1.155     6.6771 0.0000e+00
      0.818      0.016     8.4037     68.673     40.335  25.557030     2.9732      7.338   274.0239 6.9075e+01     1.2666      0.805      1.167     6.6776 0.0000e+00
      0.822      0.013     8.4054     68.635     40.332  25.555888     2.9476      7.339   274.1417 6.9448e+01     1.1667      0.806      1.169     6.6778 0.0000e+00
      0.823      0.010     8.4067     68.606     40.312  25.544562     2.9387      7.340   274.2672 6.6123e+01     1.1850      0.807      1.171     6.6779 0.0000e+00
      0.823      0.006     8.4086     68.586     40.312  25.546855     2.9244      7.342   274.3368 6.2822e+01     1.2832      0.808      1.171     6.6785 0.0000e+00
      0.824      0.003     8.4020     68.580     40.366  25.583618     2.8990      7.344   274.3813 6.1677e+01     1.3976      0.807      1.171     6.6797 0.0000e+00
      0.825      0.003     8.3967     68.574     40.404  25.608761     2.8813      7.346   274.3753 6.2267e+01     1.4401      0.808      1.173     6.6801 0.0000e+00
      0.826      0.004     8.3941     68.587     40.386  25.597333     2.8686      7.347   274.3504 6.2134e+01     1.3880      0.810      1.176     6.6803 0.0000e+00
      0.827      0.008     8.3885     68.628     40.347  25.572208     2.8619      7.350   274.3378 6.0273e+01     1.3482      0.811      1.177     6.6845 0.0000e+00
      0.827      0.018     8.3903     68.671     40.324  25.558503     2.8840      7.352   274.3952 5.9264e+01     1.3340      0.811      1.176     6.6889 0.0000e+00
      0.827      0.029     8.3864     68.697     40.323  25.558390     2.9200      7.353   274.5288 5.9642e+01     1.2847      0.811      1.177     6.6899 0.0000e+00
      0.832      0.038     8.3878     68.717     40.343  25.570848     2.9303      7.353   274.6619 6.1067e+01     1.1967      0.811      1.175     6.6897 0.0000e+00
      0.849      0.044     8.3948     68.719     40.365  25.582362     2.9249      7.354   274.7135 6.1575e+01     1.1573      0.827      1.199     6.6883 0.0000e+00
      0.874      0.049     8.4010     68.686     40.351  25.570838     2.9633      7.356   274.6366 6.0510e+01     1.2525      0.862      1.250     6.6893 0.0000e+00
      0.890      0.054     8.4022     68.657     40.335  25.558277     3.0365      7.358   274.5931 6.2775e+01     1.3922      0.878      1.273     6.6921 0.0000e+00
      0.896      0.055     8.4051     68.636     40.335  25.557238     3.0611      7.358   274.7031 7.0725e+01     1.4114      0.877      1.272     6.6912 0.0000e+00
      0.902      0.050     8.4095     68.609     40.338  25.558277     3.0443      7.359   274.7629 8.3381e+01     1.3484      0.880      1.277     6.6877 0.0000e+00
      0.917      0.045     8.4009     68.597     40.358  25.570840     3.0409      7.361   274.7134 8.8560e+01     1.3464      0.897      1.301     6.6835 0.0000e+00
      0.936      0.041     8.3998     68.606     40.375  25.582372     3.0542      7.363   274.7067 8.0114e+01     1.4215      0.923      1.338     6.6805 0.0000e+00
      0.950      0.039     8.3988     68.611     40.356  25.570951     3.0632      7.364   274.6822 7.6454e+01     1.4715      0.935      1.356     6.6792 0.0000e+00
      0.956      0.035     8.3933     68.591     40.337  25.559513     3.0496      7.365   274.6754 7.9139e+01     1.4392      0.937      1.359     6.6784 0.0000e+00
      0.958      0.029     8.3920     68.560     40.355  25.570839     2.9983      7.367   274.7969 7.4524e+01     1.4059      0.940      1.363     6.6783 0.0000e+00
      0.963      0.024     8.3938     68.527     40.370  25.581125     2.9259      7.369   274.8601 6.8760e+01     1.4107      0.942      1.367     6.6793 0.0000e+00
      0.971      0.021     8.3967     68.494     40.331  25.557124     2.8819      7.370   274.8370 6.8288e+01     1.3944      0.951      1.379     6.6804 0.0000e+00
      0.980      0.020     8.3916     68.460     40.295  25.534169     2.8731      7.371   274.8618 6.7383e+01     1.3805      0.963      1.395     6.6810 0.0000e+00
      0.986      0.019     8.3882     68.425     40.331  25.557113     2.8777      7.373   274.9014 6.6900e+01     1.3793      0.967      1.403     6.6813 0.0000e+00
      0.988      0.017     8.3840     68.422     40.369  25.581012     2.9457      7.374   274.9721 7.3419e+01     1.3108      0.968      1.405     6.6813 0.0000e+00
      0.989      0.013     8.3793     68.463     40.351  25.569592     3.0883      7.376   275.0288 7.7893e+01     1.2017      0.969      1.406     6.6822 0.0000e+00
      0.993      0.012     8.3761     68.511     40.314  25.545799     3.1706      7.377   274.9842 7.8698e+01     1.1189      0.974      1.413     6.6830 0.0000e+00
      0.997      0.013     8.3692     68.541     40.316  25.546855     3.1661      7.378   275.0358 7.8705e+01     1.0950      0.979      1.419     6.6831 0.0000e+00
      0.999      0.015     8.3681     68.574     40.371  25.582361     3.1510      7.380   275.2223 7.1133e+01     1.1870      0.979      1.420     6.6827 0.0000e+00
      1.002      0.015     8.3756     68.609     40.388  25.594820     3.1379      7.382   275.3453 6.6503e+01     1.3426      0.981      1.423     6.6822 0.0000e+00
      1.008      0.015     8.3840     68.617     40.347  25.570733     3.1320      7.383   275.4044 6.5848e+01     1.4389      0.988      1.433     6.6818 0.0000e+00
      1.014      0.016     8.3847     68.607     40.304  25.544655     3.1302      7.384   275.4209 6.6009e+01     1.4287      0.996      1.444     6.6812 0.0000e+00
      1.017      0.018     8.3890     68.598     40.286  25.533036     3.1577      7.385   275.4599 6.7051e+01     1.3563      0.999      1.448     6.6818 0.0000e+00
      1.019      0.019     8.3953     68.590     40.323  25.557021     3.2314      7.387   275.5313 6.2494e+01     1.3497      1.000      1.450     6.6848 0.0000e+00
      1.023      0.020     8.3947     68.594     40.361  25.581125     3.2800      7.389   275.5094 6.2181e+01     1.4171      1.001      1.453     6.6876 0.0000e+00
      1.030      0.021     8.3915     68.596     40.346  25.570951     3.2710      7.390   275.4542 6.6396e+01     1.4203      1.010      1.465     6.6884 0.0000e+00
      1.038      0.023     8.3918     68.579     40.331  25.560771     3.1891      7.391   275.5517 6.5123e+01     1.3879      1.019      1.477     6.6883 0.0000e+00
      1.043      0.023     8.3892     68.585     40.369  25.584791     3.0559      7.393   275.7416 6.2994e+01     1.4011      1.022      1.482     6.6890 0.0000e+00
      1.050      0.022     8.3898     68.615     40.406  25.607849     2.9924      7.395   275.7720 6.1406e+01     1.4088      1.030      1.493     6.6884 0.0000e+00
      1.056      0.020     8.3942     68.628     40.372  25.586038     3.0043      7.397   275.6608 6.0476e+01     1.4132      1.037      1.505     6.6869 0.0000e+00
      1.060      0.019     8.3863     68.643     40.354  25.574609     3.0077      7.398   275.6881 6.1294e+01     1.4198      1.039      1.508     6.6875 0.0000e+00
      1.063      0.019     8.3879     68.673     40.389  25.596429     3.0004      7.399   275.7578 6.1205e+01     1.4199      1.040      1.510     6.6880 0.0000e+00
      1.068      0.020     8.3956     68.699     40.389  25.596326     3.0077      7.401   275.7290 6.2852e+01     1.4148      1.046      1.517     6.6872 0.0000e+00
      1.074      0.023     8.3944     68.726     40.353  25.573354     3.0044      7.402   275.7695 6.5477e+01     1.3582      1.054      1.528     6.6865 0.0000e+00
      1.079      0.025     8.3961     68.749     40.351  25.572209     2.9935      7.403   275.8173 6.4387e+01     1.2826      1.057      1.534     6.6858 0.0000e+00
      1.084      0.025     8.4018     68.749     40.366  25.582486     3.0250      7.404   275.8773 5.8825e+01     1.2517      1.061      1.540     6.6852 0.0000e+00
      1.093      0.024     8.4038     68.746     40.347  25.570848     3.0780      7.406   275.9784 5.4390e+01     1.2919      1.073      1.557     6.6852 0.0000e+00
      1.103      0.022     8.4068     68.752     40.327  25.558267     3.1016      7.409   276.0078 5.7602e+01     1.3587      1.084      1.572     6.6854 0.0000e+00
