Data/DataNotYetUploadedToEDI/Raw_CTD/RawDownloads/121222_fcr50_S7809001.cnv
* Sea-Bird SBE19plus  Data File:
* FileName = C:\R\Reservoirs\Data\DataNotYetUploadedToEDI\Raw_CTD\RawDownloads\121222_fcr50_S7809_0001.hex
* Software version 2.8.0.119
* Temperature SN = 7809
* Conductivity SN = 7809
* System UpLoad Time = Dec 12 2022 16:40:34
* <ApplicationData>
* <Seaterm232>
# nquan = 15
# nvalues = 2726                        
# units = specified
# name 0 = depFM: Depth [fresh water, m]
# name 1 = dz/dtM: Descent Rate [m/s]
# name 2 = sbeox0Mg/L: Oxygen, SBE 43 [mg/l]
# name 3 = sbeox0PS: Oxygen, SBE 43 [% saturation]
# name 4 = specc: Specific Conductance [uS/cm]
# name 5 = c0uS/cm: Conductivity [uS/cm]
# name 6 = flECO-AFL: Fluorescence, WET Labs ECO-AFL/FL [mg/m^3]
# name 7 = ph: pH
# name 8 = orp: Oxidation Reduction Potential [mV]
# name 9 = par/sat/log: PAR/Logarithmic, Satlantic
# name 10 = turbWETntu0: Turbidity, WET Labs ECO [NTU]
# name 11 = prdM: Pressure, Strain Gauge [db]
# name 12 = prdE: Pressure, Strain Gauge [psi]
# name 13 = tv290C: Temperature [ITS-90, deg C]
# name 14 = flag:  0.000e+00
# span 0 =     -0.624,      9.589       
# span 1 =     -0.204,      0.185       
# span 2 =     0.1552,     8.5279       
# span 3 =      1.298,     70.174       
# span 4 =      2.120,    453.602       
# span 5 =   1.344168, 291.009748       
# span 6 =    -1.2679,     4.3147       
# span 7 =      2.445,      9.223       
# span 8 = -1233.5063,  1240.2286       
# span 9 = 1.4077e-01, 1.2634e+03       
# span 10 =    -2.3357,   105.3994      
# span 11 =     -0.613,      9.405      
# span 12 =     -0.890,     13.640      
# span 13 =     6.6198,     9.6366      
# span 14 = 0.0000e+00, 0.0000e+00      
# interval = seconds: 0.25
# start_time = Dec 12 2022 08:51:31 [Instrument's time stamp, header]
# bad_flag = -9.990e-29
*END*
[from data line 772]
      2.119      0.004     8.4232     68.888     40.357  25.570850     3.0957      7.714   283.6809 3.1246e+01     1.3029      2.078      3.014     6.6780 0.0000e+00
      2.120      0.005     8.4227     68.901     40.376  25.583612     3.1863      7.715   283.8779 3.1549e+01     1.2628      2.079      3.015     6.6783 0.0000e+00
      2.121      0.006     8.4208     68.899     40.377  25.584668     3.2339      7.715   283.6289 3.1574e+01     1.2236      2.079      3.015     6.6786 0.0000e+00
      2.123      0.009     8.4242     68.867     40.375  25.583622     3.2377      7.716   282.9936 3.1462e+01     1.1713      2.082      3.020     6.6790 0.0000e+00
      2.127      0.012     8.4301     68.808     40.356  25.570965     3.2571      7.718   282.7359 3.1372e+01     1.1765      2.086      3.026     6.6796 0.0000e+00
      2.129      0.014     8.4297     68.759     40.338  25.558395     3.3022      7.720   282.8354 3.1268e+01     1.2868      2.088      3.028     6.6802 0.0000e+00
      2.132      0.014     8.4311     68.738     40.340  25.558405     3.3332      7.721   282.9926 3.0988e+01     1.3773      2.089      3.029     6.6808 0.0000e+00
      2.137      0.014     8.4278     68.741     40.360  25.571080     3.3410      7.721   283.1737 3.0479e+01     1.3825      2.095      3.039     6.6807 0.0000e+00
      2.143      0.013     8.4173     68.765     40.381  25.584880     3.3714      7.721   283.1332 3.0238e+01     1.3839      2.103      3.051     6.6800 0.0000e+00
      2.147      0.012     8.4116     68.810     40.402  25.598500     3.4678      7.722   283.0188 3.0317e+01     1.3948      2.106      3.055     6.6785 0.0000e+00
      2.149      0.012     8.4098     68.877     40.417  25.608985     3.5750      7.723   282.9943 3.0635e+01     1.3778      2.107      3.056     6.6773 0.0000e+00
      2.150      0.013     8.4098     68.931     40.378  25.584897     3.6186      7.723   282.9234 3.1341e+01     1.3826      2.108      3.057     6.6772 0.0000e+00
      2.150      0.015     8.4131     68.939     40.340  25.560794     3.6124      7.724   282.8506 3.1769e+01     1.3848      2.108      3.057     6.6777 0.0000e+00
      2.153      0.018     8.4176     68.925     40.357  25.571081     3.5003      7.725   282.8878 3.1241e+01     1.3697      2.109      3.059     6.6787 0.0000e+00
      2.160      0.020     8.4271     68.903     40.375  25.582510     3.3029      7.725   282.9433 3.0399e+01     1.4047      2.116      3.069     6.6798 0.0000e+00
      2.170      0.023     8.4370     68.858     40.359  25.572214     3.1983      7.725   282.9198 3.0353e+01     1.3990      2.130      3.089     6.6804 0.0000e+00
      2.177      0.025     8.4347     68.799     40.361  25.573356     3.1759      7.726   283.1193 3.0999e+01     1.3694      2.137      3.100     6.6804 0.0000e+00
      2.180      0.026     8.4327     68.745     40.398  25.596319     3.1400      7.726   283.4629 3.1411e+01     1.3880      2.137      3.099     6.6799 0.0000e+00
      2.185      0.024     8.4319     68.720     40.399  25.596330     3.1057      7.726   283.5465 3.1422e+01     1.3841      2.141      3.105     6.6796 0.0000e+00
      2.193      0.022     8.4250     68.739     40.364  25.573481     3.1024      7.727   283.5271 3.0957e+01     1.3914      2.151      3.118     6.6796 0.0000e+00
      2.202      0.022     8.4174     68.760     40.364  25.573585     3.1160      7.728   283.4007 3.0143e+01     1.4078      2.161      3.134     6.6795 0.0000e+00
      2.207      0.024     8.4102     68.751     40.402  25.597586     3.1296      7.729   283.2224 2.9736e+01     1.3769      2.165      3.140     6.6789 0.0000e+00
      2.209      0.025     8.4052     68.762     40.422  25.610148     3.1416      7.731   283.5220 3.0045e+01     1.3593      2.166      3.142     6.6779 0.0000e+00
      2.213      0.025     8.4105     68.820     40.404  25.598709     3.1450      7.731   284.0980 3.0334e+01     1.4004      2.168      3.145     6.6773 0.0000e+00
      2.222      0.025     8.4164     68.874     40.384  25.586041     3.1540      7.732   284.3366 2.9737e+01     1.4301      2.177      3.159     6.6772 0.0000e+00
      2.233      0.026     8.4106     68.889     40.380  25.583748     3.0925      7.732   284.4283 2.8862e+01     1.3770      2.192      3.179     6.6772 0.0000e+00
      2.239      0.026     8.4104     68.904     40.360  25.570978     2.9425      7.732   284.6047 2.8665e+01     1.3046      2.198      3.187     6.6766 0.0000e+00
      2.243      0.024     8.4208     68.922     40.339  25.558405     2.8628      7.733   284.5761 2.9058e+01     1.3062      2.198      3.189     6.6766 0.0000e+00
      2.248      0.021     8.4306     68.921     40.339  25.558499     2.8697      7.734   284.3406 2.9678e+01     1.3617      2.203      3.195     6.6770 0.0000e+00
      2.255      0.017     8.4281     68.926     40.361  25.572109     2.9175      7.734   284.2531 3.0357e+01     1.3270      2.211      3.207     6.6770 0.0000e+00
      2.261      0.014     8.4296     68.917     40.399  25.596194     3.0002      7.734   284.3776 3.0459e+01     1.1938      2.218      3.217     6.6769 0.0000e+00
      2.264      0.014     8.4365     68.877     40.399  25.596194     3.0452      7.735   284.5556 2.9964e+01     1.1177      2.220      3.219     6.6774 0.0000e+00
      2.264      0.014     8.4302     68.849     40.361  25.572109     3.0458      7.737   284.6851 2.9741e+01     1.1238      2.220      3.220     6.6778 0.0000e+00
      2.265      0.014     8.4347     68.840     40.340  25.558509     3.0493      7.738   284.7381 2.9650e+01     1.1309      2.221      3.222     6.6778 0.0000e+00
      2.269      0.014     8.4350     68.832     40.340  25.558519     3.0951      7.738   284.7658 2.9410e+01     1.1015      2.223      3.224     6.6776 0.0000e+00
      2.274      0.015     8.4258     68.827     40.362  25.572224     3.1672      7.738   284.7622 2.8932e+01     1.1103      2.229      3.233     6.6776 0.0000e+00
      2.281      0.015     8.4232     68.829     40.402  25.597453     3.1970      7.739   284.4371 2.8477e+01     1.1685      2.238      3.247     6.6779 0.0000e+00
      2.286      0.015     8.4231     68.824     40.422  25.610033     3.1977      7.740   283.9318 2.8770e+01     1.1906      2.243      3.253     6.6777 0.0000e+00
      2.287      0.015     8.4221     68.821     40.402  25.597565     3.1425      7.741   283.9014 2.9579e+01     1.1718      2.243      3.253     6.6770 0.0000e+00
      2.288      0.014     8.4205     68.838     40.362  25.573470     3.0118      7.742   284.1553 3.0010e+01     1.1461      2.244      3.254     6.6765 0.0000e+00
      2.292      0.013     8.4229     68.867     40.360  25.572234     2.9243      7.743   284.3341 2.9655e+01     1.1540      2.247      3.258     6.6766 0.0000e+00
      2.298      0.013     8.4210     68.884     40.376  25.582616     2.9176      7.744   284.5151 2.9366e+01     1.1980      2.254      3.269     6.6767 0.0000e+00
      2.303      0.014     8.4198     68.892     40.360  25.572235     2.9713      7.744   284.6226 2.9741e+01     1.1667      2.260      3.277     6.6771 0.0000e+00
      2.305      0.015     8.4215     68.910     40.361  25.573482     3.0497      7.745   284.3436 2.9816e+01     1.0831      2.261      3.279     6.6784 0.0000e+00
      2.306      0.015     8.4272     68.946     40.398  25.597701     3.0829      7.745   283.7235 2.8957e+01     1.0742      2.261      3.279     6.6789 0.0000e+00
      2.310      0.015     8.4288     68.981     40.419  25.611530     3.0903      7.745   283.4050 2.7834e+01     1.1278      2.264      3.284     6.6787 0.0000e+00
      2.316      0.016     8.4283     69.006     40.424  25.613920     3.1554      7.745   283.4189 2.7362e+01     1.2531      2.272      3.296     6.6788 0.0000e+00
      2.321      0.018     8.4300     69.024     40.444  25.626604     3.2704      7.746   283.5472 2.7406e+01     1.3598      2.278      3.304     6.6796 0.0000e+00
      2.325      0.019     8.4354     69.019     40.462  25.638129     3.3244      7.747   283.7514 2.7235e+01     1.3587      2.279      3.306     6.6806 0.0000e+00
      2.330      0.019     8.4406     68.987     40.444  25.626501     3.3330      7.749   283.8223 2.7108e+01     1.3771      2.283      3.311     6.6805 0.0000e+00
      2.336      0.018     8.4419     68.937     40.422  25.612777     3.3831      7.750   283.8023 2.7482e+01     1.4111      2.291      3.323     6.6803 0.0000e+00
      2.341      0.018     8.4470     68.899     40.399  25.598949     3.4392      7.750   283.7683 2.7850e+01     1.3940      2.297      3.331     6.6802 0.0000e+00
      2.345      0.017     8.4451     68.889     40.379  25.586074     3.4540      7.750   283.7553 2.7832e+01     1.3745      2.299      3.334     6.6800 0.0000e+00
      2.349      0.015     8.4416     68.894     40.375  25.583875     3.4540      7.751   283.8173 2.8107e+01     1.3469      2.303      3.341     6.6798 0.0000e+00
      2.354      0.012     8.4339     68.905     40.357  25.572359     3.4550      7.753   283.8295 2.8432e+01     1.3337      2.308      3.349     6.6800 0.0000e+00
      2.357      0.010     8.4274     68.907     40.359  25.573596     3.4415      7.754   283.7308 2.8222e+01     1.4200      2.311      3.352     6.6809 0.0000e+00
      2.358      0.009     8.4283     68.895     40.399  25.598833     3.4159      7.753   283.6556 2.7959e+01     1.5363      2.313      3.354     6.6813 0.0000e+00
      2.359      0.009     8.4279     68.878     40.439  25.623977     3.3948      7.753   283.8667 2.7597e+01     1.5774      2.314      3.356     6.6810 0.0000e+00
      2.360      0.010     8.4307     68.852     40.440  25.624073     3.3946      7.755   284.2192 2.7099e+01     1.5761      2.315      3.357     6.6810 0.0000e+00
      2.363      0.012     8.4313     68.831     40.402  25.599996     3.5137      7.756   284.3036 2.6904e+01     1.5882      2.316      3.360     6.6811 0.0000e+00
      2.366      0.013     8.4285     68.838     40.380  25.586386     3.7358      7.756   284.3701 2.7243e+01     1.6220      2.320      3.365     6.6809 0.0000e+00
      2.371      0.014     8.4277     68.856     40.380  25.586281     3.8498      7.757   284.4221 2.7607e+01     1.6429      2.325      3.372     6.6807 0.0000e+00
      2.376      0.015     8.4241     68.867     40.400  25.598730     3.8424      7.758   284.2439 2.7780e+01     1.6700      2.331      3.381     6.6805 0.0000e+00
      2.380      0.016     8.4187     68.876     40.418  25.610139     3.7714      7.758   284.1947 2.7797e+01     1.6083      2.335      3.386     6.6805 0.0000e+00
      2.382      0.016     8.4222     68.875     40.398  25.597462     3.6494      7.758   284.6013 2.7469e+01     1.4093      2.336      3.388     6.6802 0.0000e+00
      2.386      0.015     8.4252     68.870     40.358  25.572224     3.5817      7.758   285.2021 2.7586e+01     1.2452      2.338      3.391     6.6801 0.0000e+00
      2.391      0.014     8.4251     68.862     40.336  25.558519     3.5697      7.759   285.3505 2.8310e+01     1.1602      2.344      3.400     6.6804 0.0000e+00
      2.397      0.014     8.4280     68.846     40.336  25.558511     3.5872      7.761   285.1910 2.8811e+01     1.1683      2.352      3.411     6.6804 0.0000e+00
      2.401      0.014     8.4265     68.832     40.358  25.572130     3.6513      7.762   285.0800 2.8623e+01     1.2070      2.355      3.416     6.6799 0.0000e+00
      2.402      0.013     8.4261     68.842     40.395  25.596424     3.6877      7.763   284.9541 2.7766e+01     1.1491      2.356      3.416     6.6796 0.0000e+00
      2.403      0.011     8.4260     68.870     40.398  25.598719     3.6773      7.764   284.9600 2.6982e+01     1.0826      2.356      3.417     6.6798 0.0000e+00
      2.407      0.011     8.4231     68.890     40.399  25.599881     3.6680      7.764   285.1513 2.6989e+01     1.0868      2.360      3.423     6.6801 0.0000e+00
      2.411      0.012     8.4203     68.899     40.414  25.610471     3.6085      7.765   285.3746 2.8027e+01     1.0975      2.365      3.430     6.6802 0.0000e+00
      2.414      0.013     8.4209     68.888     40.395  25.600006     3.4902      7.766   285.5084 2.8972e+01     1.1096      2.367      3.433     6.6807 0.0000e+00
      2.415      0.014     8.4275     68.868     40.395  25.600102     3.4114      7.768   285.5654 2.8858e+01     1.0967      2.368      3.435     6.6817 0.0000e+00
      2.419      0.013     8.4275     68.856     40.415  25.611633     3.3887      7.769   285.5467 2.8137e+01     1.0434      2.371      3.439     6.6823 0.0000e+00
      2.424      0.012     8.4305     68.826     40.418  25.612672     3.4149      7.768   285.5406 2.7330e+01     1.1149      2.378      3.448     6.6836 0.0000e+00
      2.429      0.012     8.4281     68.789     40.419  25.612653     3.4781      7.768   285.5786 2.7065e+01     1.2777      2.383      3.456     6.6855 0.0000e+00
      2.432      0.011     8.4228     68.789     40.417  25.611404     3.5124      7.768   285.3173 2.6915e+01     1.3721      2.385      3.459     6.6854 0.0000e+00
      2.432      0.009     8.4258     68.814     40.396  25.597576     3.5125      7.770   284.9623 2.6610e+01     1.4026      2.385      3.460     6.6838 0.0000e+00
      2.434      0.008     8.4210     68.835     40.356  25.572225     3.5049      7.771   284.9857 2.6867e+01     1.3726      2.386      3.461     6.6826 0.0000e+00
      2.437      0.008     8.4129     68.854     40.333  25.558406     3.5029      7.771   285.1702 2.7566e+01     1.3504      2.390      3.466     6.6821 0.0000e+00
      2.439      0.008     8.4146     68.869     40.331  25.557263     3.5142      7.771   285.3000 2.7934e+01     1.3735      2.392      3.469     6.6819 0.0000e+00
      2.440      0.008     8.4201     68.889     40.332  25.558405     3.5169      7.772   285.4375 2.7710e+01     1.3795      2.392      3.470     6.6818 0.0000e+00
      2.443      0.008     8.4208     68.907     40.352  25.572214     3.4437      7.773   285.5410 2.7203e+01     1.3883      2.395      3.474     6.6817 0.0000e+00
      2.446      0.008     8.4246     68.899     40.392  25.597462     3.3030      7.773   285.3480 2.6970e+01     1.4120      2.398      3.479     6.6822 0.0000e+00
      2.448      0.008     8.4246     68.863     40.412  25.610148     3.2222      7.774   284.9960 2.7110e+01     1.3920      2.400      3.481     6.6833 0.0000e+00
      2.448      0.009     8.4274     68.815     40.395  25.598833     3.2251      7.775   284.8980 2.7319e+01     1.3521      2.401      3.482     6.6843 0.0000e+00
      2.449      0.009     8.4314     68.780     40.378  25.587423     3.2792      7.775   284.9378 2.7469e+01     1.3392      2.402      3.483     6.6846 0.0000e+00
      2.452      0.010     8.4298     68.772     40.397  25.598957     3.3687      7.775   285.0474 2.7577e+01     1.3734      2.404      3.487     6.6846 0.0000e+00
      2.456      0.011     8.4249     68.790     40.417  25.611519     3.4162      7.776   285.2770 2.7713e+01     1.4239      2.409      3.494     6.6848 0.0000e+00
      2.459      0.013     8.4179     68.820     40.418  25.612549     3.4048      7.777   285.4773 2.7419e+01     1.4029      2.412      3.498     6.6839 0.0000e+00
      2.461      0.013     8.4134     68.837     40.415  25.611406     3.3884      7.777   285.4038 2.6910e+01     1.3580      2.412      3.499     6.6827 0.0000e+00
      2.465      0.013     8.4121     68.832     40.393  25.597701     3.3928      7.777   284.9905 2.6823e+01     1.3603      2.417      3.506     6.6827 0.0000e+00
      2.470      0.013     8.4154     68.836     40.356  25.573607     3.3996      7.779   284.6950 2.6870e+01     1.3958      2.422      3.515     6.6829 0.0000e+00
