Data/DataNotYetUploadedToEDI/Raw_CTD/RawDownloads/121420_fcr50_0001.cnv
* Sea-Bird SBE19plus  Data File:
* FileName = C:\DATA\121420_fcr50_0001.hex
* Software version 2.8.0.119
* Temperature SN = 7809
* Conductivity SN = 7809
* System UpLoad Time = Dec 14 2020 18:29:08
* <ApplicationData>
* <Seaterm232>
# nquan = 16
# nvalues = 5523                        
# units = specified
# name 0 = depFM: Depth [fresh water, m]
# name 1 = dz/dtM: Descent Rate [m/s]
# name 2 = orp: Oxidation Reduction Potential [mV]
# name 3 = sbeox0Mg/L: Oxygen, SBE 43 [mg/l]
# name 4 = sbeox0PS: Oxygen, SBE 43 [% saturation]
# name 5 = par/sat/log: PAR/Logarithmic, Satlantic
# name 6 = ph: pH
# name 7 = specc: Specific Conductance [uS/cm]
# name 8 = c0uS/cm: Conductivity [uS/cm]
# name 9 = flECO-AFL: Fluorescence, WET Labs ECO-AFL/FL [mg/m^3]
# name 10 = turbWETntu0: Turbidity, WET Labs ECO [NTU]
# name 11 = tv290C: Temperature [ITS-90, deg C]
# name 12 = density00: Density [density, kg/m^3]
# name 13 = prdE: Pressure, Strain Gauge [psi]
# name 14 = prdM: Pressure, Strain Gauge [db]
# name 15 = flag:  0.000e+00
# span 0 =     -0.728,      9.730       
# span 1 =     -0.217,      0.202       
# span 2 =   176.8215,  1240.2295       
# span 3 =    -0.6021,    11.4490       
# span 4 =     -4.718,     95.008       
# span 5 = 1.2348e-01, 1.1427e+03       
# span 6 =     15.517,     16.350       
# span 7 =      1.334,    209.825       
# span 8 =   1.001802, 129.742682       
# span 9 =    -2.7308,     5.1473       
# span 10 =    -5.0433,   935.8410      
# span 11 =     5.6833,    12.6218      
# span 12 =   999.4277,  1000.0699      
# span 13 =     -1.036,     13.840      
# span 14 =     -0.714,      9.542      
# span 15 = 0.0000e+00, 0.0000e+00      
# interval = seconds: 0.25
# start_time = Dec 14 2020 00:20:56 [Instrument's time stamp, header]
# bad_flag = -9.990e-29
*END*
[from data line 724]
      4.530      0.012   334.9157    11.1040     91.070 4.6836e+00     15.866     34.776  22.221417     2.8526     2.9449     6.9504   999.9414      6.445      4.443 0.0000e+00
      4.534      0.011   334.8803    11.0823     91.092 4.6689e+00     15.866     34.799  22.232816     2.8590     3.0155     6.9509   999.9414      6.452      4.448 0.0000e+00
      4.535      0.008   334.9084    11.0668     91.089 4.6569e+00     15.866     34.803  22.231826     2.8484     2.9975     6.9519   999.9414      6.451      4.448 0.0000e+00
      4.536      0.005   334.9109    11.0621     91.074 4.6472e+00     15.866     34.770  22.209441     2.7819     2.9332     6.9518   999.9414      6.452      4.449 0.0000e+00
      4.536      0.002   335.0824    11.0673     91.063 4.6389e+00     15.866     34.782  22.215834     2.6657     2.8905     6.9484   999.9415      6.452      4.448 0.0000e+00
      4.536      0.001   335.4337    11.0754     91.132 4.6273e+00     15.867     34.831  22.245707     2.5969     2.8599     6.9426   999.9419      6.452      4.448 0.0000e+00
      4.536      0.001   335.4597    11.0712     91.208 4.6177e+00     15.867     34.844  22.253542     2.5990     2.8716     6.9370   999.9421      6.453      4.449 0.0000e+00
      4.536      0.000   335.3100    11.0761     91.182 4.6162e+00     15.867     34.834  22.247148     2.6238     2.8941     6.9351   999.9421      6.452      4.449 0.0000e+00
      4.536      0.000   335.1729    11.0636     91.125 4.6110e+00     15.866     34.808  22.231815     2.6496     2.8915     6.9346   999.9421      6.452      4.448 0.0000e+00
      4.537      0.001   334.8334    11.0785     91.080 4.5927e+00     15.865     34.749  22.194980     2.6625     2.9092     6.9322   999.9423      6.453      4.449 0.0000e+00
      4.537      0.001   334.6469    11.0995     91.060 4.5753e+00     15.865     34.729  22.182294     2.6651     2.9020     6.9302   999.9424      6.453      4.449 0.0000e+00
      4.537      0.001   335.3276    11.0842     91.056 4.5665e+00     15.866     34.765  22.205260     2.6629     2.8389     6.9314   999.9423      6.453      4.449 0.0000e+00
      4.537      0.001   336.4380    11.0796     91.062 4.5551e+00     15.866     34.789  22.218980     2.6544     2.7987     6.9335   999.9422      6.453      4.449 0.0000e+00
      4.537      0.000   336.8012    11.0711     91.088 4.5467e+00     15.866     34.796  22.221350     2.6478     2.8272     6.9344   999.9421      6.454      4.450 0.0000e+00
      4.537 1.2965e-11   336.6218    11.0700     91.109 4.5557e+00     15.866     34.817  22.233927     2.6493     2.8755     6.9351   999.9421      6.454      4.450 0.0000e+00
      4.537 1.4261e-10   336.3344    11.0698     91.059 4.5584e+00     15.866     34.834  22.244211     2.6638     2.8674     6.9348   999.9421      6.454      4.450 0.0000e+00
      4.537 1.5687e-09   335.9075    11.0705     90.968 4.5443e+00     15.867     34.795  22.218856     2.6901     2.8320     6.9325   999.9422      6.454      4.450 0.0000e+00
      4.538 1.7256e-08   335.7623    11.0742     90.895 4.5201e+00     15.867     34.737  22.181025     2.7098     2.8255     6.9295   999.9424      6.454      4.450 0.0000e+00
      4.538 1.8982e-07   335.9559    11.0829     90.865 4.4963e+00     15.867     34.716  22.167302     2.7299     2.8229     6.9276   999.9425      6.455      4.450 0.0000e+00
      4.538 2.2369e-07   336.6129    11.0756     90.935 4.4946e+00     15.866     34.735  22.179776     2.7901     2.8001     6.9275   999.9425      6.455      4.450 0.0000e+00
      4.538 4.2676e-07   337.6836    11.0573     91.005 4.5019e+00     15.866     34.773  22.205009     2.8656     2.7904     6.9269   999.9425      6.454      4.450 0.0000e+00
      4.538      0.000   338.2325    11.0561     91.018 4.4973e+00     15.866     34.792  22.218720     2.8984     2.8094     6.9249   999.9426      6.455      4.450 0.0000e+00
      4.538      0.000   338.0014    11.0401     91.025 4.4873e+00     15.866     34.788  22.218720     2.9100     2.8238     6.9239   999.9426      6.454      4.450 0.0000e+00
      4.538      0.001   337.5561    11.0594     90.986 4.4706e+00     15.865     34.766  22.205008     2.9300     2.8270     6.9252   999.9426      6.455      4.451 0.0000e+00
      4.538      0.001   337.3224    11.0729     90.965 4.4526e+00     15.866     34.728  22.179766     2.9301     2.8139     6.9265   999.9425      6.455      4.451 0.0000e+00
      4.538      0.001   337.2404    11.0611     90.991 4.4476e+00     15.866     34.711  22.167188     2.9012     2.8020     6.9287   999.9424      6.455      4.451 0.0000e+00
      4.539      0.001   337.3400    11.0741     91.012 4.4462e+00     15.866     34.731  22.179767     2.8765     2.8212     6.9340   999.9422      6.456      4.451 0.0000e+00
      4.539      0.001   337.6664    11.0585     91.047 4.4397e+00     15.865     34.768  22.205020     2.8700     2.8402     6.9349   999.9421      6.456      4.451 0.0000e+00
      4.539      0.001   337.9168    11.0563     91.072 4.4262e+00     15.865     34.788  22.218845     2.8997     2.8248     6.9311   999.9423      6.456      4.451 0.0000e+00
      4.539      0.001   338.1305    11.0670     91.033 4.4065e+00     15.865     34.788  22.220092     2.9483     2.7729     6.9288   999.9424      6.457      4.452 0.0000e+00
      4.539      0.002   338.3573    11.0635     90.937 4.3830e+00     15.865     34.786  22.220102     2.9722     2.7614     6.9290   999.9424      6.457      4.452 0.0000e+00
      4.540      0.002   338.3362    11.0712     90.896 4.3705e+00     15.866     34.782  22.218968     2.9788     2.8236     6.9306   999.9423      6.457      4.452 0.0000e+00
      4.541      0.002   338.0470    11.0748     90.957 4.3714e+00     15.866     34.761  22.206390     2.9140     2.8391     6.9328   999.9422      6.459      4.453 0.0000e+00
      4.542      0.002   337.7009    11.0724     91.037 4.3616e+00     15.866     34.741  22.194860     2.7805     2.8110     6.9350   999.9422      6.460      4.454 0.0000e+00
      4.542      0.003   337.2483    11.0514     91.028 4.3509e+00     15.866     34.756  22.206390     2.7084     2.8270     6.9367   999.9421      6.460      4.454 0.0000e+00
      4.543      0.004   336.8770    11.0428     90.873 4.3447e+00     15.865     34.774  22.218969     2.7099     2.8609     6.9389   999.9420      6.461      4.455 0.0000e+00
      4.544      0.007   337.0831    11.0576     90.766 4.3315e+00     15.865     34.779  22.220112     2.7224     2.8771     6.9396   999.9419      6.461      4.455 0.0000e+00
      4.545      0.012   337.5028    11.0675     90.869 4.3160e+00     15.866     34.785  22.220207     2.7260     2.8515     6.9405   999.9419      6.465      4.457 0.0000e+00
      4.545      0.018   337.5638    11.0756     91.015 4.2969e+00     15.866     34.791  22.220119     2.7241     2.8256     6.9449   999.9417      6.464      4.457 0.0000e+00
      4.549      0.022   337.5625    11.0430     91.051 4.2590e+00     15.867     34.796  22.219038     2.7284     2.8390     6.9474   999.9416      6.465      4.457 0.0000e+00
      4.559      0.023   337.6585    11.0149     90.935 4.2011e+00     15.867     34.782  22.207134     2.7208     2.8420     6.9435   999.9418      6.482      4.469 0.0000e+00
      4.572      0.022   337.1762    11.0499     90.829 4.1606e+00     15.867     34.780  22.203027     2.6605     2.8280     6.9378   999.9421      6.507      4.487 0.0000e+00
      4.579      0.019   336.2916    11.0681     90.859 4.1517e+00     15.867     34.829  22.232797     2.5715     2.8067     6.9320   999.9426      6.516      4.493 0.0000e+00
      4.580      0.014   335.9963    11.0826     90.871 4.1403e+00     15.867     34.856  22.249988     2.5226     2.7901     6.9259   999.9428      6.515      4.492 0.0000e+00
      4.581      0.009   336.1016    11.0599     90.840 4.1221e+00     15.866     34.808  22.220618     2.5171     2.8334     6.9215   999.9429      6.516      4.492 0.0000e+00
      4.581      0.008   336.2739    11.0326     90.804 4.1112e+00     15.866     34.765  22.194784     2.5813     2.8831     6.9172   999.9431      6.516      4.493 0.0000e+00
      4.581      0.013   336.6166    11.0591     90.732 4.0998e+00     15.866     34.758  22.191302     2.7075     2.8767     6.9148   999.9433      6.516      4.493 0.0000e+00
      4.581      0.018   336.9763    11.0539     90.697 4.0781e+00     15.866     34.739  22.178521     2.7845     2.8942     6.9143   999.9433      6.516      4.492 0.0000e+00
      4.586      0.021   337.0950    11.0475     90.815 4.0305e+00     15.867     34.724  22.167076     2.7973     2.9230     6.9162   999.9432      6.519      4.494 0.0000e+00
      4.598      0.022   336.5036    11.0468     91.055 3.9719e+00     15.868     34.745  22.179758     2.7673     2.8814     6.9198   999.9431      6.540      4.509 0.0000e+00
      4.611      0.022   335.5044    11.0347     91.301 3.9398e+00     15.867     34.785  22.205020     2.6975     2.8027     6.9221   999.9431      6.565      4.526 0.0000e+00
      4.616      0.018   335.0799    11.0193     91.329 3.9311e+00     15.866     34.806  22.218846     2.6501     2.7613     6.9210   999.9431      6.568      4.529 0.0000e+00
      4.617      0.012   335.0706    11.0422     91.112 3.9229e+00     15.867     34.809  22.220093     2.6607     2.7929     6.9172   999.9433      6.566      4.527 0.0000e+00
      4.617      0.007   335.1339    11.0719     90.988 3.9014e+00     15.867     34.812  22.220103     2.7777     2.8414     6.9161   999.9433      6.568      4.528 0.0000e+00
      4.618      0.002   335.4159    11.1141     91.038 3.8797e+00     15.867     34.812  22.218970     2.9587     2.8320     6.9162   999.9434      6.569      4.529 0.0000e+00
      4.618      0.001   335.6403    11.1297     91.108 3.8761e+00     15.867     34.793  22.206393     3.0472     2.8174     6.9163   999.9434      6.569      4.529 0.0000e+00
      4.618      0.001   335.5237    11.0688     91.063 3.8766e+00     15.867     34.775  22.194863     3.0566     2.8364     6.9153   999.9434      6.568      4.529 0.0000e+00
      4.618      0.003   335.2108    11.0602     90.874 3.8686e+00     15.867     34.794  22.206393     3.0631     2.8556     6.9126   999.9435      6.569      4.529 0.0000e+00
      4.618      0.008   335.2131    11.0739     90.695 3.8646e+00     15.867     34.815  22.218971     3.0679     2.8773     6.9111   999.9436      6.569      4.529 0.0000e+00
      4.618      0.015   335.3798    11.0881     90.662 3.8534e+00     15.867     34.819  22.220104     3.0669     2.8592     6.9105   999.9436      6.569      4.529 0.0000e+00
      4.619      0.023   335.3329    11.0877     90.733 3.8201e+00     15.867     34.821  22.220095     3.0609     2.8079     6.9098   999.9436      6.569      4.529 0.0000e+00
      4.626      0.032   335.2480    11.0534     90.828 3.7756e+00     15.867     34.821  22.218856     3.0521     2.7723     6.9092   999.9437      6.573      4.532 0.0000e+00
      4.640      0.039   335.1279    11.0252     90.934 3.7248e+00     15.867     34.801  22.205125     3.0366     2.7378     6.9082   999.9438      6.601      4.552 0.0000e+00
      4.654      0.042   335.1712    11.0244     91.009 3.6797e+00     15.868     34.765  22.180912     3.0261     2.7343     6.9064   999.9440      6.625      4.568 0.0000e+00
      4.665      0.041   335.6867    11.0411     91.000 3.6257e+00     15.868     34.765  22.179769     3.0308     2.7639     6.9046   999.9441      6.631      4.572 0.0000e+00
      4.680      0.036   336.2834    11.0480     90.892 3.5731e+00     15.867     34.784  22.191300     3.0361     2.7864     6.9028   999.9443      6.659      4.591 0.0000e+00
      4.692      0.028   336.3639    11.0677     90.793 3.5584e+00     15.867     34.788  22.193491     2.9469     2.8354     6.9009   999.9444      6.680      4.605 0.0000e+00
      4.695      0.020   336.2290    11.0762     90.760 3.5540e+00     15.867     34.807  22.206270     2.7621     2.8758     6.8988   999.9445      6.677      4.603 0.0000e+00
      4.695      0.015   336.2011    11.0809     90.730 3.5358e+00     15.867     34.827  22.218961     2.6526     2.8277     6.8968   999.9446      6.678      4.604 0.0000e+00
      4.695      0.011   335.9403    11.0598     90.713 3.5241e+00     15.867     34.829  22.220104     2.6529     2.7692     6.8964   999.9446      6.678      4.605 0.0000e+00
      4.697      0.011   335.6567    11.0418     90.698 3.5221e+00     15.867     34.830  22.220096     2.6604     2.7868     6.8963   999.9446      6.680      4.606 0.0000e+00
      4.701      0.013   336.2138    11.0490     90.720 3.5037e+00     15.867     34.830  22.218857     2.6293     2.8342     6.8967   999.9446      6.685      4.609 0.0000e+00
      4.706      0.017   337.2559    11.0362     90.774 3.4866e+00     15.867     34.811  22.205126     2.6008     2.8272     6.8980   999.9446      6.694      4.615 0.0000e+00
      4.710      0.019   337.6741    11.0412     90.785 3.4747e+00     15.868     34.776  22.180913     2.5929     2.7708     6.8978   999.9446      6.700      4.619 0.0000e+00
      4.714      0.019   337.6561    11.0349     90.798 3.4406e+00     15.869     34.777  22.179770     2.6199     2.7705     6.8965   999.9447      6.701      4.620 0.0000e+00
      4.721      0.018   337.5551    11.0356     90.828 3.4055e+00     15.870     34.798  22.191301     2.6879     2.8238     6.8951   999.9448      6.713      4.629 0.0000e+00
      4.729      0.015   337.3126    11.0541     90.886 3.3813e+00     15.869     34.805  22.193492     2.7199     2.8315     6.8923   999.9450      6.729      4.640 0.0000e+00
      4.732      0.012   336.9620    11.0467     90.964 3.3624e+00     15.868     34.829  22.206271     2.7102     2.8290     6.8893   999.9451      6.732      4.642 0.0000e+00
      4.732      0.008   336.7565    11.0518     90.949 3.3539e+00     15.868     34.851  22.218963     2.6950     2.8628     6.8871   999.9452      6.731      4.641 0.0000e+00
      4.732      0.005   337.0655    11.0561     90.859 3.3445e+00     15.868     34.852  22.220116     2.6792     2.8967     6.8848   999.9453      6.732      4.641 0.0000e+00
      4.732      0.004   337.7725    11.0592     90.783 3.3298e+00     15.868     34.850  22.220211     2.6809     2.8953     6.8810   999.9455      6.731      4.641 0.0000e+00
      4.732      0.005   338.1636    11.0824     90.710 3.3235e+00     15.868     34.848  22.220116     2.6783     2.8454     6.8767   999.9457      6.732      4.641 0.0000e+00
      4.733      0.007   338.0944    11.0778     90.647 3.3073e+00     15.868     34.845  22.218963     2.6573     2.8081     6.8745   999.9458      6.731      4.641 0.0000e+00
      4.735      0.008   337.9679    11.0589     90.649 3.2803e+00     15.869     34.825  22.206271     2.6834     2.8568     6.8755   999.9457      6.734      4.644 0.0000e+00
      4.740      0.010   337.7524    11.0538     90.745 3.2635e+00     15.869     34.806  22.193492     2.7563     2.9202     6.8779   999.9457      6.741      4.649 0.0000e+00
      4.744      0.013   337.7260    11.0431     90.876 3.2514e+00     15.868     34.805  22.191291     2.7851     2.9218     6.8799   999.9456      6.750      4.653 0.0000e+00
      4.746      0.017   337.7353    11.0324     90.902 3.2397e+00     15.867     34.791  22.179657     2.7832     2.9103     6.8806   999.9456      6.752      4.655 0.0000e+00
      4.748      0.021   337.5203    11.0304     90.744 3.2222e+00     15.868     34.797  22.179657     2.8764     2.8844     6.8805   999.9456      6.751      4.655 0.0000e+00
      4.753      0.025   337.5362    11.0444     90.528 3.1976e+00     15.869     34.822  22.191291     3.0448     2.8484     6.8806   999.9456      6.758      4.659 0.0000e+00
