Data/DataNotYetUploadedToEDI/Raw_CTD/RawDownloads/121420_fcr50_0001.cnv
* Sea-Bird SBE19plus  Data File:
* FileName = C:\DATA\121420_fcr50_0001.hex
* Software version 2.8.0.119
* Temperature SN = 7809
* Conductivity SN = 7809
* System UpLoad Time = Dec 14 2020 18:29:08
* <ApplicationData>
* <Seaterm232>
# nquan = 16
# nvalues = 5523                        
# units = specified
# name 0 = depFM: Depth [fresh water, m]
# name 1 = dz/dtM: Descent Rate [m/s]
# name 2 = orp: Oxidation Reduction Potential [mV]
# name 3 = sbeox0Mg/L: Oxygen, SBE 43 [mg/l]
# name 4 = sbeox0PS: Oxygen, SBE 43 [% saturation]
# name 5 = par/sat/log: PAR/Logarithmic, Satlantic
# name 6 = ph: pH
# name 7 = specc: Specific Conductance [uS/cm]
# name 8 = c0uS/cm: Conductivity [uS/cm]
# name 9 = flECO-AFL: Fluorescence, WET Labs ECO-AFL/FL [mg/m^3]
# name 10 = turbWETntu0: Turbidity, WET Labs ECO [NTU]
# name 11 = tv290C: Temperature [ITS-90, deg C]
# name 12 = density00: Density [density, kg/m^3]
# name 13 = prdE: Pressure, Strain Gauge [psi]
# name 14 = prdM: Pressure, Strain Gauge [db]
# name 15 = flag:  0.000e+00
# span 0 =     -0.728,      9.730       
# span 1 =     -0.217,      0.202       
# span 2 =   176.8215,  1240.2295       
# span 3 =    -0.6021,    11.4490       
# span 4 =     -4.718,     95.008       
# span 5 = 1.2348e-01, 1.1427e+03       
# span 6 =     15.517,     16.350       
# span 7 =      1.334,    209.825       
# span 8 =   1.001802, 129.742682       
# span 9 =    -2.7308,     5.1473       
# span 10 =    -5.0433,   935.8410      
# span 11 =     5.6833,    12.6218      
# span 12 =   999.4277,  1000.0699      
# span 13 =     -1.036,     13.840      
# span 14 =     -0.714,      9.542      
# span 15 = 0.0000e+00, 0.0000e+00      
# interval = seconds: 0.25
# start_time = Dec 14 2020 00:20:56 [Instrument's time stamp, header]
# bad_flag = -9.990e-29
*END*
[from data line 4972]
      7.970     -0.122   350.4460    10.1081     80.546 3.7403e-01     15.910     36.044  22.135459     3.2577     2.9040     5.7048  1000.0031     11.336      7.816 0.0000e+00
      7.941     -0.121   350.6632    10.1046     80.726 3.8027e-01     15.909     36.023  22.122672     3.3193     2.9892     5.7053  1000.0030     11.297      7.788 0.0000e+00
      7.908     -0.121   350.7395    10.0856     80.933 4.0009e-01     15.909     36.003  22.109989     3.4288     3.1242     5.7053  1000.0028     11.248      7.756 0.0000e+00
      7.875     -0.122   350.7660    10.0971     81.042 4.3169e-01     15.909     36.001  22.108948     3.5139     3.2317     5.7051  1000.0026     11.200      7.722 0.0000e+00
      7.845     -0.122   350.8119    10.0899     81.114 4.5949e-01     15.909     36.003  22.110091     3.5464     3.2927     5.7048  1000.0025     11.160      7.695 0.0000e+00
      7.815     -0.121   350.8637    10.1213     81.175 4.6060e-01     15.909     36.026  22.123802     3.5930     3.2791     5.7047  1000.0024     11.118      7.666 0.0000e+00
      7.784     -0.120   350.8764    10.1595     81.223 4.5779e-01     15.909     36.066  22.147897     3.6862     3.2049     5.7046  1000.0022     11.071      7.633 0.0000e+00
      7.752     -0.118   350.9658    10.1604     81.234 4.7507e-01     15.909     36.066  22.147750     3.7582     3.1856     5.7045  1000.0021     11.026      7.601 0.0000e+00
      7.722     -0.116   351.0841    10.1741     81.189 4.9472e-01     15.909     36.024  22.122030     3.7860     3.2162     5.7045  1000.0019     10.983      7.573 0.0000e+00
      7.693     -0.114   351.0157    10.1792     81.128 5.1417e-01     15.909     35.974  22.090581     3.7938     3.2313     5.7042  1000.0018     10.942      7.543 0.0000e+00
      7.665     -0.111   350.9131    10.1873     81.104 5.3052e-01     15.909     35.965  22.084591     3.8430     3.2318     5.7037  1000.0017     10.901      7.516 0.0000e+00
      7.638     -0.108   351.1342    10.1913     81.146 5.4651e-01     15.910     36.012  22.113030     3.9614     3.2222     5.7033  1000.0016     10.865      7.491 0.0000e+00
      7.611     -0.107   351.6251    10.1819     81.233 5.7099e-01     15.910     36.019  22.117341     4.0426     3.2181     5.7028  1000.0014     10.827      7.465 0.0000e+00
      7.583     -0.108   351.9433    10.1730     81.304 5.8448e-01     15.909     35.947  22.073298     4.0428     3.2497     5.7022  1000.0013     10.784      7.435 0.0000e+00
      7.556     -0.112   352.0564    10.1672     81.293 5.9412e-01     15.909     35.868  22.024435     3.9161     3.2621     5.7015  1000.0012     10.745      7.408 0.0000e+00
      7.531     -0.116   352.1323    10.1756     81.225 6.0575e-01     15.910     35.883  22.033884     3.6930     3.2306     5.7011  1000.0011     10.715      7.388 0.0000e+00
      7.503     -0.120   352.0006    10.1867     81.140 6.0803e-01     15.910     35.927  22.060714     3.5771     3.2125     5.7012  1000.0010     10.677      7.361 0.0000e+00
      7.468     -0.123   351.7550    10.2029     81.063 6.1919e-01     15.910     35.880  22.031751     3.5645     3.2141     5.7014  1000.0008     10.622      7.323 0.0000e+00
      7.431     -0.126   351.7438    10.1976     81.059 6.4317e-01     15.909     35.829  22.000780     3.4650     3.2156     5.7011  1000.0005     10.566      7.285 0.0000e+00
      7.399     -0.128   352.0363    10.1858     81.111 6.7672e-01     15.908     35.833  22.003326     3.2790     3.1967     5.7007  1000.0004     10.522      7.254 0.0000e+00
      7.369     -0.128   352.3666    10.1794     81.212 7.1217e-01     15.908     35.827  21.999121     3.1760     3.1921     5.7008  1000.0003     10.483      7.227 0.0000e+00
      7.338     -0.127   352.4684    10.1585     81.284 7.2642e-01     15.908     35.850  22.013352     3.1728     3.2289     5.7010  1000.0001     10.437      7.196 0.0000e+00
      7.305     -0.126   352.5783    10.1670     81.246 7.4339e-01     15.908     35.908  22.048560     3.2499     3.2291     5.7010   999.9999     10.390      7.164 0.0000e+00
      7.272     -0.125   352.7497    10.1682     81.181 7.7409e-01     15.909     35.901  22.044310     3.3836     3.1943     5.7008   999.9998     10.344      7.133 0.0000e+00
      7.238     -0.123   352.7340    10.1849     81.134 7.9529e-01     15.910     35.871  22.025395     3.4539     3.2204     5.7005   999.9997     10.295      7.098 0.0000e+00
      7.204     -0.120   352.5600    10.2054     81.171 8.1268e-01     15.910     35.847  22.010108     3.4611     3.2703     5.7003   999.9995     10.244      7.063 0.0000e+00
      7.174     -0.117   352.3660    10.1861     81.282 8.2789e-01     15.910     35.808  21.986311     3.4517     3.2476     5.7000   999.9994     10.203      7.035 0.0000e+00
      7.148     -0.115   352.3677    10.1841     81.362 8.5449e-01     15.909     35.817  21.991340     3.4829     3.1870     5.6994   999.9993     10.167      7.010 0.0000e+00
      7.122     -0.114   352.5810    10.1707     81.383 8.9290e-01     15.909     35.843  22.007491     3.5803     3.1550     5.6988   999.9992     10.130      6.984 0.0000e+00
      7.094     -0.114   352.7939    10.1747     81.363 9.1416e-01     15.909     35.818  21.991340     3.6475     3.1691     5.6986   999.9990     10.090      6.957 0.0000e+00
      7.064     -0.115   353.0487    10.1991     81.366 9.3091e-01     15.909     35.810  21.986313     3.6561     3.2206     5.6986   999.9989     10.048      6.928 0.0000e+00
      7.033     -0.115   353.2532    10.2062     81.447 9.6522e-01     15.909     35.849  22.010120     3.6183     3.2285     5.6986   999.9987     10.004      6.897 0.0000e+00
      7.000     -0.115   353.1151    10.2102     81.537 1.0047e+00     15.909     35.874  22.025520     3.5429     3.1966     5.6982   999.9986      9.956      6.864 0.0000e+00
      6.970     -0.115   352.9274    10.2044     81.554 1.0404e+00     15.909     35.905  22.045683     3.5077     3.2122     5.6976   999.9984      9.910      6.834 0.0000e+00
      6.945     -0.114   352.8773    10.1997     81.521 1.0632e+00     15.910     35.934  22.063662     3.5164     3.2453     5.6973   999.9983      9.878      6.811 0.0000e+00
      6.919     -0.113   352.6805    10.2149     81.469 1.0753e+00     15.910     35.915  22.052657     3.4854     3.2543     5.6970   999.9982      9.845      6.788 0.0000e+00
      6.889     -0.112   352.4411    10.2330     81.437 1.1055e+00     15.910     35.894  22.039451     3.4198     3.2519     5.6972   999.9981      9.799      6.756 0.0000e+00
      6.858     -0.112   352.3923    10.2296     81.443 1.1455e+00     15.909     35.880  22.030827     3.3813     3.2509     5.6980   999.9979      9.752      6.723 0.0000e+00
      6.828     -0.112   352.4346    10.2260     81.449 1.1751e+00     15.909     35.850  22.011804     3.3917     3.2759     5.6988   999.9978      9.710      6.696 0.0000e+00
      6.800     -0.111   352.5225    10.2171     81.431 1.2009e+00     15.910     35.830  21.999701     3.5657     3.2796     5.6995   999.9976      9.671      6.669 0.0000e+00
      6.773     -0.110   352.6805    10.2105     81.382 1.2330e+00     15.910     35.850  22.011325     3.8627     3.2261     5.6998   999.9975      9.634      6.642 0.0000e+00
      6.746     -0.108   352.7961    10.2153     81.318 1.2708e+00     15.909     35.874  22.025510     4.0168     3.2129     5.6993   999.9973      9.596      6.616 0.0000e+00
      6.718     -0.108   352.7158    10.2168     81.295 1.3048e+00     15.909     35.905  22.044378     4.0276     3.2576     5.6989   999.9972      9.555      6.588 0.0000e+00
      6.690     -0.107   352.6562    10.2142     81.307 1.3361e+00     15.909     35.912  22.049198     4.0118     3.2860     5.6983   999.9971      9.516      6.561 0.0000e+00
      6.662     -0.106   352.6776    10.2097     81.302 1.3764e+00     15.909     35.865  22.020371     3.9883     3.2824     5.6979   999.9970      9.477      6.534 0.0000e+00
      6.634     -0.105   352.5445    10.1960     81.287 1.4129e+00     15.909     35.853  22.012921     3.9723     3.2483     5.6977   999.9968      9.436      6.506 0.0000e+00
      6.608     -0.105   352.5962    10.1937     81.255 1.4365e+00     15.909     35.869  22.022537     3.9699     3.2168     5.6976   999.9967      9.397      6.479 0.0000e+00
      6.584     -0.106   352.8726    10.2013     81.229 1.4684e+00     15.909     35.849  22.009807     3.9791     3.2101     5.6975   999.9967      9.365      6.457 0.0000e+00
      6.559     -0.107   352.9601    10.1958     81.226 1.5109e+00     15.909     35.810  21.985840     3.9781     3.2015     5.6974   999.9965      9.331      6.434 0.0000e+00
      6.531     -0.108   352.8811    10.1978     81.187 1.5522e+00     15.910     35.810  21.986420     3.9679     3.2157     5.6976   999.9964      9.290      6.405 0.0000e+00
      6.501     -0.109   352.9495    10.1913     81.113 1.5896e+00     15.910     35.860  22.016818     3.9606     3.2443     5.6976   999.9962      9.247      6.375 0.0000e+00
      6.472     -0.110   353.2704    10.1853     81.076 1.6250e+00     15.910     35.892  22.036296     3.9663     3.2384     5.6976   999.9961      9.205      6.347 0.0000e+00
      6.443     -0.111   353.4062    10.1906     81.090 1.6592e+00     15.910     35.885  22.031673     3.9708     3.1447     5.6975   999.9959      9.164      6.318 0.0000e+00
      6.417     -0.114   353.0426    10.1860     81.094 1.6912e+00     15.910     35.873  22.024343     3.9474     3.0047     5.6974   999.9958      9.126      6.292 0.0000e+00
      6.391     -0.118   352.7447    10.1707     81.044 1.7272e+00     15.910     35.851  22.011094     3.9214     2.9532     5.6972   999.9957      9.091      6.268 0.0000e+00
      6.362     -0.120   353.0745    10.1662     80.951 1.7715e+00     15.910     35.830  21.998316     3.9146     2.9679     5.6970   999.9956      9.051      6.240 0.0000e+00
      6.329     -0.121   353.5887    10.1715     80.866 1.8328e+00     15.910     35.827  21.996681     3.8174     2.9766     5.6966   999.9954      9.003      6.208 0.0000e+00
      6.293     -0.122   353.7131    10.1749     80.845 1.9148e+00     15.910     35.818  21.991326     3.6236     2.9553     5.6965   999.9952      8.949      6.170 0.0000e+00
      6.258     -0.122   353.6318    10.1669     80.868 1.9823e+00     15.910     35.828  21.996986     3.5162     2.9161     5.6967   999.9951      8.898      6.134 0.0000e+00
      6.230     -0.121   353.5532    10.1544     80.908 2.0211e+00     15.910     35.836  22.001693     3.5018     2.9146     5.6968   999.9949      8.860      6.109 0.0000e+00
      6.204     -0.117   353.5368    10.1381     81.004 2.0669e+00     15.909     35.808  21.984818     3.5445     3.0060     5.6971   999.9948      8.826      6.086 0.0000e+00
      6.174     -0.114   353.6916    10.1378     81.127 2.1248e+00     15.909     35.806  21.983208     3.6228     3.1288     5.6972   999.9946      8.782      6.055 0.0000e+00
      6.142     -0.113   353.8763    10.1450     81.219 2.1703e+00     15.909     35.805  21.982225     3.6468     3.1975     5.6971   999.9945      8.733      6.021 0.0000e+00
      6.113     -0.114   353.7912    10.1425     81.259 2.2099e+00     15.910     35.790  21.972934     3.6446     3.2534     5.6970   999.9944      8.693      5.994 0.0000e+00
      6.086     -0.114   353.5223    10.1601     81.264 2.2593e+00     15.910     35.830  21.997700     3.7196     3.2551     5.6968   999.9942      8.658      5.970 0.0000e+00
      6.059     -0.114   353.6358    10.1769     81.250 2.3178e+00     15.909     35.880  22.028002     3.8480     3.1494     5.6964   999.9941      8.619      5.943 0.0000e+00
      6.029     -0.116   353.9603    10.1907     81.245 2.3800e+00     15.909     35.870  22.022228     3.8998     3.0059     5.6960   999.9940      8.577      5.913 0.0000e+00
      5.998     -0.118   354.0036    10.1934     81.288 2.4463e+00     15.909     35.819  21.991304     3.8888     2.9274     5.6958   999.9938      8.532      5.882 0.0000e+00
      5.968     -0.119   354.0740    10.1938     81.336 2.5267e+00     15.909     35.787  21.971198     3.8771     2.9554     5.6957   999.9937      8.488      5.853 0.0000e+00
      5.938     -0.117   354.2080    10.1922     81.341 2.6181e+00     15.910     35.783  21.969374     3.7584     3.0007     5.6956   999.9936      8.448      5.824 0.0000e+00
      5.904     -0.113   354.0754    10.1861     81.311 2.7055e+00     15.910     35.783  21.969259     3.5314     2.9945     5.6961   999.9934      8.397      5.791 0.0000e+00
      5.874     -0.110   353.8479    10.1961     81.275 2.7786e+00     15.909     35.784  21.969807     3.3929     2.9833     5.6963   999.9932      8.349      5.758 0.0000e+00
      5.849     -0.106   353.9529    10.2050     81.288 2.8364e+00     15.909     35.794  21.976001     3.3614     2.9684     5.6964   999.9931      8.317      5.735 0.0000e+00
      5.826     -0.104   354.3128    10.2030     81.330 2.8998e+00     15.909     35.801  21.980726     3.3503     2.9521     5.6966   999.9930      8.288      5.715 0.0000e+00
      5.801     -0.103   354.4985    10.2007     81.342 2.9810e+00     15.909     35.773  21.963516     3.3444     2.9576     5.6964   999.9928      8.252      5.688 0.0000e+00
      5.774     -0.104   354.4778    10.1908     81.382 3.0602e+00     15.909     35.764  21.958171     3.3287     2.9329     5.6963   999.9927      8.212      5.661 0.0000e+00
      5.747     -0.105   354.4061    10.1927     81.445 3.1377e+00     15.910     35.797  21.979528     3.3129     2.9277     5.6966   999.9926      8.176      5.637 0.0000e+00
      5.720     -0.105   354.5782    10.2062     81.460 3.2245e+00     15.910     35.776  21.968064     3.3159     2.9973     5.6967   999.9925      8.137      5.610 0.0000e+00
      5.690     -0.104   354.8383    10.1993     81.471 3.2998e+00     15.909     35.738  21.946403     3.3164     3.0538     5.6970   999.9923      8.093      5.579 0.0000e+00
      5.663     -0.102   354.7123    10.2043     81.497 3.3561e+00     15.908     35.778  21.971291     3.3090     3.0267     5.6974   999.9921      8.053      5.552 0.0000e+00
      5.639     -0.101   354.4309    10.2211     81.478 3.4079e+00     15.907     35.850  22.015317     3.3125     2.9450     5.6988   999.9920      8.020      5.530 0.0000e+00
      5.616     -0.101   354.2756    10.2149     81.413 3.4834e+00     15.907     35.882  22.034806     3.3309     2.9234     5.7017   999.9918      7.989      5.508 0.0000e+00
      5.592     -0.101   354.2109    10.2143     81.327 3.5841e+00     15.908     35.852  22.016680     3.3591     2.9716     5.7032   999.9916      7.956      5.485 0.0000e+00
      5.565     -0.101   354.1640    10.2248     81.302 3.6679e+00     15.909     35.802  21.986405     3.3682     2.9794     5.7032   999.9915      7.914      5.457 0.0000e+00
      5.537     -0.100   354.2260    10.2190     81.399 3.7381e+00     15.909     35.801  21.985850     3.3547     2.9488     5.7030   999.9914      7.875      5.430 0.0000e+00
      5.510     -0.093   354.6158    10.2119     81.514 3.8219e+00     15.909     35.838  22.009960     3.2917     2.9444     5.7033   999.9913      7.839      5.406 0.0000e+00
      5.483     -0.082   355.1764    10.1974     81.569 3.9081e+00     15.909     35.856  22.024248     3.1789     2.9605     5.7039   999.9911      7.798      5.376 0.0000e+00
      5.459     -0.071   355.0687    10.1861     81.626 3.9648e+00     15.908     35.849  22.031774     3.1160     2.9723     5.7040   999.9910      7.758      5.349 0.0000e+00
      5.444     -0.064   354.2600    10.2083     81.774 3.9777e+00     15.907     35.820  22.037546     3.1126     2.9842     5.7042   999.9909      7.736      5.333 0.0000e+00
      5.439     -0.060   354.0881    10.2266     82.010 3.9884e+00     15.906     35.767  22.030646     3.1092     3.0012     5.7062   999.9909      7.735      5.333 0.0000e+00
