Data/DataNotYetUploadedToEDI/Raw_CTD/RawDownloads/121421_fcr50.cnv
* Sea-Bird SBE19plus  Data File:
* FileName = C:\R\Reservoirs\Data\DataNotYetUploadedToEDI\Raw_CTD\RawDownloads\121421_fcr50_0001_0001.hex
* Software version 2.8.0.119
* Temperature SN = 7809
* Conductivity SN = 7809
* System UpLoad Time = Dec 14 2021 15:36:19
* <ApplicationData>
* <Seaterm232>
# nquan = 16
# nvalues = 1886                        
# units = specified
# name 0 = depFM: Depth [fresh water, m]
# name 1 = dz/dtM: Descent Rate [m/s]
# name 2 = orp: Oxidation Reduction Potential [mV]
# name 3 = sbeox0Mg/L: Oxygen, SBE 43 [mg/l]
# name 4 = sbeox0PS: Oxygen, SBE 43 [% saturation]
# name 5 = par/sat/log: PAR/Logarithmic, Satlantic
# name 6 = ph: pH
# name 7 = specc: Specific Conductance [uS/cm]
# name 8 = c0uS/cm: Conductivity [uS/cm]
# name 9 = flECO-AFL: Fluorescence, WET Labs ECO-AFL/FL [mg/m^3]
# name 10 = turbWETntu0: Turbidity, WET Labs ECO [NTU]
# name 11 = tv290C: Temperature [ITS-90, deg C]
# name 12 = density00: Density [density, kg/m^3]
# name 13 = prdE: Pressure, Strain Gauge [psi]
# name 14 = prdM: Pressure, Strain Gauge [db]
# name 15 = flag:  0.000e+00
# span 0 =     -0.535,      9.929       
# span 1 =     -0.199,      3.079       
# span 2 = -1240.7455,  1240.1905       
# span 3 =     0.2371,    11.4618       
# span 4 =      2.085,     92.403       
# span 5 = 1.2362e-01, 1.5503e+03       
# span 6 =     -2.524,      7.149       
# span 7 =      0.053,    452.833       
# span 8 =   0.047076, 301.213017       
# span 9 =    -1.3417,    13.2537       
# span 10 =    -9.9141,   499.7474      
# span 11 =     5.9488,    19.5878      
# span 12 =   998.2947,  1000.1205      
# span 13 =     -0.762,     14.123      
# span 14 =     -0.525,      9.738      
# span 15 = 0.0000e+00, 0.0000e+00      
# interval = seconds: 0.25
# start_time = Dec 14 2021 10:45:36 [Instrument's time stamp, header]
# bad_flag = -9.990e-29
*END*
[from data line 1628]
      2.610     -0.059   336.9947    10.7497     86.167 5.7497e+01      7.132     41.675  25.856592    11.6492     1.0361     6.0259   999.9701      3.717      2.563 0.0000e+00
      2.595     -0.066   337.2222    10.7346     86.224 5.8453e+01      7.133     41.705  25.875664    11.6513     1.0430     6.0254   999.9699      3.693      2.546 0.0000e+00
      2.577     -0.075   337.3799    10.7137     86.249 5.9604e+01      7.136     41.704  25.875486    11.6004     1.0681     6.0234   999.9699      3.666      2.528 0.0000e+00
      2.556     -0.081   337.2669    10.7097     86.189 6.1294e+01      7.139     41.667  25.854440    11.5002     1.0668     6.0211   999.9699      3.639      2.509 0.0000e+00
      2.531     -0.084   336.9738    10.7193     86.101 6.3281e+01      7.140     41.697  25.874720    11.4378     1.0615     6.0205   999.9698      3.602      2.482 0.0000e+00
      2.504     -0.082   336.6746    10.7260     86.122 6.4926e+01      7.140     41.887  25.993934    11.4290     1.0717     6.0204   999.9697      3.558      2.454 0.0000e+00
      2.482     -0.077   336.4030    10.7344     86.275 6.5965e+01      7.140     42.145  26.154938    11.4449     1.0879     6.0211   999.9696      3.528      2.433 0.0000e+00
      2.464     -0.072   336.3572    10.7242     86.485 6.6624e+01      7.141     42.277  26.236816    11.6133     1.1208     6.0232   999.9694      3.504      2.416 0.0000e+00
      2.449     -0.067   336.4649    10.7022     86.647 6.7174e+01      7.142     42.256  26.223315    11.9164     1.1953     6.0251   999.9693      3.480      2.399 0.0000e+00
      2.437     -0.063   336.7587    10.7055     86.697 6.7832e+01      7.143     42.088  26.118474    12.0795     1.2726     6.0268   999.9692      3.467      2.391 0.0000e+00
      2.422     -0.060   337.1572    10.7277     86.675 6.8941e+01      7.144     41.872  25.983322    12.0955     1.3373     6.0279   999.9693      3.450      2.378 0.0000e+00
      2.403     -0.059   336.4642    10.7582     86.638 6.9808e+01      7.143     41.773  25.920253    12.0272     1.3967     6.0281   999.9692      3.416      2.355 0.0000e+00
      2.385     -0.060   334.9187    10.7840     86.619 6.9629e+01      7.142     41.785  25.926367    11.8687     1.4099     6.0279   999.9691      3.389      2.337 0.0000e+00
      2.373     -0.060   334.3886    10.7857     86.625 6.9034e+01      7.142     41.896  25.993866    11.7701     1.3605     6.0267   999.9690      3.376      2.327 0.0000e+00
      2.361     -0.060   334.6140    10.7812     86.610 6.9016e+01      7.142     42.174  26.165925    11.7672     1.3120     6.0257   999.9689      3.359      2.316 0.0000e+00
      2.346     -0.060   334.6322    10.7760     86.523 7.0560e+01      7.140     42.484  26.358733    11.8162     1.2680     6.0241   999.9689      3.339      2.302 0.0000e+00
      2.328     -0.061   335.0389    10.7725     86.350 7.3089e+01      7.138     42.587  26.423564    11.8891     1.1365     6.0219   999.9688      3.312      2.283 0.0000e+00
      2.311     -0.061   335.8321    10.7776     86.148 7.4849e+01      7.137     42.513  26.379339    11.9155     1.0196     6.0206   999.9688      3.281      2.262 0.0000e+00
      2.296     -0.060   335.6190    10.7774     86.015 7.6503e+01      7.136     42.433  26.331090    11.9185     1.0159     6.0202   999.9689      3.269      2.254 0.0000e+00
      2.281     -0.057   334.6125    10.7674     85.978 7.8387e+01      7.136     42.356  26.283879    12.0416     1.0575     6.0207   999.9690      3.246      2.237 0.0000e+00
      2.265     -0.052   334.2457    10.7444     86.011 7.9377e+01      7.136     42.202  26.188820    12.2565     1.1130     6.0210   999.9688      3.217      2.217 0.0000e+00
      2.253     -0.049   334.2826    10.7107     86.064 8.0454e+01      7.136     42.112  26.132513    12.3606     1.1062     6.0237   999.9687      3.208      2.212 0.0000e+00
      2.240     -0.048   334.3701    10.6940     86.090 8.1714e+01      7.137     42.080  26.110148    12.3760     1.0429     6.0263   999.9685      3.185      2.197 0.0000e+00
      2.230     -0.049   334.6150    10.6912     86.149 8.1829e+01      7.140     41.978  26.045176    12.4684     1.0319     6.0264   999.9684      3.168      2.184 0.0000e+00
      2.223     -0.051   334.7490    10.6956     86.278 8.1274e+01      7.143     41.876  25.980779    12.6286     1.0749     6.0273   999.9684      3.166      2.184 0.0000e+00
      2.211     -0.054   335.1293    10.7086     86.391 8.1050e+01      7.145     41.852  25.965363    12.7240     1.1194     6.0259   999.9683      3.148      2.171 0.0000e+00
      2.194     -0.055   335.6863    10.7066     86.396 8.1847e+01      7.145     41.885  25.985548    12.7388     1.1257     6.0229   999.9683      3.120      2.151 0.0000e+00
      2.175     -0.056   335.8041    10.7115     86.299 8.4306e+01      7.145     41.863  25.971292    12.7245     1.1161     6.0211   999.9682      3.093      2.133 0.0000e+00
      2.159     -0.056   335.7796    10.7338     86.168 8.7346e+01      7.145     41.781  25.919758    12.6344     1.1737     6.0200   999.9681      3.068      2.115 0.0000e+00
      2.145     -0.056   335.5627    10.7531     86.039 8.9806e+01      7.144     41.700  25.869525    12.4823     1.2759     6.0192   999.9681      3.050      2.102 0.0000e+00
      2.135     -0.056   335.0751    10.7538     85.903 9.1899e+01      7.142     41.703  25.870988    12.3910     1.3273     6.0183   999.9681      3.038      2.094 0.0000e+00
      2.124     -0.057   334.9598    10.7365     85.743 9.3210e+01      7.142     42.015  26.064215    12.3540     1.3512     6.0176   999.9680      3.022      2.084 0.0000e+00
      2.110     -0.059   335.7166    10.7199     85.624 9.4348e+01      7.141     42.503  26.367682    12.1855     1.3261     6.0172   999.9680      3.001      2.070 0.0000e+00
      2.092     -0.059   336.8265    10.7035     85.640 9.6496e+01      7.141     42.608  26.434372    11.8935     1.2292     6.0170   999.9679      2.977      2.053 0.0000e+00
      2.072     -0.058   337.1948    10.6901     85.804 9.9193e+01      7.141     42.288  26.236718    11.7370     1.1359     6.0166   999.9677      2.946      2.031 0.0000e+00
      2.055     -0.056   337.0713    10.6661     86.068 1.0240e+02      7.142     41.917  26.006173    11.7329     1.0859     6.0162   999.9678      2.919      2.012 0.0000e+00
      2.042     -0.052   337.0551    10.6444     86.339 1.0560e+02      7.144     41.692  25.865313    11.8187     1.1710     6.0175   999.9680      2.903      2.001 0.0000e+00
      2.032     -0.046   336.8270    10.6475     86.526 1.0680e+02      7.146     41.693  25.864635    11.9750     1.3448     6.0195   999.9679      2.892      1.994 0.0000e+00
      2.022     -0.041   336.3776    10.6686     86.603 1.0720e+02      7.148     41.910  25.997985    12.0496     1.4107     6.0207   999.9676      2.877      1.983 0.0000e+00
      2.012     -0.036   336.6980    10.7059     86.570 1.0907e+02      7.148     42.150  26.146578    12.0304     1.3532     6.0206   999.9674      2.860      1.972 0.0000e+00
      2.002     -0.034   337.7757    10.7461     86.452 1.1157e+02      7.147     42.241  26.203432    11.9503     1.2990     6.0187   999.9673      2.846      1.963 0.0000e+00
      1.993     -0.035   338.3092    10.7692     86.309 1.1282e+02      7.147     42.201  26.178335    11.8217     1.3019     6.0165   999.9673      2.833      1.954 0.0000e+00
      1.987     -0.038   338.1582    10.7793     86.178 1.1307e+02      7.148     42.070  26.096673    11.7494     1.3199     6.0150   999.9675      2.826      1.948 0.0000e+00
      1.982     -0.042   337.8426    10.7758     86.078 1.1388e+02      7.148     41.979  26.040039    11.7337     1.3116     6.0147   999.9676      2.821      1.945 0.0000e+00
      1.972     -0.046   337.5040    10.7555     85.998 1.1569e+02      7.147     42.426  26.317567    11.7154     1.2697     6.0151   999.9675      2.809      1.936 0.0000e+00
      1.956     -0.049   337.3341    10.7382     85.890 1.1773e+02      7.147     43.290  26.853434    11.6696     1.2239     6.0149   999.9675      2.784      1.919 0.0000e+00
      1.937     -0.050   337.2508    10.7199     85.701 1.1953e+02      7.147     43.739  27.131415    11.6046     1.1675     6.0144   999.9673      2.752      1.897 0.0000e+00
      1.921     -0.049   337.1853    10.7086     85.480 1.2109e+02      7.148     43.759  27.143217    11.5706     1.0998     6.0143   999.9671      2.730      1.882 0.0000e+00
      1.911     -0.046   337.2304    10.6999     85.280 1.2096e+02      7.148     43.727  27.122905    11.5573     1.0893     6.0144   999.9672      2.718      1.874 0.0000e+00
      1.902     -0.043   337.2801    10.6913     85.144 1.2018e+02      7.147     43.754  27.139370    11.5772     1.1087     6.0144   999.9677      2.705      1.865 0.0000e+00
      1.894     -0.043   337.3560    10.6654     85.269 1.2152e+02      7.146     43.774  27.152125    11.6525     1.0945     6.0137   999.9678      2.694      1.858 0.0000e+00
      1.885     -0.045   337.4589    10.6302     85.533 1.2439e+02      7.144     43.770  27.150364    11.7110     1.0883     6.0128   999.9677      2.682      1.849 0.0000e+00
      1.874     -0.049   337.1475    10.6161     85.635 1.2598e+02      7.144     43.817  27.181462    11.7269     1.1024     6.0121   999.9676      2.667      1.839 0.0000e+00
      1.860     -0.052   336.5172    10.5757     85.691 1.2715e+02      7.145     43.862  27.211197    11.7366     1.0943     6.0119   999.9675      2.648      1.826 0.0000e+00
      1.843     -0.052   336.2911    10.5977     85.785 1.2933e+02      7.145     43.830  27.192957    11.7447     1.0927     6.0121   999.9676      2.621      1.807 0.0000e+00
      1.826     -0.050   336.3931    10.6615     85.795 1.2927e+02      7.144     43.762  27.151080    11.7500     1.1169     6.0129   999.9674      2.593      1.788 0.0000e+00
      1.813     -0.047   336.5455    10.6517     85.706 1.2829e+02      7.143     43.758  27.148570    11.7673     1.1138     6.0152   999.9673      2.575      1.776 0.0000e+00
      1.803     -0.044   336.6705    10.6550     85.590 1.3048e+02      7.142     43.783  27.162619    11.9126     1.0893     6.0179   999.9672      2.563      1.767 0.0000e+00
      1.796     -0.043   336.6138    10.6792     85.586 1.3292e+02      7.142     43.835  27.194170    12.1752     1.0947     6.0203   999.9670      2.555      1.762 0.0000e+00
      1.788     -0.044   336.4624    10.6760     85.802 1.3226e+02      7.141     43.866  27.213112    12.3113     1.1102     6.0209   999.9669      2.545      1.755 0.0000e+00
      1.777     -0.047   336.3025    10.6641     86.071 1.3194e+02      7.141     43.849  27.201478    12.3193     1.1062     6.0195   999.9670      2.529      1.744 0.0000e+00
      1.763     -0.052   336.2299    10.6445     86.197 1.3378e+02      7.142     43.815  27.180290    12.3552     1.1480     6.0186   999.9669      2.508      1.729 0.0000e+00
      1.747     -0.055   336.2722    10.6316     86.159 1.3330e+02      7.143     43.762  27.147090    12.4114     1.2401     6.0180   999.9669      2.483      1.712 0.0000e+00
      1.731     -0.056   336.2980    10.6728     86.013 1.3123e+02      7.143     43.712  27.117000    12.4410     1.2977     6.0172   999.9669      2.462      1.698 0.0000e+00
      1.716     -0.056   336.2839    10.7180     85.912 1.3071e+02      7.142     43.636  27.070014    12.4557     1.2981     6.0165   999.9668      2.441      1.683 0.0000e+00
      1.702     -0.055   336.2734    10.7294     85.923 1.2966e+02      7.141     43.559  27.022693    12.4639     1.2786     6.0158   999.9668      2.419      1.668 0.0000e+00
      1.689     -0.054   336.3430    10.7273     85.975 1.2720e+02      7.140     43.504  26.988558    12.4656     1.2671     6.0157   999.9666      2.403      1.657 0.0000e+00
      1.677     -0.053   336.4377    10.6972     86.040 1.2513e+02      7.139     43.481  26.974221    12.4766     1.2616     6.0163   999.9666      2.386      1.645 0.0000e+00
      1.663     -0.052   336.3854    10.6805     86.134 1.2264e+02      7.138     43.587  27.039496    12.4882     1.2802     6.0169   999.9665      2.366      1.631 0.0000e+00
      1.648     -0.051   336.3127    10.6900     86.267 1.1796e+02      7.138     43.755  27.143926    12.4898     1.3213     6.0172   999.9664      2.344      1.616 0.0000e+00
      1.635     -0.050   336.4197    10.6948     86.435 1.1470e+02      7.136     43.778  27.159301    12.4627     1.3491     6.0176   999.9663      2.325      1.603 0.0000e+00
      1.623     -0.048   336.6459    10.7033     86.615 1.1430e+02      7.131     43.676  27.098621    12.4103     1.3430     6.0173   999.9662      2.310      1.593 0.0000e+00
      1.610     -0.047   336.7256    10.7138     86.772 1.1479e+02      7.126     43.584  27.044124    12.3803     1.3159     6.0159   999.9662      2.290      1.579 0.0000e+00
      1.599     -0.047   336.5231    10.7314     86.889 1.1612e+02      7.122     43.522  27.007479    12.3669     1.3284     6.0154   999.9663      2.272      1.566 0.0000e+00
      1.589     -0.048   336.2622    10.7523     86.948 1.1900e+02      7.122     43.463  26.972499    12.2396     1.3236     6.0175   999.9662      2.262      1.559 0.0000e+00
      1.578     -0.049   336.1517    10.7758     86.918 1.2323e+02      7.124     43.407  26.938112    12.0060     1.1886     6.0205   999.9660      2.245      1.548 0.0000e+00
      1.565     -0.051   336.2195    10.7957     86.860 1.2694e+02      7.127     43.361  26.908645    11.8808     1.0626     6.0233   999.9658      2.227      1.535 0.0000e+00
      1.551     -0.052   336.3085    10.8084     86.863 1.3098e+02      7.129     43.300  26.869763    11.8753     1.0648     6.0258   999.9656      2.208      1.522 0.0000e+00
      1.536     -0.052   336.2811    10.8206     86.918 1.3692e+02      7.131     43.267  26.848300    11.9224     1.1475     6.0278   999.9655      2.183      1.505 0.0000e+00
      1.521     -0.052   336.1461    10.8110     86.944 1.4240e+02      7.133     43.356  26.902684    12.0096     1.2763     6.0284   999.9653      2.162      1.491 0.0000e+00
      1.509     -0.052   336.0531    10.7998     86.904 1.4528e+02      7.134     43.442  26.956841    12.0466     1.3578     6.0271   999.9653      2.146      1.479 0.0000e+00
      1.497     -0.053   336.1025    10.8004     86.831 1.4767e+02      7.132     43.401  26.932628    11.9789     1.3475     6.0256   999.9653      2.129      1.468 0.0000e+00
      1.485     -0.055   336.0548    10.8132     86.756 1.4929e+02      7.130     43.390  26.926861    11.3416     1.2890     6.0245   999.9652      2.113      1.457 0.0000e+00
      1.472     -0.060   335.9069    10.8193     86.736 1.5172e+02      7.129     43.425  26.950505    10.2006     1.1963     6.0235   999.9652      2.095      1.445 0.0000e+00
      1.457     -0.065   335.9486    10.8096     86.806 1.5895e+02      7.130     43.446  26.964956     9.5853     1.1147     6.0239   999.9653      2.073      1.430 0.0000e+00
      1.439     -0.068   336.0426    10.8015     86.929 1.6724e+02      7.130     43.459  26.974820     9.5197     1.0878     6.0259   999.9650      2.049      1.412 0.0000e+00
      1.418     -0.069   336.0114    10.7869     87.027 1.7241e+02      7.130     43.407  26.942997     9.4332     1.1099     6.0282   999.9649      2.018      1.391 0.0000e+00
      1.397     -0.068   335.9163    10.7825     87.037 1.7474e+02      7.129     43.333  26.897117     9.2385     1.1429     6.0300   999.9647      1.984      1.368 0.0000e+00
      1.379     -0.066   335.7525    10.7929     86.985 1.7795e+02      7.129     43.280  26.863801     9.0545     1.1114     6.0317   999.9645      1.959      1.350 0.0000e+00
