Data/DataNotYetUploadedToEDI/Raw_CTD/RawDownloads/121421_fcr50.cnv
* Sea-Bird SBE19plus  Data File:
* FileName = C:\R\Reservoirs\Data\DataNotYetUploadedToEDI\Raw_CTD\RawDownloads\121421_fcr50_0001_0001.hex
* Software version 2.8.0.119
* Temperature SN = 7809
* Conductivity SN = 7809
* System UpLoad Time = Dec 14 2021 15:36:19
* <ApplicationData>
* <Seaterm232>
# nquan = 16
# nvalues = 1886                        
# units = specified
# name 0 = depFM: Depth [fresh water, m]
# name 1 = dz/dtM: Descent Rate [m/s]
# name 2 = orp: Oxidation Reduction Potential [mV]
# name 3 = sbeox0Mg/L: Oxygen, SBE 43 [mg/l]
# name 4 = sbeox0PS: Oxygen, SBE 43 [% saturation]
# name 5 = par/sat/log: PAR/Logarithmic, Satlantic
# name 6 = ph: pH
# name 7 = specc: Specific Conductance [uS/cm]
# name 8 = c0uS/cm: Conductivity [uS/cm]
# name 9 = flECO-AFL: Fluorescence, WET Labs ECO-AFL/FL [mg/m^3]
# name 10 = turbWETntu0: Turbidity, WET Labs ECO [NTU]
# name 11 = tv290C: Temperature [ITS-90, deg C]
# name 12 = density00: Density [density, kg/m^3]
# name 13 = prdE: Pressure, Strain Gauge [psi]
# name 14 = prdM: Pressure, Strain Gauge [db]
# name 15 = flag:  0.000e+00
# span 0 =     -0.535,      9.929       
# span 1 =     -0.199,      3.079       
# span 2 = -1240.7455,  1240.1905       
# span 3 =     0.2371,    11.4618       
# span 4 =      2.085,     92.403       
# span 5 = 1.2362e-01, 1.5503e+03       
# span 6 =     -2.524,      7.149       
# span 7 =      0.053,    452.833       
# span 8 =   0.047076, 301.213017       
# span 9 =    -1.3417,    13.2537       
# span 10 =    -9.9141,   499.7474      
# span 11 =     5.9488,    19.5878      
# span 12 =   998.2947,  1000.1205      
# span 13 =     -0.762,     14.123      
# span 14 =     -0.525,      9.738      
# span 15 = 0.0000e+00, 0.0000e+00      
# interval = seconds: 0.25
# start_time = Dec 14 2021 10:45:36 [Instrument's time stamp, header]
# bad_flag = -9.990e-29
*END*
[from data line 724]
      5.501      0.046   310.3470    10.7610     86.772 2.7171e+00      7.118     41.335  25.608946    10.6041     1.3385     5.9790   999.9852      7.824      5.394 0.0000e+00
      5.511      0.044   310.4370    10.7712     86.787 2.6921e+00      7.119     41.319  25.598661    10.9296     1.3692     5.9781   999.9853      7.839      5.405 0.0000e+00
      5.522      0.042   310.8769    10.7805     86.765 2.6594e+00      7.120     41.298  25.586107    11.4998     1.3775     5.9768   999.9854      7.852      5.413 0.0000e+00
      5.533      0.041   311.7070    10.8014     86.744 2.6384e+00      7.120     41.294  25.583927    11.7885     1.3362     5.9758   999.9855      7.871      5.427 0.0000e+00
      5.543      0.041   312.3001    10.8087     86.770 2.6184e+00      7.120     41.274  25.572300    11.7982     1.3138     5.9756   999.9855      7.885      5.437 0.0000e+00
      5.553      0.042   312.1979    10.8098     86.800 2.5826e+00      7.120     41.273  25.572289    11.6846     1.3462     5.9756   999.9856      7.897      5.445 0.0000e+00
      5.563      0.044   311.3317    10.8073     86.813 2.5550e+00      7.120     41.291  25.583803    11.4461     1.3866     5.9758   999.9856      7.915      5.458 0.0000e+00
      5.573      0.047   310.6030    10.7976     86.833 2.5333e+00      7.120     41.293  25.584747    11.2954     1.3918     5.9766   999.9857      7.926      5.465 0.0000e+00
      5.585      0.050   310.4419    10.8069     86.861 2.5015e+00      7.120     41.292  25.583700    11.2607     1.3755     5.9776   999.9856      7.940      5.474 0.0000e+00
      5.600      0.052   310.5028    10.8111     86.901 2.4650e+00      7.121     41.272  25.571146    11.1349     1.3255     5.9780   999.9857      7.966      5.491 0.0000e+00
      5.615      0.052   310.6507    10.8095     86.961 2.4360e+00      7.121     41.252  25.559718    10.8974     1.2321     5.9780   999.9858      7.988      5.508 0.0000e+00
      5.629      0.051   311.1976    10.8139     87.018 2.4130e+00      7.120     41.272  25.572290    10.7624     1.1685     5.9775   999.9859      8.007      5.520 0.0000e+00
      5.643      0.050   311.9541    10.8168     87.043 2.3800e+00      7.120     41.312  25.596385    10.7502     1.1369     5.9772   999.9860      8.026      5.534 0.0000e+00
      5.655      0.049   312.1396    10.8206     87.027 2.3525e+00      7.121     41.314  25.597518    10.7506     1.0891     5.9776   999.9860      8.045      5.546 0.0000e+00
      5.664      0.046   312.0636    10.8295     86.971 2.3420e+00      7.121     41.295  25.585993    10.7671     1.0696     5.9782   999.9860      8.056      5.555 0.0000e+00
      5.674      0.043   312.0672    10.8384     86.895 2.3130e+00      7.121     41.291  25.583802    10.7991     1.0712     5.9784   999.9860      8.067      5.562 0.0000e+00
      5.689      0.039   311.7531    10.8409     86.834 2.2696e+00      7.121     41.271  25.571032    10.8133     1.0395     5.9783   999.9862      8.092      5.579 0.0000e+00
      5.702      0.034   311.2774    10.8399     86.826 2.2524e+00      7.122     41.251  25.558357    10.8227     1.0621     5.9783   999.9862      8.116      5.595 0.0000e+00
      5.709      0.028   311.9078    10.8314     86.858 2.2544e+00      7.122     41.249  25.557307    10.9204     1.1399     5.9783   999.9862      8.124      5.601 0.0000e+00
      5.713      0.023   313.4387    10.8212     86.880 2.2488e+00      7.122     41.251  25.558335    11.0872     1.1606     5.9782   999.9863      8.126      5.602 0.0000e+00
      5.717      0.018   314.1276    10.8105     86.884 2.2416e+00      7.122     41.271  25.570794    11.1664     1.1417     5.9781   999.9863      8.132      5.607 0.0000e+00
      5.720      0.018   314.1284    10.8100     86.896 2.2480e+00      7.122     41.288  25.581174    11.1546     1.1158     5.9778   999.9863      8.136      5.610 0.0000e+00
      5.721      0.022   313.9653    10.8184     86.927 2.2498e+00      7.123     41.249  25.557078    11.0946     1.0871     5.9775   999.9863      8.137      5.610 0.0000e+00
      5.726      0.028   313.5319    10.8200     86.944 2.2357e+00      7.122     41.210  25.532983    10.9976     1.1024     5.9776   999.9863      8.141      5.613 0.0000e+00
      5.734      0.034   313.2756    10.8199     86.927 2.2084e+00      7.122     41.227  25.543363    10.9393     1.1296     5.9777   999.9864      8.155      5.622 0.0000e+00
      5.746      0.040   313.6202    10.8193     86.893 2.1677e+00      7.123     41.247  25.555820    10.9311     1.1084     5.9778   999.9864      8.173      5.635 0.0000e+00
      5.759      0.045   314.3433    10.8264     86.865 2.1373e+00      7.123     41.249  25.556840    11.0237     1.0850     5.9777   999.9865      8.192      5.648 0.0000e+00
      5.771      0.047   314.7916    10.8295     86.843 2.1180e+00      7.123     41.246  25.555687    11.2101     1.0868     5.9774   999.9865      8.207      5.658 0.0000e+00
      5.784      0.046   314.9962    10.8259     86.811 2.0901e+00      7.123     41.222  25.541877    11.3199     1.0950     5.9772   999.9866      8.225      5.671 0.0000e+00
      5.798      0.044   315.1823    10.8209     86.774 2.0640e+00      7.122     41.179  25.516639    11.3355     1.0817     5.9775   999.9867      8.249      5.688 0.0000e+00
      5.810      0.040   315.2348    10.8168     86.773 2.0478e+00      7.122     41.156  25.504067    11.3488     1.0636     5.9777   999.9867      8.265      5.699 0.0000e+00
      5.819      0.037   315.1148    10.8160     86.831 2.0346e+00      7.122     41.174  25.516628    11.3808     1.0810     5.9777   999.9868      8.275      5.706 0.0000e+00
      5.827      0.034   314.4194    10.8109     86.877 2.0162e+00      7.123     41.213  25.541752    11.4063     1.1205     5.9792   999.9868      8.287      5.714 0.0000e+00
      5.834      0.033   313.6246    10.8043     86.863 1.9977e+00      7.124     41.234  25.554314    11.4070     1.1660     5.9810   999.9867      8.299      5.722 0.0000e+00
      5.840      0.033   313.7637    10.8003     86.816 1.9887e+00      7.123     41.216  25.541753    11.3896     1.1867     5.9827   999.9867      8.307      5.728 0.0000e+00
      5.848      0.035   314.1220    10.8119     86.748 1.9733e+00      7.123     41.178  25.516639    11.2960     1.2334     5.9852   999.9866      8.317      5.734 0.0000e+00
      5.857      0.039   314.0854    10.8216     86.733 1.9458e+00      7.122     41.160  25.504191    11.1407     1.3559     5.9868   999.9867      8.330      5.743 0.0000e+00
      5.868      0.044   314.2678    10.8140     86.787 1.9150e+00      7.122     41.185  25.518001    11.0601     1.4377     5.9861   999.9867      8.346      5.754 0.0000e+00
      5.880      0.048   314.6929    10.8134     86.804 1.8761e+00      7.122     41.249  25.556850    11.0541     1.4023     5.9836   999.9868      8.363      5.766 0.0000e+00
      5.894      0.051   313.9772    10.7996     86.826 1.8533e+00      7.122     41.309  25.593611    11.0841     1.3378     5.9813   999.9870      8.381      5.779 0.0000e+00
      5.909      0.051   312.2394    10.7930     86.885 1.8465e+00      7.122     41.290  25.582192    11.1568     1.3752     5.9798   999.9871      8.403      5.794 0.0000e+00
      5.924      0.051   311.4908    10.8152     86.918 1.8213e+00      7.123     41.230  25.545542    11.2175     1.4444     5.9781   999.9873      8.428      5.811 0.0000e+00
      5.937      0.050   311.5508    10.8081     86.878 1.7995e+00      7.125     41.205  25.530781    11.2360     1.4236     5.9768   999.9874      8.446      5.823 0.0000e+00
      5.947      0.049   311.5018    10.8095     86.758 1.7924e+00      7.125     41.205  25.530479    11.3052     1.3965     5.9765   999.9874      8.457      5.831 0.0000e+00
      5.957      0.049   311.8459    10.8234     86.658 1.7740e+00      7.125     41.223  25.541879    11.4626     1.4240     5.9769   999.9875      8.470      5.841 0.0000e+00
      5.970      0.050   312.7002    10.8252     86.645 1.7484e+00      7.125     41.223  25.541859    11.5665     1.4500     5.9782   999.9874      8.492      5.855 0.0000e+00
      5.983      0.053   312.7960    10.8265     86.704 1.7302e+00      7.125     41.204  25.530240    11.5789     1.4369     5.9785   999.9875      8.510      5.867 0.0000e+00
      5.997      0.055   311.8863    10.8009     86.784 1.7132e+00      7.125     41.201  25.528154    11.5961     1.4024     5.9785   999.9876      8.526      5.879 0.0000e+00
      6.012      0.056   311.3368    10.7871     86.824 1.6922e+00      7.125     41.183  25.516639    11.6407     1.3749     5.9792   999.9876      8.551      5.896 0.0000e+00
      6.028      0.056   311.3151    10.7867     86.835 1.6707e+00      7.125     41.186  25.517783    11.6687     1.3779     5.9792   999.9877      8.577      5.914 0.0000e+00
      6.041      0.055   311.4514    10.7951     86.838 1.6470e+00      7.125     41.226  25.541981    11.6771     1.4039     5.9786   999.9878      8.592      5.925 0.0000e+00
      6.055      0.053   311.6094    10.8117     86.860 1.6260e+00      7.126     41.249  25.555696    11.6851     1.3815     5.9781   999.9879      8.610      5.937 0.0000e+00
      6.070      0.050   311.5038    10.8122     86.910 1.6150e+00      7.126     41.251  25.556839    11.7068     1.3462     5.9779   999.9879      8.635      5.954 0.0000e+00
      6.082      0.047   311.8095    10.8151     86.944 1.6041e+00      7.126     41.250  25.555800    11.7469     1.3530     5.9775   999.9880      8.652      5.966 0.0000e+00
      6.092      0.043   312.5525    10.8135     86.900 1.5898e+00      7.125     41.230  25.543125    11.7787     1.3609     5.9766   999.9881      8.665      5.974 0.0000e+00
      6.103      0.039   312.6567    10.8153     86.762 1.5764e+00      7.125     41.210  25.530355    11.7834     1.3744     5.9760   999.9882      8.680      5.985 0.0000e+00
      6.114      0.038   312.2957    10.8248     86.618 1.5548e+00      7.125     41.206  25.528155    11.6129     1.3108     5.9754   999.9883      8.697      5.996 0.0000e+00
      6.122      0.038   311.8867    10.8312     86.548 1.5394e+00      7.127     41.188  25.516527    11.2902     1.1729     5.9750   999.9883      8.710      6.005 0.0000e+00
      6.129      0.039   311.4982    10.8291     86.563 1.5331e+00      7.128     41.188  25.516527    11.1201     1.1072     5.9749   999.9883      8.717      6.009 0.0000e+00
      6.137      0.041   311.4700    10.8055     86.664 1.5098e+00      7.127     41.207  25.528153    11.0956     1.0970     5.9748   999.9883      8.727      6.017 0.0000e+00
      6.150      0.044   312.4051    10.7825     86.772 1.4746e+00      7.127     41.210  25.530342    10.9360     1.0831     5.9747   999.9884      8.747      6.031 0.0000e+00
      6.164      0.047   313.9436    10.7769     86.800 1.4531e+00      7.127     41.230  25.542990    10.6383     1.0762     5.9744   999.9885      8.768      6.045 0.0000e+00
      6.176      0.049   314.5842    10.7753     86.788 1.4577e+00      7.128     41.247  25.554314    10.4758     1.0823     5.9741   999.9886      8.785      6.058 0.0000e+00
      6.188      0.049   314.1284    10.7926     86.750 1.4525e+00      7.128     41.224  25.540497    10.4690     1.0879     5.9738   999.9887      8.801      6.068 0.0000e+00
      6.201      0.048   313.4224    10.8142     86.706 1.4243e+00      7.128     41.162  25.502687    10.5394     1.0758     5.9745   999.9887      8.819      6.080 0.0000e+00
      6.215      0.045   313.1032    10.8093     86.706 1.4027e+00      7.127     41.121  25.477447    10.6611     1.0733     5.9757   999.9887      8.840      6.095 0.0000e+00
      6.226      0.044   313.1946    10.8103     86.747 1.3888e+00      7.127     41.141  25.488848    10.7252     1.1254     5.9760   999.9888      8.856      6.106 0.0000e+00
      6.236      0.046   313.8394    10.8052     86.815 1.3776e+00      7.127     41.181  25.513773    10.7403     1.1933     5.9763   999.9888      8.870      6.116 0.0000e+00
      6.245      0.049   314.9625    10.7939     86.865 1.3833e+00      7.127     41.201  25.525286    10.7532     1.2114     5.9774   999.9888      8.884      6.126 0.0000e+00
      6.254      0.054   315.6744    10.7973     86.863 1.3847e+00      7.127     41.163  25.501294    10.7557     1.1731     5.9772   999.9888      8.894      6.132 0.0000e+00
      6.267      0.058   315.9081    10.8008     86.844 1.3468e+00      7.126     41.125  25.477208    10.7534     1.1059     5.9762   999.9889      8.909      6.142 0.0000e+00
      6.287      0.062   315.9806    10.8130     86.832 1.3038e+00      7.126     41.143  25.487589    10.7589     1.0819     5.9759   999.9890      8.941      6.165 0.0000e+00
      6.309      0.065   315.6908    10.8218     86.797 1.2829e+00      7.127     41.163  25.500058    10.7557     1.0887     5.9755   999.9892      8.977      6.190 0.0000e+00
      6.327      0.066   315.2434    10.8182     86.747 1.2650e+00      7.127     41.165  25.501202    10.7390     1.1530     5.9750   999.9893      9.002      6.206 0.0000e+00
      6.341      0.064   315.0458    10.8147     86.730 1.2454e+00      7.128     41.165  25.501419    10.7324     1.2793     5.9743   999.9893      9.018      6.217 0.0000e+00
      6.356      0.060   315.1089    10.8161     86.746 1.2279e+00      7.128     41.168  25.502685    10.7343     1.3173     5.9730   999.9894      9.037      6.231 0.0000e+00
      6.372      0.055   315.4892    10.8125     86.774 1.2143e+00      7.129     41.191  25.516504    10.7199     1.3398     5.9725   999.9895      9.063      6.249 0.0000e+00
      6.387      0.051   315.8583    10.8011     86.796 1.2095e+00      7.129     41.233  25.541744    10.5089     1.3117     5.9736   999.9896      9.086      6.265 0.0000e+00
      6.400      0.047   315.9578    10.8001     86.786 1.2006e+00      7.129     41.255  25.554326    10.1136     1.1492     5.9740   999.9896      9.103      6.276 0.0000e+00
      6.411      0.042   316.0911    10.8045     86.786 1.1864e+00      7.129     41.235  25.541859     9.9031     1.0830     5.9726   999.9897      9.119      6.288 0.0000e+00
      6.421      0.038   316.0932    10.8068     86.818 1.1789e+00      7.129     41.195  25.517773     9.9111     1.1264     5.9715   999.9898      9.133      6.298 0.0000e+00
      6.428      0.036   315.2089    10.8140     86.813 1.1659e+00      7.129     41.193  25.516631    10.1011     1.1609     5.9709   999.9899      9.143      6.304 0.0000e+00
      6.435      0.038   313.8313    10.8096     86.789 1.1455e+00      7.129     41.211  25.528051    10.4444     1.1579     5.9704   999.9899      9.151      6.310 0.0000e+00
      6.442      0.042   313.2884    10.8048     86.757 1.1287e+00      7.130     41.212  25.529089    10.6329     1.0902     5.9702   999.9900      9.161      6.317 0.0000e+00
      6.453      0.046   313.4633    10.8188     86.688 1.1107e+00      7.130     41.212  25.529183    10.6324     1.0595     5.9703   999.9900      9.174      6.326 0.0000e+00
      6.468      0.048   314.0519    10.8128     86.633 1.1004e+00      7.129     41.211  25.529192    10.4964     1.0950     5.9705   999.9901      9.199      6.343 0.0000e+00
      6.484      0.049   314.8137    10.8087     86.620 1.0879e+00      7.128     41.210  25.529195    10.2540     1.1088     5.9708   999.9902      9.225      6.361 0.0000e+00
      6.499      0.048   314.3280    10.8108     86.644 1.0628e+00      7.128     41.208  25.529212    10.1158     1.0906     5.9712   999.9902      9.244      6.374 0.0000e+00
      6.510      0.047   312.8252    10.7945     86.704 1.0518e+00      7.128     41.207  25.529411    10.1070     1.0792     5.9715   999.9903      9.260      6.385 0.0000e+00
