Data/DataNotYetUploadedToEDI/Raw_CTD/RawDownloads/121420_fcr50_0001.cnv
* Sea-Bird SBE19plus  Data File:
* FileName = C:\DATA\121420_fcr50_0001.hex
* Software version 2.8.0.119
* Temperature SN = 7809
* Conductivity SN = 7809
* System UpLoad Time = Dec 14 2020 18:29:08
* <ApplicationData>
* <Seaterm232>
# nquan = 16
# nvalues = 5523                        
# units = specified
# name 0 = depFM: Depth [fresh water, m]
# name 1 = dz/dtM: Descent Rate [m/s]
# name 2 = orp: Oxidation Reduction Potential [mV]
# name 3 = sbeox0Mg/L: Oxygen, SBE 43 [mg/l]
# name 4 = sbeox0PS: Oxygen, SBE 43 [% saturation]
# name 5 = par/sat/log: PAR/Logarithmic, Satlantic
# name 6 = ph: pH
# name 7 = specc: Specific Conductance [uS/cm]
# name 8 = c0uS/cm: Conductivity [uS/cm]
# name 9 = flECO-AFL: Fluorescence, WET Labs ECO-AFL/FL [mg/m^3]
# name 10 = turbWETntu0: Turbidity, WET Labs ECO [NTU]
# name 11 = tv290C: Temperature [ITS-90, deg C]
# name 12 = density00: Density [density, kg/m^3]
# name 13 = prdE: Pressure, Strain Gauge [psi]
# name 14 = prdM: Pressure, Strain Gauge [db]
# name 15 = flag:  0.000e+00
# span 0 =     -0.728,      9.730       
# span 1 =     -0.217,      0.202       
# span 2 =   176.8215,  1240.2295       
# span 3 =    -0.6021,    11.4490       
# span 4 =     -4.718,     95.008       
# span 5 = 1.2348e-01, 1.1427e+03       
# span 6 =     15.517,     16.350       
# span 7 =      1.334,    209.825       
# span 8 =   1.001802, 129.742682       
# span 9 =    -2.7308,     5.1473       
# span 10 =    -5.0433,   935.8410      
# span 11 =     5.6833,    12.6218      
# span 12 =   999.4277,  1000.0699      
# span 13 =     -1.036,     13.840      
# span 14 =     -0.714,      9.542      
# span 15 = 0.0000e+00, 0.0000e+00      
# interval = seconds: 0.25
# start_time = Dec 14 2020 00:20:56 [Instrument's time stamp, header]
# bad_flag = -9.990e-29
*END*
[from data line 995]
      6.190      0.045   340.9011    10.6795     85.606 9.3488e-01     15.895     35.286  21.942659     3.0104     2.9672     6.2374   999.9780      8.800      6.068 0.0000e+00
      6.199      0.036   341.1076    10.6308     85.509 9.2812e-01     15.896     35.332  21.956525     3.0233     2.8752     6.1799   999.9800      8.816      6.078 0.0000e+00
      6.208      0.030   341.0317    10.6203     85.296 9.2943e-01     15.897     35.387  21.982359     3.0731     2.8275     6.1473   999.9811      8.834      6.091 0.0000e+00
      6.213      0.029   340.8438    10.6307     85.062 9.3422e-01     15.897     35.422  22.001331     3.1164     2.8712     6.1180   999.9821      8.836      6.092 0.0000e+00
      6.219      0.033   340.6419    10.6303     84.915 9.3672e-01     15.896     35.408  21.995670     3.1280     2.9228     6.0894   999.9831      8.843      6.097 0.0000e+00
      6.228      0.038   340.4840    10.6341     84.796 9.3365e-01     15.895     35.366  21.977326     3.1653     2.9361     6.0657   999.9839      8.859      6.108 0.0000e+00
      6.236      0.043   340.4827    10.6031     84.697 9.1204e-01     15.895     35.345  21.969790     3.2436     2.9640     6.0555   999.9843      8.866      6.113 0.0000e+00
      6.247      0.051   340.7122    10.5643     84.596 8.8554e-01     15.896     35.346  21.967975     3.3013     3.0200     6.0524   999.9845      8.881      6.123 0.0000e+00
      6.263      0.058   341.0226    10.5570     84.474 8.7346e-01     15.897     35.342  21.955387     3.3294     3.0287     6.0541   999.9845      8.911      6.144 0.0000e+00
      6.278      0.063   341.0521    10.5330     84.434 8.6210e-01     15.899     35.353  21.944415     3.3261     3.0008     6.0718   999.9840      8.930      6.156 0.0000e+00
      6.294      0.065   340.8101    10.5177     84.432 8.4492e-01     15.900     35.412  21.962132     3.2519     2.9910     6.0835   999.9836      8.948      6.168 0.0000e+00
      6.318      0.066   340.5922    10.5160     84.427 8.3380e-01     15.899     35.458  21.979323     3.1567     2.9791     6.0755   999.9841      8.987      6.196 0.0000e+00
      6.338      0.066   340.4829    10.4871     84.471 8.3192e-01     15.899     35.438  21.962009     3.1284     2.9941     6.0650   999.9845      9.023      6.221 0.0000e+00
      6.348      0.062   340.4344    10.4986     84.507 8.2166e-01     15.899     35.417  21.943036     3.1386     3.0354     6.0373   999.9854      9.027      6.224 0.0000e+00
      6.360      0.056   340.5221    10.5123     84.521 8.0137e-01     15.899     35.419  21.940169     3.1378     2.9976     6.0010   999.9866      9.037      6.232 0.0000e+00
      6.381      0.050   340.5961    10.5034     84.471 7.8968e-01     15.900     35.401  21.927335     3.1472     2.9494     5.9889   999.9871      9.082      6.261 0.0000e+00
      6.396      0.045   340.4695    10.5222     84.382 7.9462e-01     15.900     35.386  21.914699     3.1667     3.0017     5.9860   999.9873      9.106      6.278 0.0000e+00
      6.401      0.041   340.4545    10.5226     84.352 8.0653e-01     15.900     35.393  21.914221     3.1721     3.0120     5.9756   999.9877      9.101      6.275 0.0000e+00
      6.409      0.036   340.6725    10.5320     84.334 8.0756e-01     15.899     35.410  21.921550     3.1846     2.9375     5.9692   999.9879      9.113      6.283 0.0000e+00
      6.419      0.031   340.7828    10.5268     84.273 7.9923e-01     15.899     35.446  21.939895     3.2127     2.9243     5.9699   999.9879      9.135      6.297 0.0000e+00
      6.426      0.028   340.6698    10.5036     84.138 7.8424e-01     15.899     35.465  21.945774     3.2356     2.9893     5.9647   999.9880      9.140      6.302 0.0000e+00
      6.433      0.026   340.5106    10.5132     83.962 7.7263e-01     15.899     35.444  21.929203     3.2603     3.0366     5.9555   999.9883      9.146      6.306 0.0000e+00
      6.442      0.023   340.3202    10.5097     83.849 7.8237e-01     15.899     35.445  21.929784     3.3111     3.0157     5.9536   999.9885      9.163      6.319 0.0000e+00
      6.448      0.021   340.1746    10.5066     83.845 7.9600e-01     15.900     35.478  21.952806     3.3836     2.9431     5.9482   999.9888      9.173      6.325 0.0000e+00
      6.450      0.021   340.1271    10.4932     83.930 7.9095e-01     15.900     35.474  21.953894     3.4309     2.9140     5.9363   999.9891      9.172      6.324 0.0000e+00
      6.451      0.022   340.0045    10.4636     84.001 7.7189e-01     15.900     35.453  21.942934     3.4437     2.9728     5.9311   999.9892      9.175      6.326 0.0000e+00
      6.455      0.022   340.2405    10.4500     83.950 7.6306e-01     15.900     35.461  21.947136     3.4056     3.0008     5.9328   999.9892      9.179      6.329 0.0000e+00
      6.464      0.023   340.8297    10.4470     83.807 7.7187e-01     15.900     35.452  21.941277     3.3127     2.9439     5.9360   999.9891      9.190      6.336 0.0000e+00
      6.475      0.026   340.9333    10.4621     83.751 7.7706e-01     15.900     35.441  21.935512     3.2462     2.9032     5.9427   999.9890      9.212      6.351 0.0000e+00
      6.482      0.029   340.8045    10.4758     83.842 7.6864e-01     15.901     35.448  21.940847     3.2407     2.9549     5.9474   999.9888      9.223      6.359 0.0000e+00
      6.485      0.031   340.9071    10.4705     83.941 7.5800e-01     15.901     35.450  21.942377     3.2552     3.0199     5.9443   999.9889      9.222      6.358 0.0000e+00
      6.489      0.032   340.7973    10.4404     83.937 7.5122e-01     15.901     35.468  21.954003     3.3360     3.0018     5.9427   999.9890      9.227      6.362 0.0000e+00
      6.499      0.032   340.4238    10.4285     83.856 7.3844e-01     15.901     35.467  21.954580     3.4933     2.9772     5.9453   999.9890      9.242      6.373 0.0000e+00
      6.512      0.031   340.7789    10.4506     83.811 7.2536e-01     15.901     35.457  21.949348     3.5729     2.9971     5.9473   999.9890      9.263      6.386 0.0000e+00
      6.523      0.028   341.8205    10.4674     83.873 7.2170e-01     15.901     35.462  21.954169     3.5742     3.0023     5.9471   999.9891      9.280      6.397 0.0000e+00
      6.530      0.023   342.2640    10.4661     84.029 7.2921e-01     15.900     35.452  21.949462     3.5752     2.9707     5.9471   999.9891      9.291      6.406 0.0000e+00
      6.534      0.017   342.1830    10.4480     84.209 7.3728e-01     15.899     35.461  21.955847     3.5469     2.9240     5.9488   999.9891      9.296      6.409 0.0000e+00
      6.535      0.011   342.1319    10.4390     84.329 7.3164e-01     15.899     35.479  21.967959     3.5182     2.9183     5.9502   999.9890      9.295      6.409 0.0000e+00
      6.536      0.006   341.9900    10.4477     84.358 7.2179e-01     15.900     35.478  21.969064     3.5240     2.9364     5.9524   999.9890      9.296      6.409 0.0000e+00
      6.536      0.003   341.6718    10.4685     84.308 7.1494e-01     15.901     35.474  21.969216     3.5312     2.9367     5.9554   999.9889      9.297      6.410 0.0000e+00
      6.536      0.002   341.3816    10.4965     84.246 7.1722e-01     15.901     35.470  21.969797     3.5193     2.9222     5.9567   999.9889      9.297      6.410 0.0000e+00
      6.537      0.002   341.4923    10.5110     84.239 7.3208e-01     15.901     35.473  21.976087     3.5038     2.8978     5.9574   999.9888      9.298      6.410 0.0000e+00
      6.537      0.003   341.8922    10.5145     84.289 7.4274e-01     15.900     35.471  21.981861     3.5065     2.9172     5.9606   999.9887      9.298      6.410 0.0000e+00
      6.537      0.004   342.1737    10.5040     84.379 7.4172e-01     15.900     35.451  21.976200     3.5136     2.9843     5.9648   999.9886      9.298      6.410 0.0000e+00
      6.538      0.005   342.3144    10.4896     84.447 7.3600e-01     15.899     35.437  21.971064     3.4942     3.0228     5.9667   999.9885      9.299      6.411 0.0000e+00
      6.541      0.006   342.3884    10.4920     84.496 7.2760e-01     15.899     35.454  21.983180     3.4634     3.0047     5.9716   999.9884      9.303      6.414 0.0000e+00
      6.544      0.006   342.4669    10.4904     84.522 7.2446e-01     15.899     35.471  21.995863     3.4563     3.0062     5.9850   999.9880      9.309      6.417 0.0000e+00
      6.545      0.005   342.4885    10.5065     84.467 7.2926e-01     15.899     35.470  21.997582     3.5129     3.0751     5.9960   999.9877      9.310      6.418 0.0000e+00
      6.545      0.004   341.9615    10.5124     84.438 7.4187e-01     15.898     35.475  22.003967     3.6134     3.1513     5.9995   999.9876      9.309      6.419 0.0000e+00
      6.546      0.002   341.1710    10.5130     84.452 7.5348e-01     15.898     35.477  22.009646     3.6606     3.1721     6.0013   999.9875      9.311      6.419 0.0000e+00
      6.546      0.001   340.9318    10.5297     84.466 7.5413e-01     15.899     35.460  22.002833     3.6544     3.1551     6.0028   999.9875      9.311      6.419 0.0000e+00
      6.546      0.001   341.0480    10.5065     84.511 7.5124e-01     15.899     35.426  21.985003     3.6430     3.1172     6.0057   999.9874      9.310      6.419 0.0000e+00
      6.546      0.001   341.2856    10.5031     84.504 7.4871e-01     15.898     35.420  21.984327     3.5698     3.0224     6.0118   999.9872      9.311      6.419 0.0000e+00
      6.547      0.001   341.6546    10.5108     84.454 7.5628e-01     15.897     35.428  21.994667     3.4466     2.9362     6.0192   999.9870      9.312      6.420 0.0000e+00
      6.547      0.001   341.8964    10.4996     84.479 7.6360e-01     15.897     35.395  21.983192     3.3934     2.9330     6.0239   999.9868      9.312      6.420 0.0000e+00
      6.547      0.001   341.7998    10.5170     84.581 7.5607e-01     15.897     35.361  21.972422     3.4036     2.9835     6.0273   999.9867      9.311      6.420 0.0000e+00
      6.547      0.000   340.9164    10.5135     84.705 7.5463e-01     15.896     35.377  21.991288     3.3893     3.0327     6.0315   999.9866      9.312      6.420 0.0000e+00
      6.547 2.2015e-08   339.7330    10.4948     84.792 7.7090e-01     15.896     35.409  22.021068     3.3345     3.0123     6.0370   999.9864      9.312      6.420 0.0000e+00
      6.547 2.4216e-07   339.3651    10.4989     84.810 7.8086e-01     15.896     35.376  22.015406     3.2937     2.9435     6.0509   999.9859      9.313      6.421 0.0000e+00
      6.547 6.1471e-07   339.4794    10.5068     84.782 7.7343e-01     15.896     35.303  21.986264     3.2972     2.9214     6.0697   999.9853      9.313      6.421 0.0000e+00
      6.547      0.000   339.6520    10.5237     84.759 7.6585e-01     15.895     35.278  21.985809     3.2998     2.9854     6.0799   999.9850      9.312      6.420 0.0000e+00
      6.547      0.000   339.9896    10.5332     84.780 7.6370e-01     15.894     35.302  22.009928     3.2776     3.0306     6.0896   999.9846      9.312      6.420 0.0000e+00
      6.547      0.001   340.2060    10.5278     84.871 7.6576e-01     15.894     35.323  22.024218     3.2586     2.9881     6.1141   999.9839      9.313      6.421 0.0000e+00
      6.547      0.001   340.0316    10.5146     84.999 7.6696e-01     15.894     35.344  22.031755     3.2501     2.9525     6.1397   999.9830      9.313      6.421 0.0000e+00
      6.548      0.001   339.6012    10.5048     85.058 7.6300e-01     15.895     35.364  22.037635     3.2516     2.9771     6.1608   999.9823      9.313      6.421 0.0000e+00
      6.548      0.001   339.3044    10.5017     85.043 7.6240e-01     15.895     35.364  22.031895     3.2682     3.0103     6.1782   999.9817      9.314      6.421 0.0000e+00
      6.548      0.001   339.1960    10.5119     85.021 7.6827e-01     15.894     35.360  22.025753     3.2689     2.9766     6.1777   999.9818      9.314      6.422 0.0000e+00
      6.548      0.001   339.1507    10.5406     85.061 7.7197e-01     15.894     35.365  22.026795     3.2606     2.9473     6.1664   999.9821      9.314      6.422 0.0000e+00
      6.549      0.001   339.1876    10.5489     85.200 7.7074e-01     15.894     35.389  22.044492     3.3776     2.9996     6.1553   999.9825      9.315      6.423 0.0000e+00
      6.549      0.001   339.2976    10.5451     85.353 7.6402e-01     15.893     35.379  22.049479     3.5956     3.0242     6.1481   999.9828      9.315      6.423 0.0000e+00
      6.550      0.001   339.4478    10.5418     85.474 7.5787e-01     15.893     35.309  22.023680     3.7036     2.9704     6.1441   999.9829      9.316      6.423 0.0000e+00
      6.550      0.001   339.7997    10.5425     85.592 7.6632e-01     15.892     35.322  22.049658     3.7102     2.9330     6.1392   999.9831      9.316      6.423 0.0000e+00
      6.550      0.000   340.1972    10.5677     85.669 7.7771e-01     15.891     35.389  22.109930     3.7042     2.9504     6.1395   999.9831      9.315      6.422 0.0000e+00
      6.550 1.8628e-08   340.2958    10.5844     85.703 7.8501e-01     15.890     35.371  22.118268     3.6602     2.9740     6.1573   999.9825      9.317      6.424 0.0000e+00
      6.550 2.0490e-07   340.3036    10.5861     85.773 7.8605e-01     15.889     35.295  22.087065     3.5786     2.9775     6.1863   999.9814      9.316      6.423 0.0000e+00
      6.550 2.0490e-07   340.2906    10.5992     85.864 7.7668e-01     15.889     35.218  22.049760     3.5182     2.9594     6.2102   999.9806      9.316      6.423 0.0000e+00
      6.550 1.8628e-08   340.1392    10.6027     85.876 7.8027e-01     15.888     35.202  22.047733     3.5016     2.9613     6.2361   999.9798      9.316      6.423 0.0000e+00
      6.550 1.6959e-09   340.0219    10.5924     85.838 7.9955e-01     15.888     35.210  22.062561     3.4740     3.0000     6.2669   999.9787      9.316      6.423 0.0000e+00
      6.550 1.8194e-10   340.5072    10.5937     85.838 8.0729e-01     15.888     35.155  22.038802     3.4220     3.0152     6.2913   999.9778      9.316      6.423 0.0000e+00
      6.550 3.2189e-10   341.4464    10.6117     85.885 7.9524e-01     15.888     35.100  22.014142     3.3977     2.9738     6.3046   999.9772      9.316      6.423 0.0000e+00
      6.550 3.3881e-09   341.8284    10.6073     85.985 7.7942e-01     15.888     35.098  22.018086     3.4007     2.9456     6.3134   999.9770      9.317      6.424 0.0000e+00
      6.550 3.7255e-08   341.7700    10.5912     86.054 7.7295e-01     15.887     35.104  22.023075     3.4958     2.9839     6.3264   999.9766      9.316      6.423 0.0000e+00
      6.550 4.0981e-07   341.7730    10.5920     86.061 7.7331e-01     15.886     35.090  22.011055     3.6889     2.9903     6.3443   999.9759      9.317      6.424 0.0000e+00
      6.550      0.000   341.6059    10.5872     86.109 7.7426e-01     15.887     35.086  21.999581     3.7907     2.9541     6.3602   999.9753      9.317      6.424 0.0000e+00
      6.550      0.000   341.2983    10.6051     86.163 7.7727e-01     15.888     35.129  22.011170     3.7821     2.9586     6.3679   999.9750      9.317      6.424 0.0000e+00
      6.550      0.001   341.2376    10.6182     86.109 7.8877e-01     15.890     35.183  22.024323     3.7185     2.9758     6.3690   999.9749      9.317      6.423 0.0000e+00
      6.550      0.001   341.5599    10.6071     85.954 7.9239e-01     15.890     35.228  22.031757     3.6031     2.9896     6.3646   999.9751      9.316      6.424 0.0000e+00
      6.551      0.001   342.0979    10.6219     85.822 7.8352e-01     15.891     35.261  22.037617     3.5311     2.9878     6.3532   999.9755      9.318      6.425 0.0000e+00
      6.551      0.001   342.4075    10.6410     85.751 7.8755e-01     15.892     35.266  22.031749     3.5350     2.9547     6.3305   999.9764      9.318      6.424 0.0000e+00
