Data/DataNotYetUploadedToEDI/Raw_CTD/RawDownloads/121421_fcr50.cnv
* Sea-Bird SBE19plus  Data File:
* FileName = C:\R\Reservoirs\Data\DataNotYetUploadedToEDI\Raw_CTD\RawDownloads\121421_fcr50_0001_0001.hex
* Software version 2.8.0.119
* Temperature SN = 7809
* Conductivity SN = 7809
* System UpLoad Time = Dec 14 2021 15:36:19
* <ApplicationData>
* <Seaterm232>
# nquan = 16
# nvalues = 1886                        
# units = specified
# name 0 = depFM: Depth [fresh water, m]
# name 1 = dz/dtM: Descent Rate [m/s]
# name 2 = orp: Oxidation Reduction Potential [mV]
# name 3 = sbeox0Mg/L: Oxygen, SBE 43 [mg/l]
# name 4 = sbeox0PS: Oxygen, SBE 43 [% saturation]
# name 5 = par/sat/log: PAR/Logarithmic, Satlantic
# name 6 = ph: pH
# name 7 = specc: Specific Conductance [uS/cm]
# name 8 = c0uS/cm: Conductivity [uS/cm]
# name 9 = flECO-AFL: Fluorescence, WET Labs ECO-AFL/FL [mg/m^3]
# name 10 = turbWETntu0: Turbidity, WET Labs ECO [NTU]
# name 11 = tv290C: Temperature [ITS-90, deg C]
# name 12 = density00: Density [density, kg/m^3]
# name 13 = prdE: Pressure, Strain Gauge [psi]
# name 14 = prdM: Pressure, Strain Gauge [db]
# name 15 = flag:  0.000e+00
# span 0 =     -0.535,      9.929       
# span 1 =     -0.199,      3.079       
# span 2 = -1240.7455,  1240.1905       
# span 3 =     0.2371,    11.4618       
# span 4 =      2.085,     92.403       
# span 5 = 1.2362e-01, 1.5503e+03       
# span 6 =     -2.524,      7.149       
# span 7 =      0.053,    452.833       
# span 8 =   0.047076, 301.213017       
# span 9 =    -1.3417,    13.2537       
# span 10 =    -9.9141,   499.7474      
# span 11 =     5.9488,    19.5878      
# span 12 =   998.2947,  1000.1205      
# span 13 =     -0.762,     14.123      
# span 14 =     -0.525,      9.738      
# span 15 = 0.0000e+00, 0.0000e+00      
# interval = seconds: 0.25
# start_time = Dec 14 2021 10:45:36 [Instrument's time stamp, header]
# bad_flag = -9.990e-29
*END*
[from data line 1176]
      9.913     -0.003   313.5453     6.9228     43.233 1.2371e-01      7.135    351.867 219.734350     7.4091     1.0882     6.2201  1000.1107     14.100      9.721 0.0000e+00
      9.911     -0.003   312.9977     6.6416     38.828 1.2373e-01      7.136    354.270 221.244646     7.6461     1.1667     6.2202  1000.1117     14.097      9.719 0.0000e+00
      9.909     -0.003   313.7947     6.2914     34.640 1.2367e-01      7.136    356.277 222.509922     8.0657     1.2606     6.2205  1000.1118     14.094      9.717 0.0000e+00
      9.908     -0.003   313.5452     5.8793     31.057 1.2362e-01      7.135    357.863 223.513120     8.2962     1.2667     6.2214  1000.1124     14.093      9.717 0.0000e+00
      9.908     -0.002   314.7996     5.3644     28.007 1.2370e-01      7.135    359.389 224.477982     8.3275     1.2750     6.2224  1000.1131     14.093      9.717 0.0000e+00
      9.908     -0.001   317.9471     4.7901     25.253 1.2376e-01      7.135    361.066 225.535309     8.3021     1.3605     6.2238  1000.1142     14.093      9.717 0.0000e+00
      9.908     -0.000   318.5629     4.2486     22.617 1.2374e-01      7.135    362.807 226.631901     8.2391     1.4126     6.2256  1000.1149     14.093      9.717 0.0000e+00
      9.908 -2.804e-08   315.8774     3.8170     20.066 1.2372e-01      7.135    364.278 227.558958     8.1981     1.4276     6.2275  1000.1154     14.093      9.717 0.0000e+00
      9.909 -3.085e-07   314.0425     3.4505     17.804 1.2372e-01      7.136    365.139 228.102347     8.1892     1.4383     6.2290  1000.1158     14.093      9.717 0.0000e+00
      9.909     -0.000   313.7582     3.1164     15.888 1.2377e-01      7.136    365.513 228.336739     8.1654     1.4063     6.2304  1000.1165     14.093      9.717 0.0000e+00
      9.909     -0.000   312.6121     2.7982     14.086 1.2387e-01      7.136    365.839 228.536449     8.1101     1.3473     6.2316  1000.1171     14.093      9.717 0.0000e+00
      9.909     -0.000   312.3162     2.4650     12.251 1.2388e-01      7.135    366.255 228.788512     8.0696     1.3067     6.2328  1000.1177     14.093      9.717 0.0000e+00
      9.909     -0.001   314.9132     2.1802     10.341 1.2382e-01      7.135    366.842 229.143702     8.0591     1.2903     6.2338  1000.1180     14.094      9.717 0.0000e+00
      9.908     -0.003   318.3715     1.9629      8.447 1.2375e-01      7.136    367.748 229.693996     8.0746     1.2855     6.2339  1000.1180     14.093      9.717 0.0000e+00
      9.908     -0.007   319.6285     1.7431      6.855 1.2369e-01      7.136    368.782 230.320268     8.1068     1.2834     6.2333  1000.1182     14.093      9.717 0.0000e+00
      9.907     -0.017   319.1846     1.5172      5.630 1.2371e-01      7.136    369.629 230.825713     8.1242     1.2984     6.2322  1000.1183     14.093      9.717 0.0000e+00
      9.904     -0.033   318.5113     1.2834      4.585 1.2377e-01      7.135    370.366 231.259470     8.1099     1.3650     6.2307  1000.1186     14.089      9.714 0.0000e+00
      9.899     -0.057   316.9081     1.0271      3.666 1.2380e-01      7.134    371.151 231.723142     7.7754     1.3712     6.2285  1000.1190     14.083      9.709 0.0000e+00
      9.888     -0.086   315.0289     0.8264      2.901 1.2387e-01      7.133    371.859 232.142000     7.1268     1.2364     6.2258  1000.1195     14.070      9.700 0.0000e+00
      9.865     -0.112   314.6331     0.6934      2.372 1.2397e-01      7.133    372.131 232.289969     6.7593     1.1357     6.2226  1000.1198     14.040      9.681 0.0000e+00
      9.827     -0.130   314.8751     0.5607      2.217 1.2396e-01      7.133    371.661 231.975478     6.7275     1.1447     6.2189  1000.1200     13.985      9.643 0.0000e+00
      9.776     -0.138   314.8574     0.4472      2.398 1.2383e-01      7.133    370.487 231.220847     6.8005     1.1399     6.2152  1000.1202     13.904      9.587 0.0000e+00
      9.725     -0.137   316.3122     0.3512      2.728 1.2373e-01      7.133    368.697 230.080840     6.9265     1.0785     6.2121  1000.1203     13.825      9.531 0.0000e+00
      9.689     -0.128   318.6988     0.2738      3.058 1.2372e-01      7.133    366.097 228.435797     6.9862     1.0509     6.2093  1000.1205     13.772      9.495 0.0000e+00
      9.668     -0.115   319.3644     0.2581      3.326 1.2377e-01      7.133    362.210 225.991504     6.9817     1.0797     6.2065  1000.1202     13.749      9.480 0.0000e+00
      9.651     -0.102   319.0259     0.2917      3.530 1.2377e-01      7.133    355.382 221.715818     6.9707     1.0845     6.2035  1000.1199     13.731      9.467 0.0000e+00
      9.628     -0.095   319.1660     0.3380      3.652 1.2380e-01      7.133    339.015 211.492058     6.9456     1.0749     6.2003  1000.1190     13.697      9.443 0.0000e+00
      9.602     -0.096   318.1330     0.3819      3.645 1.2387e-01      7.133    306.039 190.907572     6.9028     1.1007     6.1972  1000.1184     13.654      9.414 0.0000e+00
      9.577     -0.102   316.6030     0.4144      3.517 1.2384e-01      7.134    246.051 153.476749     6.8783     1.1227     6.1945  1000.1164     13.622      9.392 0.0000e+00
      9.552     -0.107   316.6699     0.4387      3.302 1.2375e-01      7.134    165.254 103.071798     6.8823     1.1363     6.1924  1000.1154     13.590      9.370 0.0000e+00
      9.523     -0.107   317.1347     0.4594      3.052 1.2372e-01      7.134    104.223  65.000021     6.9833     1.2312     6.1906  1000.1097     13.546      9.340 0.0000e+00
      9.491     -0.105   317.0608     0.4557      2.777 1.2375e-01      7.134     75.230  46.911278     7.1766     1.3810     6.1886  1000.0982     13.497      9.306 0.0000e+00
      9.462     -0.102   316.8950     0.4397      2.484 1.2379e-01      7.133     57.534  35.862663     7.2804     1.4100     6.1860  1000.0781     13.455      9.277 0.0000e+00
      9.437     -0.098   316.8509     0.4101      2.246 1.2376e-01      7.133     47.424  29.540094     7.2891     1.3436     6.1836  1000.0376     13.422      9.254 0.0000e+00
      9.414     -0.093   316.7856     0.3777      2.085 1.2371e-01      7.133     44.349  27.605588     7.3650     1.3637     6.1813  1000.0140     13.390      9.232 0.0000e+00
      9.393     -0.088   316.7941     0.3483      2.188 1.2370e-01      7.133     43.181  26.862957     7.5075     1.4152     6.1788  1000.0101     13.359      9.211 0.0000e+00
      9.373     -0.086   317.1251     0.3019      3.455 1.2373e-01      7.132     42.550  26.456048     7.5798     1.3842     6.1655  1000.0018     13.332      9.192 0.0000e+00
      9.351     -0.085   318.2930     0.2777      7.780 1.2383e-01      7.132     42.215  26.235274     7.5728     1.3306     6.1401   999.9998     13.302      9.171 0.0000e+00
      9.328     -0.085   319.7291     0.2532     16.756 1.2388e-01      7.133     42.110  26.158518     7.5231     1.2792     6.1199  1000.0001     13.268      9.148 0.0000e+00
      9.306     -0.087   320.0341     0.2371     29.878 1.2383e-01      7.133     42.027  26.098436     7.4447     1.2410     6.1034   999.9999     13.236      9.125 0.0000e+00
      9.285     -0.092   319.8297     0.3003     44.826 1.2379e-01      7.133     41.903  26.015891     7.4080     1.2790     6.0867  1000.0004     13.206      9.105 0.0000e+00
      9.265     -0.099   319.6675     0.7331     58.766 1.2377e-01      7.133     41.757  25.921076     7.3867     1.3291     6.0715  1000.0006     13.179      9.087 0.0000e+00
      9.242     -0.107   319.4497     1.8873     69.792 1.2373e-01      7.134     41.627  25.839402     7.1544     1.3342     6.0576  1000.0010     13.149      9.066 0.0000e+00
      9.213     -0.116   320.3800     3.6297     77.627 1.2367e-01      7.134     41.546  25.788977     6.7469     1.3405     6.0477  1000.0011     13.107      9.037 0.0000e+00
      9.180     -0.124   322.2257     5.6253     82.615 1.2366e-01      7.133     41.490  25.755081     6.5380     1.3374     6.0408  1000.0011     13.059      9.004 0.0000e+00
      9.143     -0.129   323.1807     7.4587     85.115 1.2366e-01      7.133     41.475  25.746478     6.5422     1.3312     6.0364  1000.0010     13.004      8.966 0.0000e+00
      9.106     -0.131   323.3232     8.8191     85.889 1.2366e-01      7.133     41.477  25.748342     6.6899     1.3327     6.0342  1000.0009     12.949      8.928 0.0000e+00
      9.072     -0.129   323.3470     9.7699     85.879 1.2373e-01      7.133     41.424  25.714235     6.9499     1.3556     6.0348  1000.0006     12.902      8.895 0.0000e+00
      9.041     -0.121   322.9524    10.3898     85.766 1.2377e-01      7.133     41.328  25.651008     7.0899     1.4029     6.0367  1000.0004     12.860      8.867 0.0000e+00
      9.010     -0.109   322.4227    10.6583     85.835 1.2375e-01      7.133     41.280  25.617687     7.1091     1.3928     6.0377  1000.0003     12.817      8.837 0.0000e+00
      8.979     -0.095   322.9657    10.7096     86.040 1.2375e-01      7.133     41.304  25.628258     7.1163     1.3360     6.0385  1000.0001     12.768      8.803 0.0000e+00
      8.954     -0.084   324.2696    10.6797     86.242 1.2370e-01      7.134     41.348  25.652057     7.1931     1.2967     6.0370  1000.0000     12.728      8.776 0.0000e+00
      8.938     -0.076   324.9375    10.6521     86.267 1.2369e-01      7.134     41.351  25.651917     7.3546     1.2937     6.0325  1000.0000     12.711      8.763 0.0000e+00
      8.928     -0.071   325.1050    10.6722     86.032 1.2381e-01      7.134     41.312  25.626564     7.4457     1.3342     6.0279  1000.0001     12.700      8.756 0.0000e+00
      8.915     -0.072   325.3476    10.6996     85.586 1.2389e-01      7.134     41.271  25.599040     7.4540     1.3422     6.0227  1000.0002     12.682      8.744 0.0000e+00
      8.897     -0.082   325.4621    10.7398     85.083 1.2380e-01      7.134     41.231  25.572651     7.4303     1.2527     6.0175  1000.0003     12.658      8.727 0.0000e+00
      8.876     -0.096   325.3704    10.7443     84.678 1.2369e-01      7.133     41.214  25.561031     7.3757     1.1752     6.0156  1000.0003     12.628      8.707 0.0000e+00
      8.850     -0.110   325.1856    10.7146     84.405 1.2367e-01      7.132     41.255  25.585305     7.3434     1.1900     6.0143  1000.0002     12.592      8.681 0.0000e+00
      8.817     -0.120   324.9489    10.6526     84.258 1.2369e-01      7.132     41.300  25.612612     7.3312     1.1933     6.0114  1000.0001     12.543      8.649 0.0000e+00
      8.778     -0.125   325.0034    10.5792     84.173 1.2368e-01      7.133     41.341  25.637670     7.2443     1.1806     6.0095   999.9999     12.486      8.609 0.0000e+00
      8.741     -0.124   325.2426    10.5333     84.118 1.2366e-01      7.134     41.436  25.698129     7.0839     1.2412     6.0088   999.9998     12.430      8.570 0.0000e+00
      8.709     -0.117   325.6044    10.4950     84.067 1.2371e-01      7.135     41.451  25.709796     6.9979     1.3120     6.0079   999.9997     12.385      8.539 0.0000e+00
      8.681     -0.107   326.1944    10.4838     83.942 1.2399e-01      7.135     41.354  25.651981     7.0030     1.3529     6.0069   999.9996     12.346      8.512 0.0000e+00
      8.656     -0.095   326.5248    10.4740     83.763 1.2635e-01      7.134     41.322  25.632919     7.0465     1.3596     6.0064   999.9994     12.310      8.487 0.0000e+00
      8.634     -0.083   325.8138    10.4654     83.639 1.2847e-01      7.134     41.383  25.669466     7.1151     1.3256     6.0071   999.9994     12.281      8.467 0.0000e+00
      8.614     -0.072   324.4808    10.4656     83.632 1.2637e-01      7.133     41.457  25.713567     7.1502     1.3173     6.0106   999.9992     12.251      8.447 0.0000e+00
      8.596     -0.062   324.0022    10.4479     83.753 1.2407e-01      7.133     41.475  25.722462     7.1552     1.3618     6.0147   999.9989     12.224      8.428 0.0000e+00
      8.581     -0.052   324.0712    10.4173     83.944 1.2399e-01      7.134     41.465  25.713630     7.1675     1.3850     6.0149   999.9989     12.204      8.415 0.0000e+00
      8.570     -0.047   324.3685    10.4020     84.123 1.2416e-01      7.134     41.501  25.733545     7.1730     1.3242     6.0126   999.9989     12.186      8.403 0.0000e+00
      8.561     -0.045   325.1870    10.3997     84.245 1.2406e-01      7.134     41.568  25.773095     7.1645     1.2759     6.0110   999.9989     12.173      8.393 0.0000e+00
      8.556     -0.046   325.6220    10.4179     84.290 1.2392e-01      7.133     41.734  25.874915     7.1636     1.3134     6.0084   999.9990     12.171      8.392 0.0000e+00
      8.547     -0.049   324.9816    10.4493     84.307 1.2422e-01      7.133     41.858  25.950513     7.1792     1.3675     6.0045   999.9991     12.162      8.386 0.0000e+00
      8.531     -0.053   323.8971    10.4703     84.283 1.2820e-01      7.134     41.719  25.863163     7.3364     1.3835     6.0017   999.9991     12.135      8.367 0.0000e+00
      8.511     -0.058   323.4364    10.4918     84.226 1.3425e-01      7.134     41.569  25.769514     7.6252     1.3713     5.9996   999.9991     12.105      8.346 0.0000e+00
      8.494     -0.063   323.4549    10.4903     84.226 1.3434e-01      7.133     41.569  25.768961     7.7740     1.3556     5.9981   999.9991     12.081      8.329 0.0000e+00
      8.481     -0.067   323.5193    10.4952     84.266 1.3346e-01      7.133     41.607  25.793093     7.7956     1.3649     5.9970   999.9992     12.063      8.317 0.0000e+00
      8.467     -0.071   323.9570    10.4966     84.295 1.3872e-01      7.133     41.630  25.807767     7.9107     1.3471     5.9956   999.9991     12.045      8.305 0.0000e+00
      8.449     -0.074   324.6176    10.4773     84.258 1.3960e-01      7.132     41.648  25.819610     8.1094     1.2780     5.9943   999.9990     12.019      8.287 0.0000e+00
      8.428     -0.077   324.7089    10.4850     84.164 1.3773e-01      7.132     41.632  25.809521     8.2167     1.2465     5.9938   999.9989     11.988      8.265 0.0000e+00
      8.405     -0.079   324.1999    10.4889     84.110 1.4664e-01      7.132     41.537  25.749161     8.2174     1.2389     5.9944   999.9988     11.955      8.243 0.0000e+00
      8.381     -0.079   323.7980    10.4958     84.123 1.4902e-01      7.132     41.497  25.723639     8.1101     1.1860     5.9957   999.9986     11.921      8.219 0.0000e+00
      8.361     -0.076   323.8077    10.4934     84.194 1.3756e-01      7.132     41.547  25.754465     7.9100     1.1191     5.9964   999.9985     11.890      8.197 0.0000e+00
      8.343     -0.070   323.8867    10.4714     84.292 1.3544e-01      7.134     41.527  25.741584     7.7960     1.0791     5.9954   999.9985     11.867      8.181 0.0000e+00
      8.325     -0.064   323.8069    10.4687     84.389 1.5017e-01      7.135     41.454  25.694650     7.7970     1.0783     5.9940   999.9984     11.841      8.164 0.0000e+00
      8.310     -0.061   323.8749    10.4685     84.463 1.6193e-01      7.134     41.457  25.694056     7.8797     1.1777     5.9923   999.9983     11.816      8.148 0.0000e+00
      8.298     -0.060   324.5377    10.4801     84.488 1.5523e-01      7.134     41.522  25.734406     8.0055     1.3242     5.9925   999.9983     11.802      8.138 0.0000e+00
      8.287     -0.059   325.3672    10.4936     84.514 1.5528e-01      7.134     41.527  25.738837     8.0612     1.3477     5.9929   999.9982     11.791      8.130 0.0000e+00
      8.272     -0.058   325.5590    10.5056     84.577 1.6503e-01      7.134     41.437  25.684255     8.0616     1.2903     5.9901   999.9982     11.768      8.113 0.0000e+00
      8.252     -0.058   325.4792    10.5207     84.638 1.6424e-01      7.133     41.375  25.644902     8.2183     1.3136     5.9867   999.9982     11.735      8.092 0.0000e+00
