Data/DataNotYetUploadedToEDI/Raw_CTD/RawDownloads/121624_fcr50_S7809001.cnv
* Sea-Bird SBE19plus  Data File:
* FileName = C:\R\Reservoirs\Data\DataNotYetUploadedToEDI\Raw_CTD\RawDownloads\121624_fcr50_S7809_0001.hex
* Software version 2.8.0.119
* Temperature SN = 7809
* Conductivity SN = 7809
* System UpLoad Time = Dec 17 2024 18:06:26
* <ApplicationData>
* <Seaterm232>
# nquan = 15
# nvalues = 1121                        
# units = specified
# name 0 = depFM: Depth [fresh water, m]
# name 1 = dz/dtM: Descent Rate [m/s]
# name 2 = sbeox0Mg/L: Oxygen, SBE 43 [mg/l]
# name 3 = sbeox0PS: Oxygen, SBE 43 [% saturation]
# name 4 = specc: Specific Conductance [uS/cm]
# name 5 = c0uS/cm: Conductivity [uS/cm]
# name 6 = flECO-AFL: Fluorescence, WET Labs ECO-AFL/FL [mg/m^3]
# name 7 = ph: pH
# name 8 = orp: Oxidation Reduction Potential [mV]
# name 9 = par/sat/log: PAR/Logarithmic, Satlantic
# name 10 = turbWETntu0: Turbidity, WET Labs ECO [NTU]
# name 11 = prdM: Pressure, Strain Gauge [db]
# name 12 = prdE: Pressure, Strain Gauge [psi]
# name 13 = tv290C: Temperature [ITS-90, deg C]
# name 14 = flag:  0.000e+00
# span 0 =     -0.589,      9.804       
# span 1 =     -0.304,      0.175       
# span 2 =     3.1893,    12.9928       
# span 3 =     25.839,    100.408       
# span 4 =      2.486,    445.241       
# span 5 =   1.463499, 273.090457       
# span 6 =    -0.1441,    13.9871       
# span 7 =      5.808,      7.796       
# span 8 = -1240.7455,   339.1295       
# span 9 = 1.2368e-01, 1.0133e+02       
# span 10 =    -0.2535,   137.9137      
# span 11 =     -0.578,      9.615      
# span 12 =     -0.839,     13.946      
# span 13 =     4.4107,     5.6933      
# span 14 = 0.0000e+00, 0.0000e+00      
# interval = seconds: 0.25
# start_time = Dec 16 2024 13:32:01 [Instrument's time stamp, header]
# bad_flag = -9.990e-29
*END*
[from data line 97]
     -0.585      0.036    11.9775     94.847     13.977   8.376262     5.6839      6.432  -409.6467 7.1938e+01    18.2869     -0.577     -0.836     5.3659 0.0000e+00
     -0.576      0.051    11.9769     94.892     25.792  15.407941     7.3446      6.282  -209.2658 7.3981e+01     8.3673     -0.570     -0.826     5.3695 0.0000e+00
     -0.557      0.071    11.9839     94.925     38.542  22.975492     7.5286      6.102    36.6491 7.5181e+01     7.4573     -0.547     -0.793     5.3514 0.0000e+00
     -0.533      0.093    12.0442     94.970     46.272  27.536624     7.8171      5.991   170.8511 7.6258e+01     7.6262     -0.521     -0.756     5.2100 0.0000e+00
     -0.509      0.117    12.1011     95.129     48.306  28.703779     8.3198      5.928   191.0859 7.7579e+01     8.2237     -0.501     -0.726     5.0158 0.0000e+00
     -0.482      0.138    12.1625     96.449     48.178  28.588580     8.5965      5.890   193.5463 7.9350e+01     8.6355     -0.477     -0.692     4.8900 0.0000e+00
     -0.443      0.155    12.1641     98.708     47.857  28.363807     8.6413      5.860   193.7162 8.1642e+01     8.7449     -0.437     -0.634     4.8127 0.0000e+00
     -0.396      0.168    12.2269     99.650     47.637  28.206084     8.7201      5.831   189.6987 8.4350e+01     8.5219     -0.388     -0.564     4.7532 0.0000e+00
     -0.345      0.175    12.1823     99.315     47.452  28.076992     8.8329      5.829   186.0980 8.7173e+01     8.0234     -0.339     -0.492     4.7070 0.0000e+00
     -0.294      0.175    12.3078     98.922     47.357  28.008104     8.8983      5.853   184.5956 8.9296e+01     7.7722     -0.287     -0.416     4.6678 0.0000e+00
     -0.246      0.167    12.8603     98.574     47.475  28.070875     8.9274      5.877   182.8914 9.0539e+01     7.8080     -0.238     -0.344     4.6304 0.0000e+00
     -0.206      0.155    12.9157     98.197     47.702  28.201661     8.9602      5.893   180.7209 9.1593e+01     7.7393     -0.201     -0.291     4.6006 0.0000e+00
     -0.171      0.140    12.7937     97.711     47.904  28.320833     8.9873      5.903   178.6573 9.2597e+01     7.4882     -0.167     -0.243     4.5806 0.0000e+00
     -0.137      0.126    12.7839     97.162     47.877  28.306613     8.9898      5.912   176.6108 9.3347e+01     7.3329     -0.132     -0.191     4.5686 0.0000e+00
     -0.107      0.116    12.7243     97.046     47.512  28.093162     8.9816      5.922   174.9919 9.3829e+01     7.3654     -0.104     -0.150     4.5612 0.0000e+00
     -0.080      0.111    12.6922     97.717     47.072  27.833173     8.9789      5.932   174.2258 9.2975e+01     7.4367     -0.077     -0.113     4.5581 0.0000e+00
     -0.055      0.109    12.6267     98.563     46.850  27.700244     8.9574      5.942   174.4902 8.6020e+01     7.4437     -0.053     -0.076     4.5585 0.0000e+00
     -0.030      0.109    12.5366     99.092     46.836  27.691068     8.9296      5.954   175.6928 7.3316e+01     7.4147     -0.032     -0.047     4.5604 0.0000e+00
     -0.003      0.108    12.4708     99.442     46.676  27.595367     8.9262      5.968   176.9788 6.3370e+01     7.4285     -0.005     -0.008     4.5638 0.0000e+00
      0.029      0.108    12.6207     99.753     46.295  27.367684     8.9326      5.981   177.8221 5.7646e+01     7.4732      0.027      0.040     4.5645 0.0000e+00
      0.060      0.106    12.7535    100.024     46.055  27.221537     8.9156      5.992   178.4891 5.3791e+01     7.4429      0.061      0.089     4.5615 0.0000e+00
      0.087      0.101    12.8016    100.225     45.958  27.160281     8.8790      6.001   178.7633 5.1875e+01     7.3021      0.088      0.128     4.5601 0.0000e+00
      0.110      0.093    12.8446    100.384     45.813  27.071014     8.8559      6.010   178.4704 5.0405e+01     7.2387      0.106      0.154     4.5607 0.0000e+00
      0.133      0.081    12.8844    100.408     45.749  27.030171     8.8616      6.017   178.3889 4.8952e+01     7.2918      0.130      0.189     4.5573 0.0000e+00
      0.155      0.068    12.9274    100.109     45.783  27.047011     8.8811      6.026   178.9823 4.7946e+01     7.3289      0.154      0.224     4.5518 0.0000e+00
      0.172      0.056    12.9478     99.563     45.746  27.020924     8.8839      6.036   179.7087 4.7188e+01     7.3114      0.169      0.246     4.5475 0.0000e+00
      0.184      0.043    12.9741     99.036     45.666  26.968451     8.8699      6.046   180.1170 4.6609e+01     7.2517      0.181      0.263     4.5437 0.0000e+00
      0.192      0.029    12.9928     98.481     45.591  26.919960     8.8615      6.057   180.3914 4.6341e+01     7.2556      0.191      0.277     4.5402 0.0000e+00
      0.196      0.018    12.9538     97.643     45.526  26.878597     8.8820      6.068   180.5310 4.6331e+01     7.2909      0.193      0.281     4.5369 0.0000e+00
      0.197      0.010    12.8597     96.399     45.478  26.848882     8.9183      6.078   180.3423 4.6414e+01     7.2000      0.193      0.281     4.5327 0.0000e+00
      0.198      0.005    12.8002     94.704     45.420  26.814379     8.9258      6.087   180.5186 4.6497e+01     7.0795      0.194      0.281     4.5272 0.0000e+00
      0.198      0.002    12.7488     92.639     45.361  26.778548     8.9139      6.095   181.3721 4.6542e+01     7.0286      0.194      0.282     4.5222 0.0000e+00
      0.198      0.001    12.6415     90.444     45.285  26.732773     8.9417      6.103   181.8856 4.6547e+01     7.0289      0.194      0.282     4.5187 0.0000e+00
      0.198      0.001    12.4858     88.265     45.236  26.704891     9.0120      6.112   181.9959 4.6530e+01     7.1166      0.194      0.282     4.5172 0.0000e+00
      0.199      0.001    12.2653     86.197     45.323  26.758555     9.0484      6.119   182.1026 4.6545e+01     7.1669      0.195      0.283     4.5170 0.0000e+00
      0.199      0.001    11.9817     84.478     45.513  26.874219     9.0405      6.125   182.3153 4.6569e+01     7.0911      0.195      0.283     4.5160 0.0000e+00
      0.199      0.001    11.6924     83.261     45.658  26.961732     9.0585      6.131   182.8471 4.6586e+01     7.1220      0.195      0.283     4.5146 0.0000e+00
      0.199      0.001    11.4123     82.453     45.600  26.928727     9.1065      6.138   183.6289 4.6567e+01     7.3015      0.195      0.284     4.5155 0.0000e+00
      0.199      0.000    11.1272     81.935     45.368  26.792272     9.1305      6.146   184.6260 4.6542e+01     7.4169      0.196      0.284     4.5188 0.0000e+00
      0.199 2.0113e-08    10.8942     81.628     45.116  26.643795     9.1244      6.153   185.6106 4.6587e+01     7.4235      0.195      0.283     4.5225 0.0000e+00
      0.199 2.2125e-07    10.7461     81.428     44.921  26.528842     9.1066      6.159   186.3276 4.6651e+01     7.3478      0.195      0.284     4.5249 0.0000e+00
      0.199 3.8466e-07    10.6460     81.228     44.838  26.480597     9.0983      6.164   186.7561 4.6674e+01     7.2877      0.195      0.283     4.5263 0.0000e+00
      0.199 3.4819e-07    10.5811     80.970     44.875  26.504437     9.1080      6.169   187.1785 4.6656e+01     7.2768      0.195      0.284     4.5271 0.0000e+00
      0.200 1.8145e-07    10.5472     80.643     44.971  26.563400     9.1079      6.173   187.6481 4.6682e+01     7.2168      0.196      0.285     4.5272 0.0000e+00
      0.200 1.6496e-08    10.5256     80.244     45.068  26.622697     9.0961      6.178   187.5303 4.6811e+01     7.1761      0.196      0.284     4.5271 0.0000e+00
      0.199 1.4996e-09    10.5038     79.834     45.113  26.650580     9.1158      6.185   187.1304 4.6897e+01     7.2636      0.195      0.284     4.5280 0.0000e+00
      0.199 1.3633e-10    10.4676     79.501     45.103  26.646834     9.1716      6.192   187.2879 4.6895e+01     7.3860      0.195      0.283     4.5301 0.0000e+00
      0.200 1.2394e-11    10.4272     79.251     45.090  26.640831     9.2125      6.198   187.6276 4.6883e+01     7.3924      0.196      0.284     4.5326 0.0000e+00
      0.200 1.1267e-12    10.3723     79.118     45.089  26.641419     9.2200      6.206   187.9678 4.6845e+01     7.3070      0.196      0.285     4.5349 0.0000e+00
      0.200 1.0243e-13    10.3107     79.138     45.108  26.653949     9.2284      6.214   188.3903 4.6803e+01     7.2751      0.195      0.283     4.5370 0.0000e+00
      0.200 9.3115e-15    10.2714     79.244     45.126  26.665475     9.2556      6.221   188.1767 4.6790e+01     7.3490      0.196      0.284     4.5390 0.0000e+00
      0.200 8.4650e-16    10.2361     79.412     45.104  26.653943     9.2741      6.227   187.7080 4.6714e+01     7.3809      0.196      0.284     4.5408 0.0000e+00
      0.200 7.6955e-17    10.2133     79.648     45.079  26.641362     9.2781      6.232   188.0568 4.6545e+01     7.3189      0.196      0.284     4.5420 0.0000e+00
      0.200 6.9960e-18    10.2231     79.878     45.074  26.640203     9.2444      6.236   188.6944 4.6424e+01     7.2827      0.196      0.284     4.5434 0.0000e+00
      0.200 6.3600e-19    10.2374     80.065     45.072  26.639932     9.1831      6.241   189.0506 4.6379e+01     7.2842      0.196      0.284     4.5447 0.0000e+00
      0.200 5.7815e-20    10.2542     80.214     45.068  26.638088     9.1622      6.246   189.6962 4.6336e+01     7.3036      0.197      0.285     4.5462 0.0000e+00
      0.200 5.2560e-21    10.2918     80.306     45.033  26.617903     9.1581      6.250   190.6506 4.6301e+01     7.3113      0.196      0.284     4.5488 0.0000e+00
      0.200 4.7782e-22    10.3214     80.357     44.979  26.586154     9.1413      6.255   190.4362 4.6301e+01     7.2754      0.196      0.284     4.5508 0.0000e+00
      0.200 4.3438e-23    10.3437     80.373     44.954  26.571335     9.1427      6.259   189.1693 4.6332e+01     7.2458      0.196      0.284     4.5519 0.0000e+00
      0.200 3.9489e-24    10.3651     80.288     44.944  26.565580     9.1585      6.264   188.7547 4.6361e+01     7.2953      0.196      0.285     4.5527 0.0000e+00
      0.200 3.5900e-25    10.3760     80.154     44.969  26.579990     9.1657      6.270   189.1228 4.6443e+01     7.3603      0.197      0.285     4.5529 0.0000e+00
      0.200 3.2636e-26    10.3794     80.110     45.035  26.618720     9.1622      6.276   189.8353 4.6629e+01     7.3145      0.196      0.285     4.5530 0.0000e+00
      0.200 2.9669e-27    10.3886     80.090     45.094  26.653313     9.1332      6.281   190.9157 4.6798e+01     7.2546      0.196      0.285     4.5528 0.0000e+00
      0.200 2.6972e-28    10.3780     80.028     45.143  26.681136     9.0979      6.286   191.6029 4.6898e+01     7.2847      0.196      0.285     4.5526 0.0000e+00
      0.200 2.4520e-29    10.3423     79.978     45.179  26.701423     9.1018      6.292   191.4332 4.6984e+01     7.3707      0.196      0.285     4.5526 0.0000e+00
      0.201 2.2291e-30    10.3511     80.178     45.191  26.708334     9.1225      6.298   190.7566 4.7051e+01     7.4404      0.197      0.286     4.5525 0.0000e+00
      0.201 2.0264e-31    10.3474     80.667     45.179  26.701269     9.1483      6.303   190.3916 4.7057e+01     7.3768      0.197      0.285     4.5519 0.0000e+00
      0.200 1.8422e-32    10.3408     80.958     45.141  26.679422     9.1898      6.309   190.5476 4.7011e+01     7.2840      0.196      0.285     4.5504 0.0000e+00
      0.200 1.6746e-33    10.3229     80.870     45.064  26.634454     9.2155      6.314   190.9218 4.6968e+01     7.3095      0.197      0.285     4.5491 0.0000e+00
      0.200 1.5052e-34    10.3295     80.614     45.006  26.601535     9.2175      6.318   191.3889 4.6888e+01     7.3095      0.197      0.285     4.5486 0.0000e+00
      0.200 -5.234e-36    10.4412     80.299     44.998  26.598527     9.1640      6.322   191.8067 4.6798e+01     7.2499      0.196      0.285     4.5490 0.0000e+00
      0.201 -2.086e-34    10.4808     79.934     44.993  26.598088     9.0517      6.326   192.3594 4.6757e+01     7.2372      0.197      0.285     4.5498 0.0000e+00
      0.201 -2.308e-33    10.4500     79.483     44.986  26.596229     8.9827      6.330   192.9094 4.6735e+01     7.2587      0.197      0.285     4.5505 0.0000e+00
      0.201 -2.539e-32    10.4174     78.925     44.947  26.576057     8.9800      6.334   193.1224 4.6765e+01     7.3042      0.197      0.285     4.5519 0.0000e+00
      0.201 -2.793e-31    10.3732     78.383     44.888  26.544464     9.0020      6.337   193.1281 4.6796e+01     7.3432      0.196      0.285     4.5539 0.0000e+00
      0.201 -3.072e-30    10.3289     78.010     44.861  26.531362     9.0240      6.340   192.9777 4.6787e+01     7.3208      0.197      0.286     4.5565 0.0000e+00
      0.201 -3.379e-29    10.2719     77.720     44.879  26.544483     9.0373      6.341   193.0257 4.6802e+01     7.3069      0.198      0.286     4.5595 0.0000e+00
      0.201 -3.717e-28    10.1948     77.400     44.928  26.576263     9.0460      6.342   193.8804 4.6789e+01     7.3800      0.197      0.286     4.5627 0.0000e+00
      0.201 -4.089e-27    10.1076     77.068     44.961  26.598502     9.0717      6.345   195.2237 4.6697e+01     7.4191      0.197      0.286     4.5662 0.0000e+00
      0.201 -4.498e-26    10.0703     76.706     44.677  26.432828     9.1227      6.349   195.8447 4.6594e+01     7.3364      0.197      0.286     4.5694 0.0000e+00
      0.201 -4.948e-25    10.0388     76.282     43.785  25.904998     9.1389      6.352   195.7107 4.6499e+01     7.2679      0.197      0.286     4.5725 0.0000e+00
      0.201 -5.442e-24     9.9908     75.829     42.760  25.290341     9.1337      6.355   195.6697 4.6398e+01     7.2741      0.197      0.286     4.5756 0.0000e+00
      0.201 -5.987e-23     9.9507     75.464     42.231  24.962660     9.1514      6.358   195.6927 4.6293e+01     7.3083      0.198      0.287     4.5787 0.0000e+00
      0.201 -6.585e-22     9.9039     75.307     42.082  24.860345     9.1790      6.360   195.6441 4.6170e+01     7.3063      0.197      0.286     4.5815 0.0000e+00
      0.201 -7.244e-21     9.8499     75.567     42.018  24.814270     9.2007      6.362   196.0280 4.6068e+01     7.2493      0.197      0.286     4.5838 0.0000e+00
      0.201 -7.968e-20     9.7840     76.462     41.976  24.786075     9.2055      6.365   196.8938 4.6020e+01     7.2348      0.197      0.286     4.5753 0.0000e+00
      0.201 -8.765e-19     9.7412     77.978     41.955  24.773114     9.2120      6.368   197.4221 4.5980e+01     7.2671      0.198      0.287     4.5525 0.0000e+00
      0.201 -9.642e-18     9.7157     79.958     41.975  24.784401     9.2120      6.372   197.5115 4.5939e+01     7.3326      0.197      0.286     4.5334 0.0000e+00
      0.202 -1.061e-16     9.7357     82.213     41.997  24.795711     9.1817      6.374   197.7164 4.5951e+01     7.4120      0.198      0.287     4.5245 0.0000e+00
      0.202 -1.167e-15     9.8568     84.490     41.978  24.783017     9.1538      6.377   197.9204 4.5950e+01     7.4405      0.198      0.287     4.5213 0.0000e+00
      0.202 -1.283e-14    10.0606     86.527     41.938  24.757754     9.1574      6.380   197.9130 4.5871e+01     7.4721      0.198      0.287     4.5220 0.0000e+00
      0.202 -1.412e-13    10.3241     88.173     41.918  24.743934     9.2172      6.381   198.0576 4.5841e+01     7.4866      0.197      0.286     4.5223 0.0000e+00
      0.202 -2.588e-13    10.6275     89.359     41.918  24.742768     9.3112      6.384   198.4639 4.5880e+01     7.4120      0.198      0.287     4.5202 0.0000e+00
      0.202 -1.411e-13    10.9369     90.062     41.921  24.743652     9.3444      6.387   198.7817 4.5910e+01     7.3212      0.198      0.287     4.5179 0.0000e+00
      0.202 -1.283e-14    11.2067     90.386     41.941  24.754620     9.3273      6.390   198.8887 4.5897e+01     7.2762      0.198      0.287     4.5154 0.0000e+00
