Data/DataNotYetUploadedToEDI/Raw_CTD/RawDownloads/121624_fcr50_S7809001.cnv
* Sea-Bird SBE19plus  Data File:
* FileName = C:\R\Reservoirs\Data\DataNotYetUploadedToEDI\Raw_CTD\RawDownloads\121624_fcr50_S7809_0001.hex
* Software version 2.8.0.119
* Temperature SN = 7809
* Conductivity SN = 7809
* System UpLoad Time = Dec 17 2024 18:06:26
* <ApplicationData>
* <Seaterm232>
# nquan = 15
# nvalues = 1121                        
# units = specified
# name 0 = depFM: Depth [fresh water, m]
# name 1 = dz/dtM: Descent Rate [m/s]
# name 2 = sbeox0Mg/L: Oxygen, SBE 43 [mg/l]
# name 3 = sbeox0PS: Oxygen, SBE 43 [% saturation]
# name 4 = specc: Specific Conductance [uS/cm]
# name 5 = c0uS/cm: Conductivity [uS/cm]
# name 6 = flECO-AFL: Fluorescence, WET Labs ECO-AFL/FL [mg/m^3]
# name 7 = ph: pH
# name 8 = orp: Oxidation Reduction Potential [mV]
# name 9 = par/sat/log: PAR/Logarithmic, Satlantic
# name 10 = turbWETntu0: Turbidity, WET Labs ECO [NTU]
# name 11 = prdM: Pressure, Strain Gauge [db]
# name 12 = prdE: Pressure, Strain Gauge [psi]
# name 13 = tv290C: Temperature [ITS-90, deg C]
# name 14 = flag:  0.000e+00
# span 0 =     -0.589,      9.804       
# span 1 =     -0.304,      0.175       
# span 2 =     3.1893,    12.9928       
# span 3 =     25.839,    100.408       
# span 4 =      2.486,    445.241       
# span 5 =   1.463499, 273.090457       
# span 6 =    -0.1441,    13.9871       
# span 7 =      5.808,      7.796       
# span 8 = -1240.7455,   339.1295       
# span 9 = 1.2368e-01, 1.0133e+02       
# span 10 =    -0.2535,   137.9137      
# span 11 =     -0.578,      9.615      
# span 12 =     -0.839,     13.946      
# span 13 =     4.4107,     5.6933      
# span 14 = 0.0000e+00, 0.0000e+00      
# interval = seconds: 0.25
# start_time = Dec 16 2024 13:32:01 [Instrument's time stamp, header]
# bad_flag = -9.990e-29
*END*
[from data line 482]
      5.348      0.084    11.0176     84.900     42.212  24.837690    13.5729      7.245   226.1188 1.2383e-01     7.5960      5.240      7.599     4.4211 0.0000e+00
      5.379      0.079    11.0075     84.915     42.214  24.838834    13.5689      7.247   225.7898 1.2382e-01     7.5593      5.277      7.654     4.4207 0.0000e+00
      5.407      0.077    11.0095     84.948     42.195  24.827303    13.5917      7.252   226.5124 1.2380e-01     7.5470      5.307      7.697     4.4204 0.0000e+00
      5.423      0.078    11.0083     84.946     42.192  24.825111    13.6234      7.256   227.6290 1.2377e-01     7.5496      5.321      7.716     4.4199 0.0000e+00
      5.433      0.081    11.0034     84.890     42.170  24.812332    13.6192      7.260   227.8468 1.2381e-01     7.5913      5.328      7.727     4.4193 0.0000e+00
      5.443      0.086    11.0061     84.830     42.148  24.799640    13.3745      7.263   227.6837 1.2383e-01     7.6070      5.335      7.737     4.4190 0.0000e+00
      5.463      0.096    11.0138     84.797     42.146  24.798487    12.9204      7.265   227.8075 1.2381e-01     7.6040      5.352      7.763     4.4188 0.0000e+00
      5.496      0.107    11.0156     84.762     42.147  24.798383    12.6897      7.266   227.6228 1.2380e-01     7.6229      5.388      7.815     4.4187 0.0000e+00
      5.534      0.115    11.0043     84.700     42.148  24.798373    12.7076      7.267   227.0854 1.2380e-01     7.5617      5.428      7.873     4.4185 0.0000e+00
      5.569      0.117    10.9943     84.627     42.150  24.798372    12.8789      7.269   227.5053 1.2380e-01     7.4794      5.462      7.923     4.4189 0.0000e+00
      5.601      0.114    10.9928     84.569     42.152  24.798372    13.1708      7.271   228.9994 1.2383e-01     7.4817      5.494      7.969     4.4189 0.0000e+00
      5.627      0.108    10.9900     84.542     42.153  24.798372    13.3241      7.271   229.9224 1.2384e-01     7.5211      5.521      8.007     4.4181 0.0000e+00
      5.647      0.100    10.9806     84.537     42.153  24.798373    13.3507      7.271   230.0607 1.2379e-01     7.5799      5.538      8.032     4.4172 0.0000e+00
      5.669      0.091    10.9705     84.531     42.153  24.798382    13.4679      7.272   229.9832 1.2377e-01     7.6461      5.556      8.058     4.4158 0.0000e+00
      5.698      0.084    10.9623     84.519     42.153  24.798486    13.6669      7.275   229.6733 1.2381e-01     7.7073      5.588      8.105     4.4145 0.0000e+00
      5.724      0.079    10.9595     84.539     42.155  24.799630    13.7846      7.278   229.3255 1.2380e-01     7.7732      5.618      8.150     4.4138 0.0000e+00
      5.741      0.079    10.9602     84.587     42.176  24.812209    13.7931      7.282   229.3056 1.2379e-01     7.8276      5.631      8.166     4.4135 0.0000e+00
      5.753      0.080    10.9610     84.613     42.196  24.823740    13.6608      7.284   229.6051 1.2384e-01     7.7851      5.639      8.178     4.4135 0.0000e+00
      5.768      0.083    10.9555     84.603     42.176  24.812210    13.4245      7.285   229.9355 1.2388e-01     7.6343      5.654      8.201     4.4136 0.0000e+00
      5.790      0.087    10.9581     84.591     42.155  24.799632    13.2997      7.285   230.2025 1.2383e-01     7.5069      5.675      8.231     4.4136 0.0000e+00
      5.818      0.092    10.9687     84.611     42.154  24.798498    13.3005      7.286   230.4245 1.2379e-01     7.5080      5.704      8.274     4.4137 0.0000e+00
      5.847      0.094    10.9717     84.616     42.154  24.798498    13.3266      7.289   230.5549 1.2380e-01     7.6135      5.735      8.320     4.4137 0.0000e+00
      5.874      0.091    10.9695     84.583     42.157  24.799632    13.4739      7.293   230.4885 1.2378e-01     7.6905      5.761      8.355     4.4137 0.0000e+00
      5.897      0.086    10.9639     84.565     42.178  24.812209    13.7405      7.297   229.7937 1.2373e-01     7.7212      5.785      8.390     4.4136 0.0000e+00
      5.916      0.084    10.9705     84.575     42.198  24.823730    13.8792      7.300   228.7795 1.2377e-01     7.7459      5.805      8.419     4.4133 0.0000e+00
      5.931      0.087    10.9746     84.604     42.178  24.812095    13.8691      7.302   228.4646 1.2382e-01     7.7504      5.816      8.435     4.4129 0.0000e+00
      5.946      0.093    10.9640     84.636     42.155  24.798374    13.6434      7.304   228.4811 1.2377e-01     7.6725      5.827      8.452     4.4126 0.0000e+00
      5.970      0.101    10.9628     84.640     42.130  24.784662    13.2057      7.306   228.7208 1.2378e-01     7.5212      5.851      8.486     4.4121 0.0000e+00
      6.004      0.107    10.9654     84.649     42.110  24.773132    12.9547      7.308   229.4700 1.2382e-01     7.4584      5.888      8.539     4.4119 0.0000e+00
      6.040      0.110    10.9676     84.690     42.132  24.785806    12.9389      7.310   229.8824 1.2381e-01     7.4939      5.925      8.593     4.4122 0.0000e+00
      6.072      0.108    10.9766     84.720     42.176  24.811066    13.0070      7.311   229.0609 1.2379e-01     7.5409      5.956      8.637     4.4127 0.0000e+00
      6.098      0.103    10.9732     84.733     42.199  24.824885    13.1203      7.312   227.4525 1.2379e-01     7.5482      5.982      8.675     4.4132 0.0000e+00
      6.120      0.098    10.9712     84.748     42.200  24.826047    13.1758      7.315   226.7832 1.2381e-01     7.5139      6.002      8.705     4.4135 0.0000e+00
      6.140      0.096    10.9826     84.758     42.197  24.825112    13.1624      7.317   227.4212 1.2378e-01     7.5023      6.020      8.731     4.4132 0.0000e+00
      6.161      0.096    10.9848     84.754     42.176  24.813582    13.0841      7.317   228.2835 1.2377e-01     7.5093      6.041      8.761     4.4127 0.0000e+00
      6.186      0.094    10.9854     84.742     42.175  24.813478    12.9530      7.317   228.6049 1.2387e-01     7.4968      6.065      8.798     4.4126 0.0000e+00
      6.215      0.089    10.9876     84.732     42.193  24.823857    12.8753      7.319   228.5534 1.2392e-01     7.4536      6.095      8.840     4.4136 0.0000e+00
      6.245      0.083    10.9893     84.718     42.173  24.812231    12.8856      7.321   228.2634 1.2385e-01     7.4308      6.127      8.886     4.4149 0.0000e+00
      6.269      0.075    10.9882     84.702     42.152  24.799746    13.0354      7.322   227.5948 1.2379e-01     7.4267      6.153      8.924     4.4158 0.0000e+00
      6.281      0.069    10.9852     84.673     42.152  24.799745    13.2970      7.324   227.1796 1.2381e-01     7.4031      6.162      8.937     4.4164 0.0000e+00
      6.288      0.064    10.9855     84.646     42.174  24.812211    13.4437      7.325   227.3727 1.2383e-01     7.3511      6.164      8.940     4.4165 0.0000e+00
      6.300      0.062    10.9821     84.626     42.194  24.823628    13.4521      7.326   227.5202 1.2379e-01     7.2762      6.175      8.957     4.4163 0.0000e+00
      6.318      0.062    10.9822     84.604     42.174  24.810953    13.4491      7.328   227.4157 1.2376e-01     7.2833      6.194      8.985     4.4161 0.0000e+00
      6.340      0.064    10.9768     84.604     42.133  24.785794    13.4155      7.331   227.5716 1.2381e-01     7.4031      6.216      9.016     4.4160 0.0000e+00
      6.361      0.069    10.9720     84.615     42.113  24.773110    13.3380      7.334   228.0276 1.2383e-01     7.5283      6.240      9.050     4.4158 0.0000e+00
      6.377      0.075    10.9734     84.629     42.133  24.784434    13.2858      7.336   228.2841 1.2384e-01     7.5670      6.257      9.076     4.4150 0.0000e+00
      6.387      0.081    10.9660     84.639     42.153  24.795869    13.2665      7.338   228.0911 1.2387e-01     7.5303      6.262      9.082     4.4137 0.0000e+00
      6.402      0.088    10.9693     84.619     42.134  24.784537    13.1795      7.341   228.0175 1.2381e-01     7.5281      6.270      9.095     4.4124 0.0000e+00
      6.430      0.096    10.9710     84.606     42.116  24.774254    13.0168      7.342   228.2548 1.2380e-01     7.5745      6.303      9.142     4.4118 0.0000e+00
      6.463      0.104    10.9713     84.613     42.157  24.798373    12.9214      7.343   228.1198 1.2384e-01     7.5795      6.342      9.198     4.4115 0.0000e+00
      6.493      0.107    10.9779     84.603     42.198  24.822473    12.9165      7.345   227.6762 1.2383e-01     7.5192      6.369      9.237     4.4111 0.0000e+00
      6.521      0.106    10.9698     84.562     42.180  24.811973    13.1500      7.347   228.3973 1.2382e-01     7.4603      6.394      9.273     4.4109 0.0000e+00
      6.549      0.101    10.9681     84.512     42.156  24.798249    13.6215      7.349   230.2141 1.2379e-01     7.4832      6.424      9.318     4.4110 0.0000e+00
      6.574      0.096    10.9720     84.481     42.130  24.783383    13.8981      7.351   231.2310 1.2376e-01     7.5567      6.450      9.354     4.4111 0.0000e+00
      6.594      0.093    10.9711     84.471     42.086  24.759067    13.9228      7.351   231.1418 1.2377e-01     7.5637      6.465      9.377     4.4109 0.0000e+00
      6.614      0.089    10.9652     84.488     42.081  24.757922    13.9118      7.352   230.4263 1.2382e-01     7.5337      6.483      9.403     4.4110 0.0000e+00
      6.639      0.085    10.9558     84.518     42.098  24.769547    13.9153      7.354   229.7215 1.2387e-01     7.5689      6.509      9.440     4.4107 0.0000e+00
      6.665      0.085    10.9532     84.536     42.103  24.772787    13.9234      7.356   229.5894 1.2386e-01     7.5799      6.540      9.484     4.4113 0.0000e+00
      6.686      0.087    10.9499     84.565     42.144  24.797096    13.9264      7.358   230.2919 1.2382e-01     7.5643      6.560      9.514     4.4136 0.0000e+00
      6.702      0.089    10.9517     84.615     42.165  24.809790    13.9183      7.362   231.6761 1.2384e-01     7.5851      6.568      9.528     4.4162 0.0000e+00
      6.722      0.090    10.9585     84.651     42.147  24.799422    13.8252      7.364   232.3871 1.2386e-01     7.5914      6.588      9.555     4.4177 0.0000e+00
      6.748      0.094    10.9579     84.669     42.146  24.798575    13.6664      7.365   232.3499 1.2388e-01     7.6074      6.619      9.600     4.4183 0.0000e+00
      6.776      0.100    10.9602     84.681     42.149  24.799547    13.5795      7.366   232.2580 1.2386e-01     7.5739      6.645      9.639     4.4189 0.0000e+00
      6.801      0.104    10.9703     84.687     42.170  24.811172    13.5575      7.366   232.0513 1.2382e-01     7.4935      6.668      9.672     4.4192 0.0000e+00
      6.827      0.103    10.9743     84.710     42.174  24.812305    13.5246      7.367   231.8293 1.2385e-01     7.5234      6.694      9.709     4.4191 0.0000e+00
      6.856      0.096    10.9750     84.747     42.177  24.813240    13.4905      7.369   231.6387 1.2388e-01     7.6275      6.724      9.751     4.4191 0.0000e+00
      6.886      0.088    10.9788     84.769     42.193  24.822474    13.4778      7.371   231.7249 1.2386e-01     7.6593      6.756      9.798     4.4183 0.0000e+00
      6.910      0.081    10.9773     84.774     42.151  24.797117    13.4704      7.373   232.0117 1.2384e-01     7.6006      6.780      9.833     4.4168 0.0000e+00
      6.925      0.075    10.9809     84.777     42.089  24.760327    13.4594      7.375   232.2676 1.2381e-01     7.5324      6.792      9.851     4.4154 0.0000e+00
      6.935      0.072    10.9885     84.776     42.085  24.758152    13.4784      7.377   232.6680 1.2380e-01     7.5183      6.800      9.862     4.4146 0.0000e+00
      6.949      0.073    10.9913     84.761     42.107  24.770826    13.5171      7.378   232.9805 1.2382e-01     7.5666      6.813      9.881     4.4140 0.0000e+00
      6.969      0.079    10.9906     84.736     42.134  24.786731    13.5107      7.379   232.9489 1.2387e-01     7.5691      6.833      9.910     4.4135 0.0000e+00
      6.991      0.088    10.9912     84.697     42.197  24.823618    13.3683      7.382   232.1141 1.2392e-01     7.4811      6.856      9.943     4.4133 0.0000e+00
      7.016      0.095    10.9926     84.668     42.219  24.836311    13.1346      7.384   230.8026 1.2394e-01     7.4586      6.880      9.979     4.4136 0.0000e+00
      7.043      0.098    10.9887     84.660     42.180  24.813356    13.0158      7.384   230.6854 1.2394e-01     7.5355      6.907     10.017     4.4134 0.0000e+00
      7.071      0.096    10.9877     84.650     42.156  24.799749    13.0306      7.384   231.3850 1.2388e-01     7.5919      6.935     10.059     4.4129 0.0000e+00
      7.099      0.088    10.9803     84.650     42.154  24.798624    13.2640      7.386   231.6900 1.2383e-01     7.5593      6.962     10.098     4.4130 0.0000e+00
      7.124      0.078    10.9749     84.648     42.155  24.799749    13.6989      7.387   232.1369 1.2384e-01     7.5177      6.987     10.134     4.4132 0.0000e+00
      7.144      0.070    10.9783     84.620     42.178  24.813356    13.9514      7.389   232.7434 1.2381e-01     7.5671      7.009     10.165     4.4132 0.0000e+00
      7.155      0.065    10.9735     84.607     42.217  24.836312    13.9871      7.391   232.0544 1.2381e-01     7.6441      7.019     10.180     4.4132 0.0000e+00
      7.163      0.066    10.9740     84.605     42.195  24.823629    13.9641      7.392   230.3457 1.2381e-01     7.6624      7.023     10.185     4.4133 0.0000e+00
      7.174      0.074    10.9780     84.580     42.133  24.786845    13.7732      7.395   229.6353 1.2379e-01     7.6179      7.033     10.200     4.4134 0.0000e+00
      7.193      0.085    10.9688     84.562     42.108  24.772075    13.4600      7.398   229.7460 1.2383e-01     7.5843      7.050     10.225     4.4134 0.0000e+00
      7.219      0.098    10.9674     84.550     42.109  24.771876    13.3060      7.402   229.8780 1.2390e-01     7.5977      7.077     10.264     4.4138 0.0000e+00
      7.251      0.108    10.9724     84.531     42.131  24.784437    13.3186      7.403   230.4569 1.2390e-01     7.5756      7.111     10.314     4.4140 0.0000e+00
      7.284      0.112    10.9638     84.536     42.153  24.797109    13.4045      7.402   231.3249 1.2382e-01     7.5560      7.143     10.360     4.4141 0.0000e+00
      7.315      0.107    10.9628     84.543     42.155  24.798260    13.5373      7.402   231.1656 1.2378e-01     7.6340      7.174     10.405     4.4139 0.0000e+00
      7.345      0.098    10.9640     84.518     42.155  24.798355    13.6089      7.405   229.9944 1.2377e-01     7.7666      7.205     10.450     4.4131 0.0000e+00
      7.369      0.091    10.9568     84.499     42.154  24.798261    13.6298      7.407   229.3818 1.2377e-01     7.8621      7.229     10.485     4.4122 0.0000e+00
      7.387      0.088    10.9602     84.494     42.151  24.797118    13.7153      7.409   229.4363 1.2377e-01     7.8313      7.246     10.509     4.4119 0.0000e+00
      7.400      0.088    10.9646     84.488     42.130  24.784539    13.8602      7.410   229.4492 1.2376e-01     7.7359      7.256     10.524     4.4122 0.0000e+00
      7.417      0.091    10.9567     84.512     42.111  24.773009    13.9412      7.410   229.4515 1.2378e-01     7.7343      7.269     10.544     4.4126 0.0000e+00
      7.444      0.095    10.9537     84.545     42.131  24.784540    13.9458      7.412   229.6369 1.2380e-01     7.8111      7.298     10.584     4.4130 0.0000e+00
      7.477      0.102    10.9570     84.547     42.152  24.797119    13.8153      7.414   230.1423 1.2382e-01     7.8444      7.335     10.639     4.4134 0.0000e+00
      7.507      0.108    10.9507     84.538     42.153  24.798261    13.5542      7.415   230.8296 1.2383e-01     7.7959      7.365     10.683     4.4135 0.0000e+00
      7.530      0.111    10.9562     84.517     42.153  24.798356    13.4024      7.415   231.1504 1.2381e-01     7.7365      7.384     10.710     4.4133 0.0000e+00
