Data/DataNotYetUploadedToEDI/Raw_CTD/RawDownloads/121624_fcr50_S7809001.cnv
* Sea-Bird SBE19plus  Data File:
* FileName = C:\R\Reservoirs\Data\DataNotYetUploadedToEDI\Raw_CTD\RawDownloads\121624_fcr50_S7809_0001.hex
* Software version 2.8.0.119
* Temperature SN = 7809
* Conductivity SN = 7809
* System UpLoad Time = Dec 17 2024 18:06:26
* <ApplicationData>
* <Seaterm232>
# nquan = 15
# nvalues = 1121                        
# units = specified
# name 0 = depFM: Depth [fresh water, m]
# name 1 = dz/dtM: Descent Rate [m/s]
# name 2 = sbeox0Mg/L: Oxygen, SBE 43 [mg/l]
# name 3 = sbeox0PS: Oxygen, SBE 43 [% saturation]
# name 4 = specc: Specific Conductance [uS/cm]
# name 5 = c0uS/cm: Conductivity [uS/cm]
# name 6 = flECO-AFL: Fluorescence, WET Labs ECO-AFL/FL [mg/m^3]
# name 7 = ph: pH
# name 8 = orp: Oxidation Reduction Potential [mV]
# name 9 = par/sat/log: PAR/Logarithmic, Satlantic
# name 10 = turbWETntu0: Turbidity, WET Labs ECO [NTU]
# name 11 = prdM: Pressure, Strain Gauge [db]
# name 12 = prdE: Pressure, Strain Gauge [psi]
# name 13 = tv290C: Temperature [ITS-90, deg C]
# name 14 = flag:  0.000e+00
# span 0 =     -0.589,      9.804       
# span 1 =     -0.304,      0.175       
# span 2 =     3.1893,    12.9928       
# span 3 =     25.839,    100.408       
# span 4 =      2.486,    445.241       
# span 5 =   1.463499, 273.090457       
# span 6 =    -0.1441,    13.9871       
# span 7 =      5.808,      7.796       
# span 8 = -1240.7455,   339.1295       
# span 9 = 1.2368e-01, 1.0133e+02       
# span 10 =    -0.2535,   137.9137      
# span 11 =     -0.578,      9.615      
# span 12 =     -0.839,     13.946      
# span 13 =     4.4107,     5.6933      
# span 14 = 0.0000e+00, 0.0000e+00      
# interval = seconds: 0.25
# start_time = Dec 16 2024 13:32:01 [Instrument's time stamp, header]
# bad_flag = -9.990e-29
*END*
[from data line 386]
      3.339      0.055    11.0441     85.168     41.973  24.697085    11.8778      7.003   221.5892 1.0456e+00     7.5255      3.276      4.752     4.4191 0.0000e+00
      3.346      0.058    11.0450     85.153     41.943  24.679634    12.0494      7.008   221.9383 1.0491e+00     7.5483      3.282      4.761     4.4191 0.0000e+00
      3.355      0.063    11.0428     85.143     41.912  24.660907    12.1593      7.012   221.2788 1.0351e+00     7.5648      3.286      4.765     4.4191 0.0000e+00
      3.371      0.072    11.0416     85.151     41.912  24.660920    12.1734      7.015   220.7568 9.9619e-01     7.5539      3.303      4.789     4.4189 0.0000e+00
      3.395      0.082    11.0407     85.163     41.944  24.679788    12.2537      7.018   220.4449 9.5837e-01     7.5876      3.330      4.830     4.4190 0.0000e+00
      3.420      0.092    11.0388     85.177     41.976  24.698786    12.4390      7.020   220.1749 9.3289e-01     7.7324      3.354      4.865     4.4193 0.0000e+00
      3.446      0.100    11.0350     85.202     41.979  24.700359    12.5505      7.023   220.6764 8.9950e-01     7.8355      3.380      4.901     4.4194 0.0000e+00
      3.471      0.100    11.0386     85.212     41.976  24.698800    12.5694      7.025   221.9479 8.6451e-01     7.8441      3.404      4.939     4.4192 0.0000e+00
      3.499      0.097    11.0402     85.194     41.944  24.679945    12.6094      7.026   222.6420 8.3480e-01     7.7680      3.430      4.974     4.4190 0.0000e+00
      3.528      0.093    11.0399     85.173     41.914  24.662636    12.6676      7.027   222.7889 8.1640e-01     7.6673      3.464      5.023     4.4190 0.0000e+00
      3.552      0.090    11.0460     85.173     41.943  24.679775    12.6983      7.029   222.9492 8.0805e-01     7.6507      3.487      5.058     4.4191 0.0000e+00
      3.569      0.085    11.0477     85.181     41.972  24.696919    12.7147      7.030   222.7729 7.8345e-01     7.6019      3.498      5.073     4.4195 0.0000e+00
      3.587      0.080    11.0438     85.173     41.942  24.679661    12.7328      7.032   222.5499 7.5205e-01     7.4873      3.516      5.099     4.4198 0.0000e+00
      3.610      0.074    11.0391     85.167     41.911  24.661363    12.8005      7.034   222.4904 7.3002e-01     7.4599      3.540      5.134     4.4198 0.0000e+00
      3.632      0.069    11.0400     85.167     41.919  24.665938    12.9254      7.038   222.6557 7.1619e-01     7.5103      3.563      5.169     4.4199 0.0000e+00
      3.649      0.065    11.0439     85.172     41.929  24.671562    12.9951      7.042   223.4307 7.0377e-01     7.5506      3.579      5.192     4.4200 0.0000e+00
      3.664      0.060    11.0400     85.186     41.920  24.665940    13.0022      7.044   224.1175 6.8734e-01     7.5712      3.593      5.211     4.4201 0.0000e+00
      3.677      0.054    11.0395     85.186     41.912  24.661379    12.9688      7.045   224.2483 6.7183e-01     7.5203      3.608      5.232     4.4201 0.0000e+00
      3.687      0.048    11.0403     85.161     41.944  24.679837    12.9166      7.047   224.0656 6.6171e-01     7.4813      3.615      5.243     4.4200 0.0000e+00
      3.699      0.043    11.0397     85.151     41.976  24.698864    12.9036      7.051   223.7149 6.5982e-01     7.5443      3.624      5.257     4.4197 0.0000e+00
      3.714      0.039    11.0430     85.166     41.980  24.701174    12.8867      7.056   223.4495 6.5269e-01     7.5640      3.644      5.285     4.4195 0.0000e+00
      3.725      0.040    11.0451     85.174     41.991  24.707763    12.7534      7.060   223.3526 6.4322e-01     7.5150      3.656      5.303     4.4195 0.0000e+00
      3.729      0.046    11.0383     85.197     42.005  24.715115    12.5411      7.062   223.4034 6.3741e-01     7.4644      3.658      5.306     4.4192 0.0000e+00
      3.733      0.055    11.0352     85.231     42.025  24.726647    12.4339      7.064   223.4608 6.2806e-01     7.4642      3.658      5.306     4.4190 0.0000e+00
      3.744      0.065    11.0426     85.241     42.015  24.720359    12.4217      7.068   223.4450 6.1532e-01     7.5467      3.666      5.317     4.4190 0.0000e+00
      3.767      0.076    11.0395     85.235     41.985  24.702506    12.2197      7.072   223.5557 5.9892e-01     7.5735      3.690      5.352     4.4189 0.0000e+00
      3.797      0.087    11.0429     85.217     41.983  24.701037    11.8219      7.076   223.5948 5.8296e-01     7.5146      3.725      5.403     4.4186 0.0000e+00
      3.824      0.093    11.0513     85.197     41.986  24.702604    11.6159      7.079   223.3163 5.7116e-01     7.5181      3.753      5.443     4.4180 0.0000e+00
      3.847      0.094    11.0505     85.196     42.018  24.721445    11.6254      7.082   223.0271 5.6052e-01     7.5817      3.772      5.470     4.4175 0.0000e+00
      3.871      0.094    11.0501     85.197     42.048  24.738582    11.6216      7.087   222.9381 5.4113e-01     7.6004      3.795      5.505     4.4173 0.0000e+00
      3.893      0.095    11.0477     85.185     42.015  24.719557    11.5777      7.091   223.0139 5.1922e-01     7.5390      3.819      5.541     4.4174 0.0000e+00
      3.912      0.098    11.0431     85.176     41.950  24.681663    11.5439      7.094   223.0830 5.0824e-01     7.4887      3.834      5.560     4.4170 0.0000e+00
      3.936      0.103    11.0449     85.181     41.915  24.660927    11.5383      7.097   223.0852 5.0248e-01     7.5388      3.855      5.591     4.4162 0.0000e+00
      3.969      0.107    11.0464     85.182     41.912  24.659095    11.5517      7.100   223.1268 4.8272e-01     7.5642      3.893      5.647     4.4158 0.0000e+00
      4.000      0.110    11.0430     85.153     41.913  24.659511    11.6972      7.103   223.2418 4.5260e-01     7.4886      3.925      5.693     4.4160 0.0000e+00
      4.027      0.111    11.0411     85.103     41.925  24.665957    11.9657      7.106   223.3573 4.2616e-01     7.4440      3.948      5.728     4.4168 0.0000e+00
      4.055      0.111    11.0426     85.068     41.939  24.673607    12.1183      7.109   223.4905 4.0795e-01     7.5030      3.978      5.770     4.4171 0.0000e+00
      4.083      0.110    11.0445     85.062     41.964  24.688597    12.1523      7.111   223.7342 4.0180e-01     7.5877      4.005      5.809     4.4167 0.0000e+00
      4.110      0.107    11.0410     85.067     42.018  24.720357    12.1857      7.113   223.9805 3.9039e-01     7.5797      4.029      5.845     4.4162 0.0000e+00
      4.137      0.102    11.0316     85.062     42.052  24.740530    12.2222      7.113   224.2325 3.7628e-01     7.5096      4.056      5.885     4.4157 0.0000e+00
      4.166      0.093    11.0269     85.058     42.055  24.742245    12.2519      7.115   224.4580 3.6796e-01     7.5254      4.085      5.926     4.4155 0.0000e+00
      4.194      0.081    11.0272     85.078     42.053  24.741098    12.2699      7.118   224.2972 3.4955e-01     7.5993      4.114      5.967     4.4155 0.0000e+00
      4.215      0.066    11.0290     85.098     42.028  24.726663    12.3244      7.120   224.2671 3.3529e-01     7.6170      4.137      6.001     4.4154 0.0000e+00
      4.229      0.053    11.0284     85.092     41.973  24.694549    12.4025      7.123   224.7820 3.3707e-01     7.6030      4.149      6.018     4.4153 0.0000e+00
      4.236      0.044    11.0246     85.062     41.931  24.669902    12.4234      7.125   225.1028 3.4331e-01     7.5666      4.156      6.028     4.4153 0.0000e+00
      4.240      0.041    11.0305     85.023     41.952  24.682324    12.4193      7.126   225.3070 3.4398e-01     7.5188      4.157      6.029     4.4153 0.0000e+00
      4.245      0.045    11.0337     85.000     42.012  24.717906    12.3951      7.128   225.3586 3.2853e-01     7.5383      4.159      6.032     4.4154 0.0000e+00
      4.256      0.050    11.0325     85.009     42.015  24.719606    12.3138      7.131   224.8655 3.1660e-01     7.5625      4.172      6.051     4.4157 0.0000e+00
      4.272      0.055    11.0282     85.014     41.986  24.702877    12.2520      7.135   224.6787 3.2384e-01     7.5384      4.188      6.074     4.4159 0.0000e+00
      4.294      0.059    11.0216     84.982     41.991  24.705894    12.2468      7.138   225.1650 3.2123e-01     7.5199      4.209      6.106     4.4162 0.0000e+00
      4.315      0.064    11.0172     84.957     41.968  24.692662    12.3172      7.141   225.6691 2.9917e-01     7.4759      4.236      6.145     4.4169 0.0000e+00
      4.327      0.068    11.0199     84.963     41.930  24.669731    12.4453      7.144   226.0419 2.8147e-01     7.3815      4.245      6.157     4.4171 0.0000e+00
      4.336      0.069    11.0250     84.991     41.950  24.682310    12.4971      7.146   226.3171 2.7539e-01     7.3007      4.247      6.160     4.4170 0.0000e+00
      4.352      0.067    11.0155     85.036     42.010  24.717916    12.4783      7.147   226.2437 2.6668e-01     7.2855      4.265      6.185     4.4170 0.0000e+00
      4.376      0.066    11.0116     85.060     42.013  24.719736    12.4838      7.151   226.0147 2.5182e-01     7.3002      4.291      6.224     4.4173 0.0000e+00
      4.400      0.067    11.0141     85.050     41.987  24.704307    12.5968      7.156   225.8707 2.4600e-01     7.3426      4.318      6.262     4.4172 0.0000e+00
      4.417      0.071    11.0158     85.048     42.016  24.721617    12.8045      7.160   225.7076 2.5325e-01     7.4214      4.335      6.287     4.4172 0.0000e+00
      4.427      0.076    11.0253     85.076     42.044  24.738786    12.9229      7.162   225.8492 2.5083e-01     7.5012      4.341      6.296     4.4177 0.0000e+00
      4.438      0.080    11.0292     85.125     42.014  24.721635    12.9299      7.163   226.1206 2.3108e-01     7.5561      4.348      6.307     4.4179 0.0000e+00
      4.458      0.084    11.0240     85.122     41.984  24.704495    12.8804      7.167   226.1496 2.1538e-01     7.6413      4.367      6.335     4.4179 0.0000e+00
      4.488      0.089    11.0241     85.052     42.013  24.721805    12.7739      7.172   226.2860 2.0250e-01     7.7453      4.400      6.382     4.4181 0.0000e+00
      4.523      0.096    11.0259     84.993     42.045  24.740675    12.7069      7.175   226.3933 1.8942e-01     7.7549      4.440      6.439     4.4188 0.0000e+00
      4.548      0.102    11.0373     84.945     42.047  24.742401    12.7116      7.176   226.3274 1.8616e-01     7.7913      4.465      6.477     4.4198 0.0000e+00
      4.563      0.105    11.0401     84.896     42.047  24.742670    12.6477      7.178   226.0060 1.8915e-01     7.8779      4.472      6.486     4.4201 0.0000e+00
      4.583      0.106    11.0212     84.856     42.048  24.743932    12.4925      7.180   225.6910 1.8535e-01     7.8794      4.489      6.511     4.4204 0.0000e+00
      4.615      0.106    11.0176     84.823     42.071  24.757655    12.4003      7.181   225.8747 1.6906e-01     7.8104      4.526      6.564     4.4207 0.0000e+00
      4.650      0.104    11.0114     84.827     42.111  24.781765    12.3980      7.184   225.9899 1.5624e-01     7.7263      4.562      6.616     4.4212 0.0000e+00
      4.682      0.100    11.0027     84.878     42.110  24.781765    12.6221      7.186   225.8798 1.5073e-01     7.7163      4.593      6.661     4.4222 0.0000e+00
      4.709      0.094    10.9999     84.938     42.070  24.757655    13.0547      7.188   226.1779 1.4196e-01     7.7922      4.622      6.704     4.4228 0.0000e+00
      4.729      0.088    10.9923     84.992     42.046  24.743933    13.2842      7.190   226.8405 1.3710e-01     7.8234      4.640      6.732     4.4231 0.0000e+00
      4.741      0.083    10.9918     85.053     42.044  24.742687    13.2739      7.191   226.4916 1.4068e-01     7.7528      4.649      6.742     4.4234 0.0000e+00
      4.756      0.080    11.0012     85.086     42.045  24.742585    13.1559      7.194   225.2291 1.3945e-01     7.6217      4.659      6.758     4.4236 0.0000e+00
      4.779      0.081    11.0111     85.086     42.045  24.742697    12.9809      7.197   224.9116 1.3377e-01     7.5016      4.684      6.795     4.4236 0.0000e+00
      4.808      0.087    11.0138     85.096     42.048  24.744050    12.9053      7.198   225.1480 1.3257e-01     7.4971      4.718      6.843     4.4235 0.0000e+00
      4.832      0.095    11.0264     85.095     42.074  24.758936    12.8987      7.200   225.1625 1.3362e-01     7.5324      4.741      6.877     4.4234 0.0000e+00
      4.849      0.103    11.0315     85.060     42.136  24.795842    12.8686      7.203   225.7749 1.3172e-01     7.5184      4.751      6.891     4.4229 0.0000e+00
      4.872      0.108    11.0263     85.025     42.160  24.809765    12.7660      7.203   226.8737 1.2683e-01     7.5675      4.773      6.922     4.4226 0.0000e+00
      4.904      0.109    11.0310     85.010     42.144  24.800436    12.5989      7.202   226.7471 1.2448e-01     7.6477      4.809      6.977     4.4224 0.0000e+00
      4.938      0.106    11.0327     85.009     42.159  24.809889    12.5048      7.205   225.4485 1.2459e-01     7.6687      4.843      7.024     4.4223 0.0000e+00
      4.972      0.099    11.0250     85.028     42.138  24.797225    12.5265      7.209   224.8532 1.2423e-01     7.6498      4.877      7.073     4.4224 0.0000e+00
      5.001      0.090    11.0192     85.045     42.099  24.774156    12.8942      7.211   225.0556 1.2381e-01     7.6252      4.910      7.122     4.4226 0.0000e+00
      5.018      0.082    11.0191     85.033     42.117  24.784637    13.5793      7.212   225.5718 1.2375e-01     7.6437      4.925      7.142     4.4227 0.0000e+00
      5.027      0.075    11.0171     85.015     42.138  24.797110    13.9527      7.214   226.1904 1.2378e-01     7.6008      4.927      7.147     4.4226 0.0000e+00
      5.040      0.069    11.0209     85.004     42.140  24.798132    13.9550      7.216   226.3410 1.2379e-01     7.4822      4.938      7.162     4.4225 0.0000e+00
      5.061      0.067    11.0264     84.988     42.138  24.796987    13.8318      7.219   226.1016 1.2375e-01     7.4396      4.962      7.197     4.4224 0.0000e+00
      5.086      0.071    11.0213     84.979     42.114  24.783275    13.6277      7.222   225.7912 1.2375e-01     7.4948      4.990      7.237     4.4224 0.0000e+00
      5.105      0.079    11.0188     84.980     42.074  24.759166    13.5188      7.226   225.4268 1.2383e-01     7.5688      5.008      7.263     4.4226 0.0000e+00
      5.119      0.088    11.0191     84.989     42.074  24.759166    13.4971      7.229   225.1378 1.2392e-01     7.5838      5.018      7.278     4.4228 0.0000e+00
      5.135      0.097    11.0147     85.008     42.114  24.783276    13.2740      7.233   225.0506 1.2390e-01     7.6075      5.032      7.298     4.4230 0.0000e+00
      5.160      0.106    11.0147     85.023     42.138  24.796998    12.8767      7.236   225.0602 1.2385e-01     7.7188      5.057      7.335     4.4230 0.0000e+00
      5.194      0.111    11.0145     85.024     42.141  24.798246    12.6886      7.238   225.0825 1.2384e-01     7.8366      5.093      7.387     4.4230 0.0000e+00
      5.232      0.112    11.0151     85.015     42.142  24.798361    12.7140      7.239   225.5782 1.2383e-01     7.8697      5.130      7.440     4.4229 0.0000e+00
      5.268      0.108    11.0188     84.984     42.142  24.798381    12.9340      7.242   226.4934 1.2383e-01     7.7429      5.170      7.497     4.4229 0.0000e+00
      5.295      0.102    11.0216     84.943     42.143  24.798496    13.3270      7.245   226.8555 1.2383e-01     7.5334      5.199      7.540     4.4226 0.0000e+00
      5.311      0.097    11.0205     84.927     42.145  24.799744    13.5452      7.245   226.8588 1.2384e-01     7.4890      5.210      7.556     4.4221 0.0000e+00
