Data/DataNotYetUploadedToEDI/Raw_CTD/RawDownloads/121622_bvr50_S8188001.cnv
* Sea-Bird SBE19plus  Data File:
* FileName = C:\R\Reservoirs\Data\DataNotYetUploadedToEDI\Raw_CTD\RawDownloads\121622_bvr50_S8188_0001.hex
* Software version 2.8.0.119
* Temperature SN = 8188
* Conductivity SN = 8188
* System UpLoad Time = Dec 18 2022 13:58:22
* <ApplicationData>
* <Seaterm232>
# nquan = 16
# nvalues = 1387                        
# units = specified
# name 0 = depFM: Depth [fresh water, m]
# name 1 = dz/dtM: Descent Rate [m/s]
# name 2 = sbeox0Mg/L: Oxygen, SBE 43 [mg/l]
# name 3 = sbeox0PS: Oxygen, SBE 43 [% saturation]
# name 4 = specc: Specific Conductance [uS/cm]
# name 5 = c0uS/cm: Conductivity [uS/cm]
# name 6 = wetCDOM: Fluorescence, WET Labs CDOM [mg/m^3]
# name 7 = flECO-AFL: Fluorescence, WET Labs ECO-AFL/FL [mg/m^3]
# name 8 = flECO-AFL1: Fluorescence, WET Labs ECO-AFL/FL, 2 [mg/m^3]
# name 9 = flECO-AFL2: Fluorescence, WET Labs ECO-AFL/FL, 3 [mg/m^3]
# name 10 = par/sat/log: PAR/Logarithmic, Satlantic
# name 11 = turbWETntu0: Turbidity, WET Labs ECO [NTU]
# name 12 = prdM: Pressure, Strain Gauge [db]
# name 13 = prdE: Pressure, Strain Gauge [psi]
# name 14 = tv290C: Temperature [ITS-90, deg C]
# name 15 = flag:  0.000e+00
# span 0 =     -0.850,      7.951       
# span 1 =     -0.254,      0.168       
# span 2 =     7.9334,    11.2716       
# span 3 =     62.342,     89.020       
# span 4 =      0.523,     36.656       
# span 5 =   0.337080,  22.066063       
# span 6 =    -4.5000,   367.2000       
# span 7 =    -0.2414,     7.9222       
# span 8 =    -2.1300,    57.6378       
# span 9 =    -3.5109,    12.3093       
# span 10 = 1.1597e-01, 9.2085e+02      
# span 11 =    -0.4084,   966.1797      
# span 12 =     -0.833,      7.798      
# span 13 =     -1.209,     11.310      
# span 14 =     5.0902,     7.1979      
# span 15 = 0.0000e+00, 0.0000e+00      
# interval = seconds: 0.25
# start_time = Dec 16 2022 08:47:10 [Instrument's time stamp, header]
# bad_flag = -9.990e-29
*END*
[from data line 91]
     -0.185     -0.004    10.6558     84.874     35.360  21.696316     6.6600     1.3608     0.2982     0.3807 2.4037e+02     8.0536     -0.182     -0.263     5.6663 0.0000e+00
     -0.187     -0.004    10.6558     84.857     35.344  21.689197     6.6600     1.3303     0.2982     0.3807 2.7503e+02     7.9183     -0.183     -0.265     5.6688 0.0000e+00
     -0.188     -0.005    10.6550     84.835     35.332  21.684621     6.5700     1.3494     0.2982     0.4230 2.3669e+02     7.9033     -0.185     -0.268     5.6714 0.0000e+00
     -0.190     -0.004    10.6533     84.808     35.329  21.685325     6.5700     1.3074     0.2982     0.4230 2.3276e+02     7.8883     -0.186     -0.270     5.6744 0.0000e+00
     -0.191     -0.003    10.6507     84.776     35.329  21.687538     6.5700     1.3265     0.2982     0.4230 2.5368e+02     8.2791     -0.188     -0.272     5.6779 0.0000e+00
     -0.192     -0.002    10.6475     84.743     35.326  21.687892     6.5700     1.3456     0.2982     0.4230 2.6912e+02     8.2189     -0.189     -0.273     5.6817 0.0000e+00
     -0.193      0.000    10.6437     84.708     35.321  21.686482     6.5700     1.3456     0.2982     0.2961 2.0757e+02     8.2490     -0.189     -0.274     5.6856 0.0000e+00
     -0.192      0.002    10.6393     84.677     35.319  21.686890     6.5700     1.3417     0.2982     0.2961 3.4001e+02     8.1137     -0.189     -0.274     5.6893 0.0000e+00
     -0.191      0.004    10.6346     84.657     35.326  21.693183     6.5700     1.3303     0.2982     0.2961 2.7888e+02     8.0236     -0.188     -0.272     5.6924 0.0000e+00
     -0.190      0.006    10.6296     84.645     35.334  21.699123     6.5700     1.3379     0.2982     0.2961 2.6242e+02     7.9484     -0.186     -0.270     5.6951 0.0000e+00
     -0.188      0.007    10.6245     84.643     35.330  21.698376     6.6600     1.3532     0.2982     0.3807 2.4011e+02     7.9634     -0.184     -0.267     5.6977 0.0000e+00
     -0.186      0.008    10.6200     84.655     35.322  21.694703     6.6600     1.3417     0.2982     0.3807 2.0364e+02     7.9484     -0.182     -0.264     5.7001 0.0000e+00
     -0.183      0.008    10.6168     84.682     35.314  21.691081     6.6600     1.3723     0.2982     0.3807 2.6535e+02     8.2640     -0.180     -0.261     5.7024 0.0000e+00
     -0.181      0.007    10.6148     84.717     35.305  21.686546     6.6600     1.3799     0.2982     0.3807 2.0816e+02     8.1588     -0.178     -0.258     5.7044 0.0000e+00
     -0.179      0.006    10.6140     84.755     35.299  21.683846     6.6600     1.3723     0.2982     0.3807 1.8856e+02     8.1739     -0.176     -0.255     5.7064 0.0000e+00
     -0.178      0.004    10.6149     84.791     35.302  21.686221     6.6600     1.4180     0.2982     0.2961 1.8624e+02     8.2039     -0.174     -0.253     5.7086 0.0000e+00
     -0.177      0.003    10.6177     84.830     35.308  21.690345     6.6600     1.3303     0.2982     0.2961 2.1366e+02     8.0236     -0.173     -0.252     5.7106 0.0000e+00
     -0.177      0.001    10.6217     84.871     35.311  21.693358     6.6600     1.3532     0.2982     0.2961 2.0127e+02     7.9334     -0.173     -0.251     5.7122 0.0000e+00
     -0.177      0.000    10.6262     84.906     35.313  21.696064     6.6600     1.3646     0.2982     0.2961 1.8236e+02     8.0837     -0.174     -0.251     5.7131 0.0000e+00
     -0.177     -0.001    10.6306     84.935     35.316  21.699185     6.6600     1.3570     0.2982     0.4230 2.0609e+02     7.9033     -0.174     -0.252     5.7136 0.0000e+00
     -0.178     -0.001    10.6352     84.960     35.321  21.703554     6.6600     1.4104     0.2982     0.4230 1.9515e+02     7.9935     -0.174     -0.252     5.7145 0.0000e+00
     -0.178      0.000    10.6399     84.976     35.324  21.706377     6.6600     1.3990     0.2982     0.4230 2.0902e+02     7.9935     -0.174     -0.253     5.7160 0.0000e+00
     -0.178      0.000    10.6439     84.976     35.319  21.704449     6.6600     1.4295     0.2982     0.4230 2.2098e+02     7.9183     -0.175     -0.253     5.7181 0.0000e+00
     -0.178      0.001    10.6469     84.958     35.311  21.701213     6.6600     1.3990     0.2982     0.3384 2.0109e+02     8.0085     -0.175     -0.253     5.7201 0.0000e+00
     -0.178      0.001    10.6495     84.929     35.306  21.699766     6.6600     1.3875     0.2982     0.3384 1.9162e+02     8.2640     -0.175     -0.253     5.7220 0.0000e+00
     -0.177      0.002    10.6512     84.898     35.302  21.699721     6.6600     1.3646     0.2982     0.3384 2.3322e+02     8.1889     -0.174     -0.252     5.7235 0.0000e+00
     -0.177      0.002    10.6507     84.871     35.301  21.701067     6.6600     1.3990     0.2982     0.3384 1.8677e+02     8.2490     -0.173     -0.251     5.7252 0.0000e+00
     -0.176      0.002    10.6479     84.847     35.302  21.704162     6.5700     1.3990     0.2982     0.4230 2.2276e+02     8.1739     -0.173     -0.250     5.7274 0.0000e+00
     -0.175      0.002    10.6434     84.830     35.301  21.705875     6.5700     1.4142     0.2982     0.4230 2.0364e+02     8.0236     -0.172     -0.249     5.7301 0.0000e+00
     -0.175      0.002    10.6388     84.828     35.291  21.702702     6.5700     1.4066     0.2982     0.4230 1.8173e+02     7.9935     -0.171     -0.248     5.7330 0.0000e+00
     -0.175      0.001    10.6346     84.838     35.279  21.697756     6.5700     1.3684     0.2982     0.4230 2.1385e+02     8.0686     -0.171     -0.248     5.7359 0.0000e+00
     -0.174      0.001    10.6307     84.850     35.267  21.693677     6.5700     1.4066     0.2982     0.4230 2.1783e+02     8.0236     -0.171     -0.248     5.7390 0.0000e+00
     -0.174      0.001    10.6277     84.856     35.255  21.689377     6.6600     1.4829     0.2982     0.3807 1.8487e+02     8.2340     -0.171     -0.248     5.7424 0.0000e+00
     -0.174      0.001    10.6264     84.860     35.242  21.683710     6.6600     1.4524     0.2982     0.3807 1.9776e+02     8.3392     -0.171     -0.247     5.7462 0.0000e+00
     -0.174      0.000    10.6266     84.865     35.224  21.675164     6.6600     1.4829     0.2982     0.3807 1.8094e+02     8.1739     -0.171     -0.247     5.7504 0.0000e+00
     -0.174      0.000    10.6268     84.871     35.204  21.665420     6.6600     1.4447     0.2982     0.3807 2.3428e+02     8.3091     -0.171     -0.247     5.7547 0.0000e+00
     -0.174      0.000    10.6265     84.873     35.191  21.659795     6.5700     1.4791     0.3408     0.3807 2.3813e+02     8.3242     -0.171     -0.247     5.7589 0.0000e+00
     -0.174      0.000    10.6259     84.869     35.189  21.660749     6.5700     1.4638     0.3408     0.3807 2.0267e+02     8.2791     -0.170     -0.247     5.7629 0.0000e+00
     -0.174     -0.001    10.6255     84.865     35.192  21.664578     6.5700     1.4638     0.3408     0.3807 1.6049e+02     8.0987     -0.170     -0.247     5.7667 0.0000e+00
     -0.174     -0.002    10.6253     84.869     35.195  21.668344     6.5700     1.4524     0.3408     0.3807 1.8435e+02     8.2941     -0.171     -0.247     5.7702 0.0000e+00
     -0.175     -0.003    10.6247     84.878     35.199  21.673051     6.6600     1.5172     0.2982     0.2961 1.6805e+02     8.0536     -0.171     -0.248     5.7736 0.0000e+00
     -0.175     -0.004    10.6233     84.887     35.201  21.675996     6.6600     1.4943     0.2982     0.2961 1.8339e+02     7.9785     -0.172     -0.249     5.7767 0.0000e+00
     -0.177     -0.006    10.6220     84.898     35.195  21.674006     6.6600     1.5172     0.2982     0.2961 2.1021e+02     8.0236     -0.173     -0.251     5.7796 0.0000e+00
     -0.178     -0.009    10.6218     84.909     35.179  21.666551     6.6600     1.5248     0.2982     0.2961 1.9857e+02     8.0386     -0.175     -0.253     5.7824 0.0000e+00
     -0.181     -0.013    10.6221     84.918     35.156  21.655601     6.6600     1.7995     0.2982     0.2961 1.8315e+02     8.0236     -0.177     -0.257     5.7850 0.0000e+00
     -0.184     -0.017    10.6226     84.920     35.135  21.646152     6.6600     1.7881     0.2982     0.3807 1.8803e+02     7.8432     -0.180     -0.262     5.7877 0.0000e+00
     -0.189     -0.023    10.6232     84.918     35.115  21.639645     6.6600     1.7652     0.2982     0.3807 2.1158e+02     7.9634     -0.185     -0.268     5.7905 0.0000e+00
     -0.194     -0.031    10.6238     84.914     35.084  21.630384     6.6600     1.7995     0.2982     0.3807 1.8264e+02     7.9484     -0.190     -0.276     5.7937 0.0000e+00
     -0.202     -0.041    10.6237     84.907     35.037  21.615901     6.6600     1.6927     0.2982     0.3807 1.9922e+02     8.2189     -0.198     -0.287     5.7977 0.0000e+00
     -0.212     -0.054    10.6225     84.888     34.981  21.604208     6.6600     1.7156     0.2982     0.4230 1.7332e+02     8.1889     -0.208     -0.302     5.8033 0.0000e+00
     -0.226     -0.069    10.6200     84.849     34.923  21.596148     6.6600     1.7194     0.2982     0.4230 1.7193e+02     8.2791     -0.222     -0.322     5.8117 0.0000e+00
     -0.245     -0.086    10.6159     84.780     34.864  21.585614     6.6600     1.7232     0.2982     0.4230 1.6003e+02     8.2189     -0.240     -0.348     5.8250 0.0000e+00
     -0.269     -0.102    10.6093     84.659     34.814  21.573757     6.6600     1.3379     0.2982     0.4230 1.8367e+02     8.0536     -0.264     -0.383     5.8464 0.0000e+00
     -0.299     -0.116    10.5983     84.464     34.779  21.565331     6.6600     1.3532     0.2982     0.4653 3.2287e+02     8.0386     -0.293     -0.425     5.8787 0.0000e+00
     -0.333     -0.126    10.5827     84.176     34.764  21.566008     6.6600     1.3227     0.2982     0.4653 3.0727e+02     8.0085     -0.327     -0.474     5.9184 0.0000e+00
     -0.370     -0.130    10.5640     83.790     34.772  21.575969     6.6600     1.3227     0.2982     0.4653 3.2315e+02     8.0236     -0.363     -0.526     5.9557 0.0000e+00
     -0.408     -0.126    10.5416     83.317     34.793  21.585993     6.6600     1.2235     0.2982     0.4653 2.9593e+02     7.9935     -0.400     -0.580     5.9834 0.0000e+00
     -0.443     -0.114    10.5121     82.774     34.823  21.590838     6.5700     1.2120     0.2556     0.4653 2.6830e+02     8.0386     -0.435     -0.630     6.0027 0.0000e+00
     -0.474     -0.095    10.4725     82.189     34.862  21.591796     6.5700     1.2120     0.2556     0.4653 2.1002e+02     7.9634     -0.465     -0.675     6.0167 0.0000e+00
     -0.498     -0.071    10.4225     81.602     34.920  21.597037     6.5700     1.2464     0.2556     0.4653 2.0324e+02     7.9634     -0.489     -0.709     6.0239 0.0000e+00
     -0.513     -0.043    10.3647     81.052     35.027  21.623794     6.5700     1.3379     0.2556     0.4653 2.1764e+02     8.1889     -0.503     -0.730     6.0193 0.0000e+00
     -0.519     -0.015    10.3021     80.560     35.195  21.675241     6.5700     1.3532     0.2556     0.4653 2.2820e+02     8.2039     -0.509     -0.738     5.9999 0.0000e+00
     -0.517      0.011    10.2377     80.146     35.381  21.729470     6.6600     1.3379     0.3408     0.3384 2.4882e+02     8.1588     -0.507     -0.736     5.9673 0.0000e+00
     -0.510      0.034    10.1759     79.835     35.538  21.765312     6.6600     1.3303     0.3408     0.3384 2.6368e+02     8.0987     -0.500     -0.725     5.9239 0.0000e+00
     -0.497      0.054    10.1217     79.641     35.654  21.784407     6.6600     1.4066     0.3408     0.3384 2.8230e+02     8.2941     -0.487     -0.707     5.8674 0.0000e+00
     -0.479      0.070    10.0790     79.556     35.749  21.799762     6.6600     1.3799     0.3408     0.3384 2.9484e+02     8.2340     -0.470     -0.682     5.7943 0.0000e+00
     -0.458      0.082    10.0492     79.554     35.831  21.815469     6.5700     1.4104     0.2982     0.2538 3.1361e+02     8.1588     -0.450     -0.652     5.7087 0.0000e+00
     -0.434      0.092    10.0321     79.587     35.891  21.823843     6.5700     1.4066     0.2982     0.2538 3.2182e+02     8.2039     -0.426     -0.618     5.6236 0.0000e+00
     -0.408      0.099    10.0266     79.609     35.923  21.823155     6.5700     1.4753     0.2982     0.2538 3.2911e+02     8.1739     -0.401     -0.581     5.5497 0.0000e+00
     -0.381      0.104    10.0313     79.592     35.939  21.821139     6.5700     1.4524     0.2982     0.2538 3.4097e+02     8.2791     -0.374     -0.543     5.4900 0.0000e+00
     -0.354      0.106    10.0435     79.528     35.952  21.825175     6.6600     1.4867     0.2982     0.2961 3.5089e+02     8.2490     -0.347     -0.503     5.4416 0.0000e+00
     -0.326      0.106    10.0578     79.432     35.969  21.836339     6.6600     1.4638     0.2982     0.2961 3.3597e+02     8.1438     -0.320     -0.463     5.4024 0.0000e+00
     -0.298      0.104    10.0680     79.334     35.988  21.849691     6.6600     1.5783     0.2982     0.2961 2.3700e+02     8.2189     -0.292     -0.424     5.3742 0.0000e+00
     -0.271      0.100    10.0700     79.282     36.011  21.864833     6.6600     1.5935     0.2982     0.2961 2.3210e+02     8.2490     -0.266     -0.385     5.3578 0.0000e+00
     -0.245      0.096    10.0634     79.333     36.035  21.877887     6.6600     1.6050     0.2982     0.3384 2.0654e+02     8.1588     -0.241     -0.349     5.3520 0.0000e+00
     -0.221      0.091    10.0510     79.526     36.052  21.884416     6.6600     1.5935     0.2982     0.3384 2.0241e+02     8.2189     -0.217     -0.315     5.3529 0.0000e+00
     -0.199      0.087    10.0379     79.876     36.064  21.886160     6.6600     1.7003     0.2982     0.3384 2.0898e+02     8.0085     -0.195     -0.283     5.3557 0.0000e+00
     -0.179      0.084    10.0311     80.381     36.074  21.887545     6.6600     1.7080     0.2982     0.3384 2.0812e+02     7.9484     -0.175     -0.254     5.3570 0.0000e+00
     -0.159      0.083    10.0380     81.046     36.085  21.892896     6.6600     1.7232     0.2982     0.3384 2.5439e+02     7.9935     -0.156     -0.226     5.3552 0.0000e+00
     -0.139      0.083    10.0638     81.873     36.092  21.899682     6.6600     1.7194     0.3408     0.4653 1.8475e+02     7.9935     -0.136     -0.197     5.3496 0.0000e+00
     -0.118      0.085    10.1100     82.846     36.096  21.905755     6.6600     1.7804     0.3408     0.4653 1.5693e+02     8.2941     -0.115     -0.167     5.3419 0.0000e+00
     -0.095      0.086    10.1757     83.936     36.094  21.908775     6.6600     1.7690     0.3408     0.4653 1.5366e+02     8.2039     -0.093     -0.136     5.3357 0.0000e+00
     -0.073      0.088    10.2603     85.092     36.091  21.909548     6.6600     1.7690     0.3408     0.4653 1.3348e+02     8.1288     -0.071     -0.104     5.3339 0.0000e+00
     -0.050      0.090    10.3641     86.250     36.094  21.912239     6.6600     1.7881     0.2982     0.3384 1.0755e+02     8.1137     -0.049     -0.071     5.3368 0.0000e+00
     -0.027      0.091    10.4858     87.329     36.096  21.911627     6.6600     1.7156     0.2982     0.3384 1.2149e+02     8.2791     -0.026     -0.038     5.3424 0.0000e+00
     -0.003      0.091    10.6222     88.220     36.099  21.909530     6.6600     1.5744     0.2982     0.3384 1.3983e+02     8.1889     -0.003     -0.005     5.3480 0.0000e+00
      0.020      0.091    10.7675     88.807     36.118  21.915283     6.6600     1.5935     0.2982     0.3384 1.0939e+02     8.1889      0.020      0.029     5.3517 0.0000e+00
      0.044      0.090    10.9138     89.020     36.141  21.922504     6.6600     1.6240     0.3408     0.2961 1.0239e+02     8.1739      0.043      0.062     5.3527 0.0000e+00
      0.067      0.088    11.0510     88.830     36.153  21.923221     6.6600     1.5783     0.3408     0.2961 1.1242e+02     8.1889      0.066      0.095     5.3505 0.0000e+00
