Data/DataNotYetUploadedToEDI/Raw_CTD/RawDownloads/121622_bvr50_S7809001.cnv
* Sea-Bird SBE19plus  Data File:
* FileName = C:\R\Reservoirs\Data\DataNotYetUploadedToEDI\Raw_CTD\RawDownloads\121622_bvr50_S7809_0001.hex
* Software version 2.8.0.119
* Temperature SN = 7809
* Conductivity SN = 7809
* System UpLoad Time = Dec 18 2022 13:49:28
* <ApplicationData>
* <Seaterm232>
# nquan = 15
# nvalues = 1371                        
# units = specified
# name 0 = depFM: Depth [fresh water, m]
# name 1 = dz/dtM: Descent Rate [m/s]
# name 2 = sbeox0Mg/L: Oxygen, SBE 43 [mg/l]
# name 3 = sbeox0PS: Oxygen, SBE 43 [% saturation]
# name 4 = specc: Specific Conductance [uS/cm]
# name 5 = c0uS/cm: Conductivity [uS/cm]
# name 6 = flECO-AFL: Fluorescence, WET Labs ECO-AFL/FL [mg/m^3]
# name 7 = ph: pH
# name 8 = orp: Oxidation Reduction Potential [mV]
# name 9 = par/sat/log: PAR/Logarithmic, Satlantic
# name 10 = turbWETntu0: Turbidity, WET Labs ECO [NTU]
# name 11 = prdM: Pressure, Strain Gauge [db]
# name 12 = prdE: Pressure, Strain Gauge [psi]
# name 13 = tv290C: Temperature [ITS-90, deg C]
# name 14 = flag:  0.000e+00
# span 0 =     -0.839,      7.975       
# span 1 =     -0.472,      4.207       
# span 2 =     6.3986,     9.2471       
# span 3 =     50.296,     73.094       
# span 4 =      5.354,     43.888       
# span 5 =   3.352848,  26.813280       
# span 6 =    -0.4173,     5.0732       
# span 7 =     -2.957,      8.867       
# span 8 =  -665.0714,  1240.2295       
# span 9 = 1.2364e-01, 7.1946e+02       
# span 10 =    -6.7001,    13.4301      
# span 11 =     -0.825,      7.821      
# span 12 =     -1.197,     11.344      
# span 13 =     5.0910,     6.3203      
# span 14 = 0.0000e+00, 0.0000e+00      
# interval = seconds: 0.25
# start_time = Dec 16 2022 08:32:35 [Instrument's time stamp, header]
# bad_flag = -9.990e-29
*END*
[from data line 290]
      1.506      0.078     7.0888     55.547     36.685  22.176372     2.6948      8.199   238.1195 4.0581e+01     8.4123      1.476      2.141     5.2323 0.0000e+00
      1.527      0.087     7.0841     55.474     36.646  22.151923     2.6645      8.198   238.3894 4.0383e+01     8.4466      1.496      2.170     5.2306 0.0000e+00
      1.555      0.090     7.0814     55.389     36.665  22.162274     2.6736      8.199   238.5300 3.8499e+01     8.4423      1.523      2.209     5.2293 0.0000e+00
      1.586      0.089     7.0654     55.276     36.794  22.238158     2.7972      8.199   238.7018 3.5623e+01     8.4278      1.558      2.260     5.2274 0.0000e+00
      1.612      0.082     7.0483     55.166     36.809  22.245606     3.0275      8.199   238.8310 3.4938e+01     8.3739      1.585      2.299     5.2241 0.0000e+00
      1.631      0.070     7.0450     55.061     36.716  22.188956     3.1607      8.199   238.9745 3.4365e+01     8.3722      1.600      2.319     5.2222 0.0000e+00
      1.646      0.055     7.0342     54.976     36.711  22.186913     3.1843      8.198   239.1465 3.3854e+01     8.4408      1.615      2.342     5.2230 0.0000e+00
      1.658      0.040     7.0170     54.920     36.767  22.220913     3.1209      8.198   239.1894 3.3918e+01     8.4524      1.629      2.361     5.2195 0.0000e+00
      1.666      0.028     7.0060     54.855     36.765  22.219808     2.9764      8.198   239.2351 3.4600e+01     8.4102      1.635      2.371     5.2137 0.0000e+00
      1.670      0.021     6.9910     54.773     36.688  22.173560     2.8946      8.198   239.3552 3.5638e+01     8.3739      1.637      2.375     5.2155 0.0000e+00
      1.672      0.019     6.9782     54.706     36.577  22.105329     2.8892      8.198   239.5228 3.5868e+01     8.3897      1.640      2.379     5.2180 0.0000e+00
      1.673      0.028     6.9749     54.652     36.558  22.091922     2.8526      8.197   239.7987 3.6867e+01     8.4641      1.641      2.380     5.2168 0.0000e+00
      1.675      0.047     6.9668     54.584     36.744  22.201567     2.7768      8.195   239.9372 3.7177e+01     8.5564      1.640      2.379     5.2178 0.0000e+00
      1.681      0.069     6.9532     54.511     36.892  22.290335     2.7301      8.192   239.9077 3.5815e+01     8.6178      1.645      2.386     5.2179 0.0000e+00
      1.700      0.088     6.9455     54.443     36.759  22.214643     2.7207      8.189   240.0433 3.4972e+01     8.6598      1.659      2.406     5.2163 0.0000e+00
      1.735      0.100     6.9416     54.383     36.576  22.110222     2.7295      8.186   240.2013 3.3492e+01     8.6538      1.695      2.459     5.2147 0.0000e+00
      1.780      0.105     6.9323     54.333     36.566  22.105103     2.8034      8.185   240.2688 3.1137e+01     8.5458      1.750      2.537     5.2094 0.0000e+00
      1.816      0.106     6.9233     54.308     36.756  22.216120     2.9319      8.184   240.5153 2.9362e+01     8.4468      1.788      2.593     5.2046 0.0000e+00
      1.835      0.103     6.9138     54.337     36.921  22.311823     3.0017      8.183   240.8590 2.8333e+01     8.4477      1.802      2.614     5.2140 0.0000e+00
      1.845      0.093     6.9026     54.403     36.812  22.248291     3.0231      8.182   241.0680 2.7528e+01     8.4547      1.806      2.619     5.2268 0.0000e+00
      1.864      0.082     6.8974     54.487     36.737  22.208430     3.0906      8.182   241.1501 2.6851e+01     8.4290      1.821      2.640     5.2282 0.0000e+00
      1.895      0.075     6.8916     54.639     36.842  22.273470     3.1860      8.182   241.1639 2.6234e+01     8.4103      1.861      2.700     5.2202 0.0000e+00
      1.922      0.069     6.8991     54.868     36.846  22.274231     3.2352      8.182   241.2339 2.5887e+01     8.4332      1.892      2.744     5.2094 0.0000e+00
      1.937      0.061     6.9095     55.143     36.752  22.217624     3.2439      8.182   241.3947 2.5608e+01     8.5009      1.900      2.755     5.2153 0.0000e+00
      1.947      0.049     6.9122     55.468     36.759  22.222753     3.2328      8.183   241.5594 2.4769e+01     8.5799      1.910      2.770     5.2289 0.0000e+00
      1.956      0.038     6.9317     55.809     36.843  22.272874     3.2008      8.183   241.6764 2.4367e+01     8.6363      1.920      2.784     5.2280 0.0000e+00
      1.961      0.031     6.9653     56.119     36.811  22.253298     3.1747      8.182   241.6905 2.4647e+01     8.6360      1.924      2.791     5.2232 0.0000e+00
      1.966      0.028     6.9974     56.408     36.681  22.176172     3.1829      8.182   241.7298 2.4377e+01     8.6448      1.927      2.795     5.2255 0.0000e+00
      1.974      0.032     7.0399     56.690     36.662  22.164178     3.2923      8.182   241.8930 2.3658e+01     8.6744      1.936      2.806     5.2277 0.0000e+00
      1.983      0.043     7.0882     56.924     36.783  22.235027     3.4559      8.182   242.1159 2.3513e+01     8.6526      1.946      2.823     5.2247 0.0000e+00
      1.988      0.060     7.1252     57.089     36.848  22.272342     3.5304      8.180   242.3595 2.3689e+01     8.6204      1.950      2.829     5.2247 0.0000e+00
      1.996      0.079     7.1597     57.197     36.782  22.235116     3.5272      8.178   242.6018 2.3298e+01     8.6269      1.952      2.832     5.2288 0.0000e+00
      2.019      0.096     7.1989     57.250     36.765  22.228533     3.4169      8.177   242.8087 2.2493e+01     8.6626      1.973      2.862     5.2287 0.0000e+00
      2.058      0.107     7.2311     57.262     36.811  22.256121     3.2123      8.178   242.8827 2.1529e+01     8.7109      2.019      2.930     5.2232 0.0000e+00
      2.098      0.112     7.2504     57.252     36.810  22.251819     3.1005      8.178   242.8935 2.0374e+01     8.6980      2.061      2.990     5.2175 0.0000e+00
      2.130      0.108     7.2649     57.243     36.797  22.239886     3.0885      8.176   243.0253 1.9775e+01     8.6433      2.090      3.031     5.2235 0.0000e+00
      2.157      0.098     7.2680     57.259     36.800  22.238579     3.0841      8.176   243.1856 1.9530e+01     8.6299      2.117      3.071     5.2328 0.0000e+00
      2.178      0.084     7.2696     57.288     36.799  22.236010     3.0725      8.177   243.3693 1.9144e+01     8.5699      2.139      3.102     5.2307 0.0000e+00
      2.194      0.072     7.2690     57.313     36.755  22.208826     3.0559      8.179   243.5252 1.9136e+01     8.4310      2.152      3.122     5.2238 0.0000e+00
      2.208      0.063     7.2662     57.320     36.681  22.163385     3.0498      8.179   243.5219 1.8672e+01     8.3512      2.163      3.139     5.2181 0.0000e+00
      2.223      0.055     7.2713     57.306     36.628  22.130180     3.0488      8.178   243.5874 1.7372e+01     8.3903      2.179      3.160     5.2140 0.0000e+00
      2.239      0.046     7.2753     57.259     36.619  22.124218     2.9281      8.178   243.7150 1.6612e+01     8.4596      2.197      3.186     5.2112 0.0000e+00
      2.253      0.040     7.2803     57.164     36.673  22.154669     2.6891      8.178   243.7750 1.6430e+01     8.4381      2.212      3.207     5.2103 0.0000e+00
      2.262      0.035     7.2802     57.040     36.722  22.181499     2.5562      8.178   243.8825 1.6470e+01     8.3691      2.222      3.221     5.2098 0.0000e+00
      2.265      0.034     7.2794     56.898     36.748  22.195126     2.5614      8.179   244.0678 1.6825e+01     8.3768      2.224      3.224     5.2085 0.0000e+00
      2.267      0.035     7.2753     56.729     36.748  22.192681     2.7439      8.180   244.2087 1.7071e+01     8.4293      2.222      3.222     5.2077 0.0000e+00
      2.273      0.039     7.2618     56.554     36.680  22.151936     3.0726      8.180   244.2091 1.6984e+01     8.4568      2.226      3.227     5.2053 0.0000e+00
      2.288      0.045     7.2457     56.407     36.670  22.146082     3.2400      8.179   244.2452 1.6450e+01     8.4358      2.241      3.250     5.2015 0.0000e+00
      2.307      0.052     7.2305     56.267     36.737  22.185283     3.2365      8.179   244.3870 1.5717e+01     8.3793      2.265      3.285     5.1977 0.0000e+00
      2.322      0.059     7.2085     56.126     36.735  22.182313     3.1962      8.179   244.4609 1.5230e+01     8.3890      2.279      3.306     5.1932 0.0000e+00
      2.333      0.065     7.1828     56.007     36.720  22.173530     3.1268      8.179   244.5367 1.4938e+01     8.4513      2.286      3.317     5.1939 0.0000e+00
      2.347      0.068     7.1664     55.916     36.771  22.205838     3.0802      8.179   244.6147 1.4732e+01     8.4486      2.301      3.337     5.1968 0.0000e+00
      2.365      0.068     7.1496     55.817     36.745  22.192711     3.0580      8.179   244.6299 1.4723e+01     8.4249      2.319      3.363     5.1936 0.0000e+00
      2.386      0.065     7.1305     55.699     36.656  22.141560     3.0078      8.179   244.7209 1.4528e+01     8.4382      2.338      3.391     5.1901 0.0000e+00
      2.411      0.059     7.1142     55.580     36.681  22.157720     2.9391      8.179   244.8537 1.3985e+01     8.4392      2.367      3.434     5.1914 0.0000e+00
      2.431      0.049     7.1057     55.481     36.749  22.197988     2.9100      8.178   244.9451 1.3658e+01     8.4019      2.389      3.466     5.1928 0.0000e+00
      2.439      0.037     7.0923     55.406     36.729  22.184837     2.9063      8.178   245.0516 1.3547e+01     8.3636      2.393      3.470     5.1958 0.0000e+00
      2.441      0.026     7.0755     55.344     36.737  22.188827     2.9019      8.178   245.1955 1.3462e+01     8.3514      2.393      3.471     5.2023 0.0000e+00
      2.442      0.019     7.0589     55.278     36.832  22.246229     3.0152      8.178   245.3082 1.3392e+01     8.3910      2.395      3.474     5.2030 0.0000e+00
      2.443      0.017     7.0463     55.195     36.829  22.245163     3.2360      8.179   245.3820 1.3066e+01     8.4326      2.396      3.474     5.2009 0.0000e+00
      2.446      0.019     7.0382     55.125     36.710  22.175935     3.3490      8.180   245.4851 1.2650e+01     8.4101      2.397      3.477     5.1996 0.0000e+00
      2.454      0.023     7.0306     55.097     36.695  22.169658     3.3582      8.180   245.5227 1.2394e+01     8.3934      2.406      3.490     5.1987 0.0000e+00
      2.463      0.028     7.0245     55.080     36.799  22.232650     3.4216      8.180   245.4925 1.2097e+01     8.4696      2.416      3.504     5.1976 0.0000e+00
      2.469      0.032     7.0111     55.045     36.812  22.240470     3.5406      8.180   245.5501 1.1846e+01     8.6131      2.422      3.513     5.1983 0.0000e+00
      2.476      0.033     6.9994     55.034     36.747  22.200845     3.5995      8.180   245.7029 1.1663e+01     8.6596      2.427      3.518     5.2043 0.0000e+00
      2.486      0.031     6.9968     55.058     36.740  22.197142     3.5835      8.179   245.7909 1.1436e+01     8.5885      2.437      3.534     5.2074 0.0000e+00
      2.497      0.027     6.9985     55.084     36.737  22.195706     3.5135      8.178   245.7539 1.1231e+01     8.5041      2.450      3.555     5.2068 0.0000e+00
      2.505      0.024     6.9895     55.116     36.717  22.183478     3.4025      8.177   245.8579 1.1104e+01     8.4259      2.458      3.565     5.2062 0.0000e+00
      2.510      0.019     6.9878     55.172     36.705  22.176040     3.3403      8.179   246.0162 1.1084e+01     8.3945      2.463      3.572     5.2063 0.0000e+00
      2.512      0.014     6.9938     55.243     36.695  22.169143     3.3275      8.181   246.0323 1.1056e+01     8.3971      2.462      3.571     5.2074 0.0000e+00
      2.513      0.012     6.9959     55.308     36.687  22.163459     3.3231      8.180   246.1396 1.0977e+01     8.4240      2.464      3.574     5.2076 0.0000e+00
      2.515      0.017     6.9991     55.372     36.701  22.170686     3.3375      8.180   246.2803 1.0912e+01     8.4796      2.468      3.579     5.2070 0.0000e+00
      2.515      0.026     7.0063     55.425     36.740  22.193149     3.3605      8.180   246.2711 1.0894e+01     8.4551      2.467      3.577     5.2071 0.0000e+00
      2.519      0.035     7.0178     55.451     36.722  22.181572     3.3672      8.180   246.2861 1.0931e+01     8.3671      2.469      3.581     5.2068 0.0000e+00
      2.531      0.041     7.0242     55.462     36.680  22.157442     3.3520      8.180   246.4620 1.0881e+01     8.3374      2.478      3.594     5.2049 0.0000e+00
      2.550      0.043     7.0343     55.461     36.672  22.154889     3.3346      8.179   246.6773 1.0686e+01     8.3698      2.500      3.626     5.2032 0.0000e+00
      2.569      0.043     7.0424     55.436     36.663  22.150699     3.3320      8.178   246.8239 1.0517e+01     8.3833      2.524      3.660     5.2009 0.0000e+00
      2.581      0.040     7.0446     55.393     36.696  22.170164     3.3369      8.178   246.8582 1.0541e+01     8.3638      2.532      3.674     5.1998 0.0000e+00
      2.586      0.038     7.0452     55.348     36.750  22.200119     3.3276      8.178   246.9199 1.0776e+01     8.3726      2.537      3.680     5.2033 0.0000e+00
      2.588      0.036     7.0459     55.288     36.745  22.196025     3.2946      8.179   247.0533 1.1007e+01     8.4553      2.538      3.681     5.2063 0.0000e+00
      2.593      0.036     7.0419     55.208     36.723  22.184031     3.2631      8.179   247.0942 1.1012e+01     8.5789      2.539      3.682     5.2078 0.0000e+00
      2.605      0.039     7.0347     55.143     36.717  22.181850     3.2536      8.178   247.0709 1.0856e+01     8.6373      2.553      3.703     5.2084 0.0000e+00
      2.622      0.041     7.0313     55.086     36.695  22.169650     3.2548      8.178   247.0294 1.0592e+01     8.6145      2.573      3.732     5.2035 0.0000e+00
      2.635      0.041     7.0254     55.004     36.685  22.163270     3.2774      8.179   247.0226 1.0307e+01     8.5762      2.586      3.750     5.1996 0.0000e+00
      2.645      0.036     7.0115     54.938     36.693  22.168076     3.3276      8.179   247.0756 1.0197e+01     8.5842      2.595      3.763     5.2042 0.0000e+00
      2.653      0.028     7.0017     54.889     36.687  22.164393     3.3626      8.177   247.1531 1.0121e+01     8.6428      2.602      3.774     5.2064 0.0000e+00
      2.659      0.021     7.0009     54.829     36.718  22.182104     3.3751      8.176   247.1856 1.0066e+01     8.6701      2.609      3.784     5.2063 0.0000e+00
      2.662      0.018     6.9836     54.783     36.737  22.192109     3.4291      8.177   247.1241 1.0138e+01     8.6412      2.612      3.789     5.2067 0.0000e+00
      2.662      0.018     6.9764     54.738     36.684  22.158619     3.5323      8.177   247.0981 1.0178e+01     8.6351      2.609      3.784     5.2059 0.0000e+00
      2.664      0.023     6.9746     54.703     36.685  22.157411     3.6001      8.178   247.1295 1.0162e+01     8.6301      2.610      3.785     5.2062 0.0000e+00
      2.670      0.030     6.9610     54.695     36.722  22.177494     3.5996      8.178   247.0736 9.9942e+00     8.5806      2.617      3.795     5.2047 0.0000e+00
      2.679      0.040     6.9604     54.693     36.677  22.147948     3.5089      8.179   247.0242 9.7122e+00     8.5153      2.626      3.809     5.2025 0.0000e+00
      2.692      0.049     6.9529     54.677     36.629  22.117029     3.3695      8.179   247.1346 9.4978e+00     8.4552      2.638      3.826     5.2011 0.0000e+00
      2.707      0.055     6.9472     54.649     36.635  22.120512     3.3124      8.179   247.2036 9.2571e+00     8.4343      2.655      3.850     5.1992 0.0000e+00
      2.724      0.057     6.9490     54.623     36.644  22.126693     3.3171      8.179   247.1709 8.9856e+00     8.3998      2.671      3.875     5.1958 0.0000e+00
