Data/DataNotYetUploadedToEDI/Raw_CTD/RawDownloads/121622_bvr50_S8188001.cnv
* Sea-Bird SBE19plus  Data File:
* FileName = C:\R\Reservoirs\Data\DataNotYetUploadedToEDI\Raw_CTD\RawDownloads\121622_bvr50_S8188_0001.hex
* Software version 2.8.0.119
* Temperature SN = 8188
* Conductivity SN = 8188
* System UpLoad Time = Dec 18 2022 13:58:22
* <ApplicationData>
* <Seaterm232>
# nquan = 16
# nvalues = 1387                        
# units = specified
# name 0 = depFM: Depth [fresh water, m]
# name 1 = dz/dtM: Descent Rate [m/s]
# name 2 = sbeox0Mg/L: Oxygen, SBE 43 [mg/l]
# name 3 = sbeox0PS: Oxygen, SBE 43 [% saturation]
# name 4 = specc: Specific Conductance [uS/cm]
# name 5 = c0uS/cm: Conductivity [uS/cm]
# name 6 = wetCDOM: Fluorescence, WET Labs CDOM [mg/m^3]
# name 7 = flECO-AFL: Fluorescence, WET Labs ECO-AFL/FL [mg/m^3]
# name 8 = flECO-AFL1: Fluorescence, WET Labs ECO-AFL/FL, 2 [mg/m^3]
# name 9 = flECO-AFL2: Fluorescence, WET Labs ECO-AFL/FL, 3 [mg/m^3]
# name 10 = par/sat/log: PAR/Logarithmic, Satlantic
# name 11 = turbWETntu0: Turbidity, WET Labs ECO [NTU]
# name 12 = prdM: Pressure, Strain Gauge [db]
# name 13 = prdE: Pressure, Strain Gauge [psi]
# name 14 = tv290C: Temperature [ITS-90, deg C]
# name 15 = flag:  0.000e+00
# span 0 =     -0.850,      7.951       
# span 1 =     -0.254,      0.168       
# span 2 =     7.9334,    11.2716       
# span 3 =     62.342,     89.020       
# span 4 =      0.523,     36.656       
# span 5 =   0.337080,  22.066063       
# span 6 =    -4.5000,   367.2000       
# span 7 =    -0.2414,     7.9222       
# span 8 =    -2.1300,    57.6378       
# span 9 =    -3.5109,    12.3093       
# span 10 = 1.1597e-01, 9.2085e+02      
# span 11 =    -0.4084,   966.1797      
# span 12 =     -0.833,      7.798      
# span 13 =     -1.209,     11.310      
# span 14 =     5.0902,     7.1979      
# span 15 = 0.0000e+00, 0.0000e+00      
# interval = seconds: 0.25
# start_time = Dec 16 2022 08:47:10 [Instrument's time stamp, header]
# bad_flag = -9.990e-29
*END*
[from data line 904]
      7.099      0.040    10.0760     80.167     36.233  21.814646     6.7500     2.7379     0.2982     0.4653 1.1610e-01     8.2340      6.962     10.097     5.1024 0.0000e+00
      7.109      0.040    10.1096     80.428     36.206  21.798319     6.7500     2.7761     0.2982     0.4653 1.1615e-01     8.2189      6.972     10.111     5.1025 0.0000e+00
      7.119      0.041    10.1424     80.671     36.198  21.793826     6.7500     2.8219     0.2982     0.4653 1.1617e-01     8.2791      6.982     10.126     5.1026 0.0000e+00
      7.130      0.041    10.1758     80.875     36.215  21.803927     6.7500     2.8181     0.2982     0.3384 1.1617e-01     8.2189      6.992     10.141     5.1026 0.0000e+00
      7.140      0.042    10.2096     81.026     36.241  21.819439     6.7500     2.8181     0.2982     0.3384 1.1623e-01     8.2189      7.002     10.156     5.1025 0.0000e+00
      7.151      0.042    10.2429     81.123     36.264  21.832624     6.7500     2.8104     0.2982     0.3384 1.1623e-01     8.2189      7.013     10.171     5.1024 0.0000e+00
      7.162      0.042    10.2739     81.168     36.275  21.839081     6.7500     3.1843     0.2982     0.3384 1.1625e-01     8.1889      7.024     10.187     5.1022 0.0000e+00
      7.173      0.041    10.2999     81.165     36.277  21.840532     6.7500     3.2148     0.2982     0.3384 1.1620e-01     8.2189      7.035     10.203     5.1021 0.0000e+00
      7.184      0.040    10.3191     81.128     36.279  21.841322     6.7500     3.1919     0.2982     0.3384 1.1605e-01     8.1889      7.045     10.218     5.1019 0.0000e+00
      7.194      0.039    10.3315     81.076     36.280  21.841660     6.7500     3.2072     0.2982     0.3384 1.1623e-01     8.1588      7.055     10.232     5.1016 0.0000e+00
      7.204      0.038    10.3373     81.025     36.287  21.845597     6.7500     3.1576     0.2982     0.3384 1.1623e-01     8.1588      7.064     10.246     5.1013 0.0000e+00
      7.213      0.037    10.3370     80.993     36.301  21.854183     6.7500     3.1080     0.2982     0.3384 1.1605e-01     8.1588      7.073     10.259     5.1010 0.0000e+00
      7.222      0.037    10.3324     80.988     36.314  21.861789     6.7500     3.1270     0.2982     0.3807 1.1612e-01     8.1889      7.083     10.272     5.1006 0.0000e+00
      7.232      0.037    10.3258     81.011     36.322  21.866486     6.7500     3.1232     0.2982     0.3807 1.1617e-01     8.2189      7.092     10.286     5.1003 0.0000e+00
      7.241      0.038    10.3195     81.067     36.321  21.865567     6.7500     2.9592     0.2982     0.3807 1.1628e-01     8.1889      7.101     10.299     5.1001 0.0000e+00
      7.251      0.040    10.3155     81.153     36.303  21.854829     6.7500     2.9439     0.2982     0.3807 1.1612e-01     8.2189      7.110     10.313     5.0998 0.0000e+00
      7.261      0.042    10.3149     81.247     36.278  21.839326     6.7500     2.9287     0.3408     0.3384 1.1605e-01     8.2039      7.120     10.327     5.0996 0.0000e+00
      7.271      0.044    10.3179     81.331     36.258  21.826798     6.7500     2.9287     0.3408     0.3384 1.1620e-01     8.1889      7.130     10.342     5.0994 0.0000e+00
      7.283      0.047    10.3251     81.390     36.250  21.821823     6.7500     3.0088     0.3408     0.3384 1.1630e-01     8.1588      7.142     10.358     5.0992 0.0000e+00
      7.295      0.050    10.3360     81.413     36.267  21.830991     6.7500     3.0126     0.3408     0.3384 1.1635e-01     8.2189      7.154     10.376     5.0990 0.0000e+00
      7.308      0.053    10.3482     81.395     36.304  21.852787     6.7500     3.0050     0.2982     0.3807 1.1633e-01     8.2189      7.167     10.395     5.0985 0.0000e+00
      7.322      0.056    10.3591     81.346     36.338  21.873231     6.7500     3.0164     0.2982     0.3807 1.1610e-01     8.0837      7.181     10.414     5.0979 0.0000e+00
      7.336      0.058    10.3668     81.291     36.360  21.885900     6.7500     2.8791     0.2982     0.3807 1.1620e-01     8.2490      7.195     10.435     5.0972 0.0000e+00
      7.352      0.059    10.3699     81.266     36.374  21.894171     6.7500     2.8791     0.2982     0.3807 1.1610e-01     8.2490      7.210     10.457     5.0965 0.0000e+00
      7.368      0.059    10.3678     81.297     36.378  21.896293     6.7500     2.8943     0.2982     0.3807 1.1623e-01     8.1739      7.226     10.480     5.0959 0.0000e+00
      7.384      0.058    10.3616     81.386     36.373  21.892829     6.7500     2.9020     0.2982     0.3807 1.1630e-01     8.2791      7.242     10.503     5.0953 0.0000e+00
      7.400      0.057    10.3547     81.525     36.363  21.886817     6.7500     2.9172     0.2982     0.3807 1.1620e-01     8.2490      7.257     10.525     5.0947 0.0000e+00
      7.414      0.054    10.3517     81.707     36.340  21.872692     6.7500     2.9249     0.2982     0.3807 1.1612e-01     8.2039      7.271     10.545     5.0943 0.0000e+00
      7.427      0.052    10.3558     81.920     36.310  21.854607     6.7500     2.9210     0.2982     0.3807 1.1623e-01     8.2189      7.283     10.563     5.0939 0.0000e+00
      7.439      0.050    10.3671     82.144     36.299  21.847532     6.7500     2.9439     0.2982     0.3384 1.1607e-01     8.2640      7.295     10.581     5.0937 0.0000e+00
      7.451      0.048    10.3849     82.356     36.303  21.849578     6.7500     2.2764     0.2982     0.3384 1.1643e-01     8.2791      7.307     10.598     5.0935 0.0000e+00
      7.463      0.046    10.4082     82.529     36.309  21.853376     6.7500     2.2687     0.2982     0.3384 1.1605e-01     8.2189      7.319     10.616     5.0933 0.0000e+00
      7.476      0.044    10.4354     82.652     36.320  21.859938     6.7500     2.2725     0.2982     0.3384 1.1615e-01     8.2189      7.331     10.633     5.0931 0.0000e+00
      7.487      0.043    10.4640     82.734     36.339  21.871013     6.7500     2.2764     0.3408     0.4653 1.1605e-01     8.0536      7.342     10.649     5.0929 0.0000e+00
      7.498      0.042    10.4910     82.785     36.359  21.883617     6.7500     2.3832     0.3408     0.4653 1.1623e-01     8.1588      7.352     10.664     5.0926 0.0000e+00
      7.507      0.041    10.5131     82.810     36.362  21.885277     6.7500     2.4022     0.3408     0.4653 1.1628e-01     8.2340      7.362     10.678     5.0924 0.0000e+00
      7.516      0.043    10.5288     82.812     36.341  21.872476     6.7500     2.3794     0.3408     0.4653 1.1628e-01     8.1588      7.371     10.691     5.0923 0.0000e+00
      7.526      0.045    10.5393     82.805     36.316  21.857636     6.8400     2.4022     0.2982     0.3807 1.1605e-01     8.2340      7.381     10.705     5.0922 0.0000e+00
      7.537      0.049    10.5458     82.804     36.305  21.850654     6.8400     2.5167     0.2982     0.3807 1.1633e-01     8.1438      7.392     10.721     5.0922 0.0000e+00
      7.550      0.054    10.5489     82.816     36.310  21.853628     6.8400     2.5358     0.2982     0.3807 1.1628e-01     8.1438      7.404     10.739     5.0922 0.0000e+00
      7.565      0.059    10.5492     82.832     36.327  21.863391     6.8400     2.5014     0.2982     0.3807 1.1620e-01     8.1889      7.419     10.760     5.0923 0.0000e+00
      7.581      0.063    10.5483     82.838     36.339  21.870670     6.8400     2.5091     0.2982     0.3807 1.1628e-01     8.2039      7.435     10.783     5.0923 0.0000e+00
      7.599      0.066    10.5482     82.837     36.338  21.869491     6.7500     2.7608     0.2982     0.3807 1.1628e-01     8.3542      7.452     10.808     5.0921 0.0000e+00
      7.617      0.068    10.5498     82.838     36.335  21.867456     6.7500     2.7379     0.2982     0.3807 1.1620e-01     8.5646      7.470     10.834     5.0919 0.0000e+00
      7.635      0.068    10.5519     82.849     36.342  21.871939     6.7500     2.7570     0.2982     0.3807 1.1612e-01     8.3542      7.487     10.860     5.0915 0.0000e+00
      7.653      0.066    10.5529     82.870     36.356  21.880177     6.7500     2.7418     0.2982     0.3807 1.1615e-01     8.3542      7.505     10.885     5.0912 0.0000e+00
      7.670      0.064    10.5528     82.906     36.367  21.886450     6.7500     2.6273     0.2982     0.4653 1.1615e-01     8.4444      7.522     10.909     5.0909 0.0000e+00
      7.686      0.060    10.5530     82.961     36.370  21.888472     6.7500     2.6388     0.2982     0.4653 1.1620e-01     8.4594      7.537     10.932     5.0906 0.0000e+00
      7.701      0.056    10.5544     83.034     36.374  21.890741     6.7500     2.6388     0.2982     0.4653 1.1620e-01     8.4594      7.552     10.953     5.0904 0.0000e+00
      7.715      0.053    10.5572     83.116     36.386  21.897820     6.7500     2.6502     0.2982     0.4653 1.1612e-01     8.4444      7.566     10.973     5.0903 0.0000e+00
      7.727      0.049    10.5618     83.195     36.408  21.911598     6.7500     2.4595     0.2982     0.4230 1.1612e-01     8.2791      7.578     10.991     5.0902 0.0000e+00
      7.739      0.046    10.5688     83.259     36.432  21.925851     6.7500     2.4633     0.2982     0.4230 1.1617e-01     8.1739      7.590     11.008     5.0902 0.0000e+00
      7.751      0.043    10.5781     83.297     36.439  21.930525     6.7500     2.4556     0.2982     0.4230 1.1628e-01     8.1288      7.601     11.024     5.0902 0.0000e+00
      7.761      0.040    10.5885     83.305     36.433  21.926869     6.7500     2.4595     0.2982     0.4230 1.1625e-01     8.1438      7.611     11.038     5.0902 0.0000e+00
      7.770      0.039    10.5985     83.290     36.425  21.921822     6.8400     2.2611     0.2982     0.5076 1.1607e-01     8.4444      7.620     11.052     5.0904 0.0000e+00
      7.779      0.038    10.6066     83.253     36.418  21.917999     6.8400     2.2840     0.2982     0.5076 1.1628e-01     8.5646      7.629     11.065     5.0905 0.0000e+00
      7.789      0.037    10.6114     83.202     36.405  21.910420     6.8400     2.2649     0.2982     0.5076 1.1628e-01     8.5195      7.638     11.078     5.0907 0.0000e+00
      7.798      0.037    10.6124     83.144     36.392  21.903004     6.8400     2.2382     0.2982     0.5076 1.1620e-01     8.5797      7.648     11.092     5.0909 0.0000e+00
      7.808      0.036    10.6104     83.085     36.393  21.903669     6.8400     2.3259     0.2982     0.5076 1.1630e-01     8.6698      7.657     11.105     5.0910 0.0000e+00
      7.817      0.036    10.6057     83.037     36.394  21.904674     6.7500     2.3259     0.2982     0.4230 1.1612e-01     8.7450      7.666     11.119     5.0911 0.0000e+00
      7.826      0.035    10.5991     83.013     36.384  21.898370     6.7500     2.3374     0.2982     0.4230 1.1612e-01     8.7300      7.675     11.132     5.0914 0.0000e+00
      7.835      0.033    10.5917     83.006     36.371  21.890994     6.7500     2.3298     0.2982     0.4230 1.1612e-01     8.6999      7.684     11.144     5.0917 0.0000e+00
      7.844      0.032    10.5840     83.009     36.367  21.888496     6.7500     2.6006     0.2982     0.4230 1.1623e-01     9.7520      7.692     11.156     5.0920 0.0000e+00
      7.852      0.030    10.5779     83.023     36.356  21.882292     6.7500     2.5701     0.2982     0.4230 1.1612e-01     9.6769      7.700     11.168     5.0923 0.0000e+00
      7.859      0.027    10.5748     83.042     36.330  21.866770     6.7500     2.5739     0.2982     0.4230 1.1633e-01     9.7370      7.707     11.178     5.0926 0.0000e+00
      7.866      0.025    10.5739     83.061     36.302  21.849666     6.7500     2.6082     0.2982     0.4230 1.1612e-01     9.6618      7.713     11.187     5.0927 0.0000e+00
      7.871      0.024    10.5742     83.080     36.290  21.842253     6.7500     2.7723     0.2982     0.4230 1.1617e-01    11.0747      7.719     11.196     5.0929 0.0000e+00
      7.877      0.022    10.5759     83.095     36.297  21.846514     6.7500     2.7608     0.3408     0.5076 1.1633e-01    10.9995      7.725     11.204     5.0931 0.0000e+00
      7.882      0.021    10.5783     83.105     36.306  21.851708     6.7500     2.7646     0.3408     0.5076 1.1612e-01    10.9995      7.730     11.211     5.0932 0.0000e+00
      7.887      0.020    10.5807     83.102     36.312  21.855262     6.7500     2.7875     0.3408     0.5076 1.1617e-01    11.1047      7.734     11.218     5.0933 0.0000e+00
      7.892      0.019    10.5831     83.077     36.323  21.862083     6.7500     2.8943     0.3408     0.5076 1.1635e-01    12.6528      7.739     11.225     5.0932 0.0000e+00
      7.897      0.019    10.5850     83.023     36.343  21.873989     6.7500     2.8867     0.3834     0.2961 1.1623e-01    12.6378      7.744     11.231     5.0932 0.0000e+00
      7.901      0.020    10.5863     82.944     36.366  21.888217     6.7500     2.8943     0.3834     0.2961 1.1617e-01    12.6829      7.748     11.238     5.0931 0.0000e+00
      7.906      0.020    10.5860     82.855     36.383  21.898666     6.7500     2.8753     0.3834     0.2961 1.1628e-01    12.6679      7.753     11.245     5.0931 0.0000e+00
      7.912      0.020    10.5827     82.776     36.395  21.906143     6.7500     4.0578     0.3834     0.2961 1.1605e-01   114.8427      7.758     11.253     5.0930 0.0000e+00
      7.917      0.020    10.5759     82.729     36.403  21.910661     6.7500     4.0655     0.3834     0.2961 1.1610e-01   114.7075      7.764     11.260     5.0930 0.0000e+00
      7.922      0.019    10.5659     82.724     36.397  21.907488     6.8400     4.0388     0.5964     0.7191 1.1605e-01   114.7526      7.769     11.268     5.0930 0.0000e+00
      7.927      0.017    10.5545     82.758     36.374  21.893799     6.8400     4.0693     0.5964     0.7191 1.1620e-01   114.7826      7.774     11.275     5.0930 0.0000e+00
      7.932      0.016    10.5444     82.820     36.344  21.875838     6.8400     3.9320     0.5964     0.7191 1.1612e-01   302.8096      7.778     11.281     5.0932 0.0000e+00
      7.935      0.014    10.5383     82.896     36.322  21.862673     6.8400     3.9053     0.5964     0.7191 1.1612e-01   302.8096      7.782     11.287     5.0934 0.0000e+00
      7.938      0.012    10.5377     82.963     36.302  21.850792     1.1700     3.9281     0.8520     2.4534 1.1605e-01   302.7495      7.785     11.291     5.0937 0.0000e+00
      7.941      0.010    10.5420     83.000     36.286  21.840985     1.1700     3.9205     0.8520     2.4534 1.1630e-01   302.7946      7.788     11.295     5.0941 0.0000e+00
      7.943      0.008    10.5498     82.998     36.282  21.838554     1.1700     1.7728     0.8520     2.4534 1.1615e-01   268.7814      7.790     11.298     5.0944 0.0000e+00
      7.945      0.007    10.5594     82.955     36.282  21.838893     1.1700     1.7766     0.8520     2.4534 1.1605e-01   268.8415      7.792     11.301     5.0947 0.0000e+00
      7.947      0.006    10.5678     82.888     36.294  21.846050     0.0000     1.7804     0.0000     0.0000 1.1612e-01   268.9618      7.793     11.303     5.0947 0.0000e+00
      7.948      0.005    10.5725     82.817     36.327  21.865892     0.0000     1.7804     0.0000     0.0000 1.1623e-01   268.8716      7.795     11.305     5.0947 0.0000e+00
      7.949      0.004    10.5722     82.749     36.360  21.885897     0.0000     0.3346     0.0000     0.0000 1.1617e-01   130.2787      7.796     11.306     5.0947 0.0000e+00
      7.950      0.003    10.5667     82.689     36.373  21.893586     0.0000     0.3156     0.0000     0.0000 1.1612e-01   130.3388      7.796     11.307     5.0948 0.0000e+00
      7.950      0.002    10.5582     82.649     36.372  21.892990     0.0000     0.3232     0.0000     0.0000 1.1605e-01   130.4440      7.797     11.308     5.0948 0.0000e+00
      7.951      0.001    10.5492     82.632     36.367  21.889888     0.0000     0.3041     0.0000     0.0000 1.1610e-01   130.3689      7.797     11.309     5.0949 0.0000e+00
