Data/DataNotYetUploadedToEDI/Raw_CTD/RawDownloads/121622_bvr50_S7809001.cnv
* Sea-Bird SBE19plus  Data File:
* FileName = C:\R\Reservoirs\Data\DataNotYetUploadedToEDI\Raw_CTD\RawDownloads\121622_bvr50_S7809_0001.hex
* Software version 2.8.0.119
* Temperature SN = 7809
* Conductivity SN = 7809
* System UpLoad Time = Dec 18 2022 13:49:28
* <ApplicationData>
* <Seaterm232>
# nquan = 15
# nvalues = 1371                        
# units = specified
# name 0 = depFM: Depth [fresh water, m]
# name 1 = dz/dtM: Descent Rate [m/s]
# name 2 = sbeox0Mg/L: Oxygen, SBE 43 [mg/l]
# name 3 = sbeox0PS: Oxygen, SBE 43 [% saturation]
# name 4 = specc: Specific Conductance [uS/cm]
# name 5 = c0uS/cm: Conductivity [uS/cm]
# name 6 = flECO-AFL: Fluorescence, WET Labs ECO-AFL/FL [mg/m^3]
# name 7 = ph: pH
# name 8 = orp: Oxidation Reduction Potential [mV]
# name 9 = par/sat/log: PAR/Logarithmic, Satlantic
# name 10 = turbWETntu0: Turbidity, WET Labs ECO [NTU]
# name 11 = prdM: Pressure, Strain Gauge [db]
# name 12 = prdE: Pressure, Strain Gauge [psi]
# name 13 = tv290C: Temperature [ITS-90, deg C]
# name 14 = flag:  0.000e+00
# span 0 =     -0.839,      7.975       
# span 1 =     -0.472,      4.207       
# span 2 =     6.3986,     9.2471       
# span 3 =     50.296,     73.094       
# span 4 =      5.354,     43.888       
# span 5 =   3.352848,  26.813280       
# span 6 =    -0.4173,     5.0732       
# span 7 =     -2.957,      8.867       
# span 8 =  -665.0714,  1240.2295       
# span 9 = 1.2364e-01, 7.1946e+02       
# span 10 =    -6.7001,    13.4301      
# span 11 =     -0.825,      7.821      
# span 12 =     -1.197,     11.344      
# span 13 =     5.0910,     6.3203      
# span 14 = 0.0000e+00, 0.0000e+00      
# interval = seconds: 0.25
# start_time = Dec 16 2022 08:32:35 [Instrument's time stamp, header]
# bad_flag = -9.990e-29
*END*
     -0.839 8.6276e-20     8.4632     68.486      5.738   3.592992    -0.1209     -2.878   902.8954 2.6551e+02    -0.0162     -0.822     -1.193     6.3093 0.0000e+00
     -0.838 7.8477e-21     8.4583     68.491      5.647   3.535734    -0.1119     -2.957   897.7318 2.4397e+02    -0.0624     -0.822     -1.192     6.3091 0.0000e+00
     -0.838 7.5891e-22     8.4610     68.509      5.529   3.461892    -0.1248     -2.921   779.1402 2.1795e+02    -0.0964     -0.822     -1.192     6.3090 0.0000e+00
     -0.838 5.6927e-22     8.4610     68.518      5.424   3.396602    -0.1353     -2.446   516.6287 2.1452e+02    -0.0518     -0.822     -1.192     6.3090 0.0000e+00
     -0.838 5.5548e-21     8.4568     68.519      5.396   3.379444    -0.1311     -0.604   324.5217 2.1612e+02    -0.0011     -0.822     -1.192     6.3090 0.0000e+00
     -0.838 6.1039e-20     8.4584     68.532      5.399   3.381061    -0.1240      2.347   297.0299 2.2133e+02    -0.0298     -0.822     -1.193     6.3089 0.0000e+00
     -0.838 6.7142e-19     8.4619     68.541      5.354   3.352848    -0.1240      4.752   290.4864 2.2604e+02    -0.0925     -0.822     -1.192     6.3088 0.0000e+00
     -0.838 7.3857e-18     8.4636     68.536      5.357   3.354882    -0.1231      6.051   122.1957 2.0019e+02    -0.1096     -0.822     -1.192     6.3087 0.0000e+00
     -0.838 8.1242e-17     8.4610     68.532      5.439   3.405646    -0.1211      6.715  -186.9872 1.6234e+02    -0.0996     -0.823     -1.193     6.3087 0.0000e+00
     -0.838 8.9366e-16     8.4648     68.529      5.425   3.396823    -0.1247      7.033  -345.9297 1.4129e+02    -0.1089     -0.822     -1.192     6.3086 0.0000e+00
     -0.838 9.8303e-15     8.4664     68.533      5.490   3.438138    -0.1259      7.258  -279.1654 1.2818e+02    -0.0847     -0.822     -1.192     6.3086 0.0000e+00
     -0.838 1.0813e-13     8.4639     68.538      5.832   3.651937    -0.1190      7.593  -148.9361 1.0902e+02    -0.0806     -0.822     -1.192     6.3086 0.0000e+00
     -0.838 1.1895e-12     8.4648     68.530      6.217   3.892531    -0.1164      7.742   -64.5092 8.8629e+01    -0.1955     -0.822     -1.192     6.3084 0.0000e+00
     -0.837 1.3084e-11     8.4633     68.514      6.597   4.131180    -0.1274      7.545   -13.1895 7.7743e+01    -0.3126     -0.821     -1.191     6.3085 0.0000e+00
     -0.837 1.4393e-10     8.4641     68.513      7.204   4.511371    -0.1262      7.420    89.3804 7.5171e+01    -0.3348     -0.821     -1.191     6.3084 0.0000e+00
     -0.837 1.5832e-09     8.4661     68.518      7.793   4.880421    -0.1191      7.359   244.7092 7.4385e+01    -0.2933     -0.822     -1.192     6.3072 0.0000e+00
     -0.837 1.7415e-08     8.4652     68.515      8.161   5.110956    -0.1248      6.165   476.2898 7.3840e+01    -0.2554     -0.821     -1.191     6.3066 0.0000e+00
     -0.837 1.9156e-07     8.4608     68.514      8.621   5.399249    -0.1205      3.886   685.5926 7.3167e+01    -0.2523     -0.821     -1.191     6.3078 0.0000e+00
     -0.837 2.4446e-07     8.4614     68.528      9.112   5.706788    -0.1161      3.170   730.9067 7.1938e+01    -0.2549     -0.821     -1.191     6.3094 0.0000e+00
     -0.837 6.5702e-07     8.4628     68.549      9.447   5.916729    -0.1219      4.590   762.4472 7.0667e+01    -0.3214     -0.822     -1.192     6.3107 0.0000e+00
     -0.837      0.000     8.4610     68.553      9.640   6.038039    -0.1246      6.072   854.7733 6.8326e+01    -0.4767     -0.821     -1.190     6.3121 0.0000e+00
     -0.837      0.000     8.4601     68.542      9.734   6.097095    -0.1312      6.884   972.7970 6.7723e+01    -0.5602     -0.821     -1.191     6.3133 0.0000e+00
     -0.837      0.001     8.4613     68.533     10.181   6.377488    -0.1357      7.345  1101.0642 7.4287e+01    -0.5117     -0.822     -1.192     6.3148 0.0000e+00
     -0.837      0.004     8.4661     68.529     11.211   7.022004    -0.1290      7.646  1181.3892 8.7465e+01    -0.4372     -0.821     -1.191     6.3157 0.0000e+00
     -0.838      0.013     8.4657     68.534     12.584   7.874237    -0.1251      7.928  1221.7007 1.0126e+02     0.1025     -0.822     -1.192     6.3169 0.0000e+00
     -0.838      0.024     8.4628     68.551     13.038   8.132829    -0.1308      8.109  1238.5450 1.1542e+02     1.1626     -0.822     -1.192     6.3172 0.0000e+00
     -0.834      0.028     8.4623     68.588     12.080   7.488736    -0.1304      8.159  1240.0764 1.2860e+02     1.7910     -0.821     -1.191     6.3187 0.0000e+00
     -0.822      0.023     8.4610     68.637     11.450   7.052404    -0.1286      8.173  1240.2156 1.3588e+02     1.8249     -0.812     -1.177     6.3176 0.0000e+00
     -0.799      0.012     8.4615     68.664     11.360   6.973454    -0.1755      8.179  1240.2283 1.4128e+02     1.4360     -0.785     -1.137     6.3203 0.0000e+00
     -0.781      0.001     8.4842     68.667     11.276   6.914087    -0.2561      8.178  1240.2294 1.3955e+02     0.7783     -0.754     -1.093     6.2218 0.0000e+00
     -0.791     -0.011     8.5430     68.657     11.260   6.904514    -0.2883      8.166  1240.2295 1.2403e+02     0.4662     -0.767     -1.114     5.9671 0.0000e+00
     -0.819     -0.022     8.5990     68.646     11.177   6.857705    -0.2737      8.157  1240.2295 1.0521e+02     0.4628     -0.811     -1.176     5.7546 0.0000e+00
     -0.835     -0.028     8.6204     68.639     11.372   6.981356    -0.2290      8.174  1240.2293 8.9831e+01     0.2590     -0.825     -1.197     5.6657 0.0000e+00
     -0.837     -0.026     8.6254     68.629     11.922   7.323068    -0.1647      8.209  1240.2278 7.6206e+01    -0.1194     -0.821     -1.191     5.6455 0.0000e+00
     -0.837     -0.016     8.6209     68.618     12.729   7.823111    -0.1281      8.220  1240.2103 6.5084e+01    -0.2864     -0.821     -1.191     5.6566 0.0000e+00
     -0.837     -0.005     8.6150     68.603     13.566   8.341248    -0.1195      8.195  1240.0179 5.9210e+01    -0.2916     -0.821     -1.191     5.6732 0.0000e+00
     -0.837      0.000     8.6117     68.593     14.161   8.711669    -0.1194      8.169  1237.9015 5.9028e+01    -0.3187     -0.822     -1.192     5.6929 0.0000e+00
     -0.837      0.003     8.6048     68.596     14.947   9.198778    -0.1269      8.166  1214.6213 6.5136e+01    -0.3066     -0.821     -1.191     5.7102 0.0000e+00
     -0.838      0.013     8.6011     68.601     19.628  12.077643    -0.1347      8.189   958.5397 7.8039e+01    -0.2818     -0.822     -1.192     5.7278 0.0000e+00
     -0.838      0.037     8.5948     68.600     31.248  19.195268    -0.1312      8.274   501.4390 9.3593e+01    -0.2579     -0.822     -1.192     5.7426 0.0000e+00
     -0.837      0.074     8.5896     68.611     41.930  25.691463    -0.1260      8.427   269.6190 1.0787e+02     0.0496     -0.822     -1.192     5.7585 0.0000e+00
     -0.827      0.119     8.5883     68.651     43.888  26.813280    -0.0875      8.571   257.8210 1.2271e+02     3.4708     -0.819     -1.188     5.7703 0.0000e+00
     -0.795      0.159     8.5860     68.677     41.706  25.409767     0.0006      8.650   255.2853 1.4515e+02     9.7840     -0.793     -1.150     5.7859 0.0000e+00
     -0.735      0.184     8.5906     68.675     40.308  24.504696     0.0574      8.678   254.9634 1.7428e+02    13.2549     -0.729     -1.056     5.7607 0.0000e+00
     -0.655      0.186     8.6136     68.680     39.613  24.046273     0.0837      8.678   254.8755 1.9434e+02    13.4301     -0.639     -0.927     5.6465 0.0000e+00
     -0.582      0.163     8.6477     68.693     39.237  23.796439     0.3761      8.663   254.7389 2.0290e+02    12.1409     -0.560     -0.814     5.5334 0.0000e+00
     -0.535      0.121     8.6702     68.706     39.100  23.702160     0.9291      8.639   253.5690 2.0635e+02     9.8279     -0.512     -0.744     5.4543 0.0000e+00
     -0.517      0.071     8.6805     68.728     39.574  23.983743     1.2351      8.612   251.2270 2.0172e+02     8.5906     -0.497     -0.721     5.3867 0.0000e+00
     -0.525      0.028     8.6924     68.753     40.804  24.729286     1.2625      8.587   248.3620 1.9193e+02     8.4870     -0.510     -0.740     5.3438 0.0000e+00
     -0.543      0.001     8.7005     68.781     41.950  25.427898     1.2435      8.565   245.7720 1.8205e+02     8.4380     -0.536     -0.777     5.3186 0.0000e+00
     -0.557     -0.008     8.7029     68.817     42.412  25.712318     1.2064      8.544   245.0357 1.7829e+02     8.3749     -0.551     -0.799     5.3062 0.0000e+00
     -0.558     -0.002     8.7085     68.835     41.963  25.442778     1.1969      8.526   243.8469 1.8112e+02     8.3729     -0.550     -0.798     5.2996 0.0000e+00
     -0.549      0.012     8.7121     68.826     40.742  24.704113     1.2111      8.510   239.4866 1.8077e+02     8.3801     -0.538     -0.781     5.2993 0.0000e+00
     -0.538      0.031     8.7122     68.815     39.694  24.069951     1.2211      8.487   232.4962 1.7748e+02     8.3590     -0.527     -0.765     5.3069 0.0000e+00
     -0.530      0.051     8.7178     68.814     39.137  23.732850     1.2336      8.459   224.5449 1.7868e+02     8.3567     -0.520     -0.755     5.3125 0.0000e+00
     -0.523      0.077     8.7207     68.822     39.035  23.670355     1.2540      8.437   219.9226 1.8455e+02     8.3530     -0.515     -0.747     5.3142 0.0000e+00
     -0.510      0.111     8.7163     68.836     39.597  24.011469     1.2761      8.419   214.7239 1.9057e+02     8.3822     -0.505     -0.733     5.3166 0.0000e+00
     -0.485      0.148     8.7151     68.869     40.712  24.688363     1.3761      8.399   210.3865 1.9061e+02     8.4706     -0.481     -0.698     5.3190 0.0000e+00
     -0.440      0.182     8.7137     68.940     41.660  25.263222     1.5638      8.380   214.7146 1.8156e+02     8.5671     -0.439     -0.636     5.3195 0.0000e+00
     -0.375      0.206     8.7168     69.061     41.336  25.067706     1.6732      8.366   218.8717 1.5879e+02     8.6621     -0.371     -0.539     5.3181 0.0000e+00
     -0.302      0.220     8.7169     69.234     40.046  24.289136     1.6836      8.357   214.2753 1.3620e+02     8.6960     -0.293     -0.425     5.3175 0.0000e+00
     -0.235      0.225     8.7202     69.477     39.185  23.772027     1.6900      8.347   205.1718 1.3488e+02     8.6351     -0.226     -0.326     5.3206 0.0000e+00
     -0.182      0.220     8.7274     69.750     38.847  23.568806     1.8005      8.338   200.1756 1.3413e+02     8.6101     -0.175     -0.254     5.3201 0.0000e+00
     -0.137      0.210     8.7454     70.017     38.912  23.606526     2.0120      8.330   200.0693 1.1568e+02     8.6664     -0.137     -0.200     5.3174 0.0000e+00
     -0.089      0.196     8.7632     70.353     39.732  24.101325     2.1339      8.325   200.5307 9.1174e+01     8.7011     -0.088     -0.128     5.3242 0.0000e+00
     -0.037      0.181     8.7923     70.729     40.676  24.671324     2.1421      8.320   200.7639 7.8608e+01     8.6883     -0.036     -0.052     5.3334 0.0000e+00
      0.016      0.161     8.8350     71.085     41.092  24.921077     2.0771      8.315   200.8239 7.5383e+01     8.6820      0.016      0.024     5.3370 0.0000e+00
      0.065      0.135     8.8563     71.417     41.170  24.966175     1.9649      8.310   200.9988 6.7944e+01     8.6937      0.071      0.102     5.3330 0.0000e+00
      0.099      0.104     8.9072     71.736     41.162  24.963073     1.9086      8.308   201.4151 6.5312e+01     8.6928      0.103      0.150     5.3280 0.0000e+00
      0.117      0.070     8.9574     72.063     41.022  24.883569     1.9041      8.308   202.0723 6.6558e+01     8.6713      0.117      0.170     5.3264 0.0000e+00
      0.124      0.040     9.0023     72.367     40.503  24.575329     1.8854      8.308   202.8363 6.7554e+01     8.6393      0.124      0.180     5.3215 0.0000e+00
      0.125      0.020     9.0466     72.602     40.109  24.341739     1.8489      8.306   203.5107 7.1366e+01     8.6124      0.123      0.179     5.3180 0.0000e+00
      0.121      0.010     9.0823     72.762     40.520  24.594395     1.8371      8.303   203.9462 7.0342e+01     8.6202      0.119      0.172     5.3208 0.0000e+00
      0.118      0.005     9.1259     72.902     41.135  24.968266     1.8514      8.300   204.3158 6.9754e+01     8.6652      0.114      0.165     5.3284 0.0000e+00
      0.119      0.003     9.1633     73.007     41.392  25.122812     1.8550      8.300   204.7104 7.0312e+01     8.6777      0.114      0.165     5.3369 0.0000e+00
      0.127      0.000     9.1944     73.048     41.195  25.005253     1.8471      8.299   204.9314 6.5710e+01     8.6351      0.126      0.182     5.3439 0.0000e+00
      0.132     -0.004     9.2064     73.063     40.451  24.560949     1.8394      8.297   205.1810 6.3563e+01     8.5946      0.133      0.193     5.3491 0.0000e+00
      0.131     -0.008     9.2271     73.078     39.618  24.060571     1.8369      8.295   205.6627 6.9153e+01     8.5973      0.130      0.188     5.3492 0.0000e+00
      0.123     -0.012     9.2447     73.091     39.454  23.962133     1.8501      8.294   206.1956 7.6968e+01     8.5992      0.122      0.176     5.3437 0.0000e+00
      0.113     -0.013     9.2446     73.094     40.152  24.384776     1.8738      8.292   206.6340 7.5139e+01     8.5495      0.109      0.157     5.3456 0.0000e+00
      0.106     -0.013     9.2440     73.084     40.934  24.860988     1.8905      8.291   207.0052 7.0746e+01     8.5422      0.101      0.146     5.3590 0.0000e+00
      0.106     -0.012     9.2428     73.067     41.200  25.029953     1.9019      8.288   207.5007 7.1646e+01     8.6133      0.102      0.149     5.3683 0.0000e+00
      0.110     -0.009     9.2464     73.039     40.870  24.843225     1.9128      8.287   208.1507 7.1701e+01     8.6575      0.109      0.158     5.3662 0.0000e+00
      0.110     -0.004     9.2471     73.006     39.979  24.314525     1.9138      8.287   208.8424 7.2442e+01     8.5655      0.111      0.161     5.3627 0.0000e+00
      0.104      0.005     9.2454     72.982     39.599  24.088060     1.9056      8.286   209.4971 7.3727e+01     8.4232      0.102      0.148     5.3632 0.0000e+00
      0.098      0.013     9.2422     72.962     40.408  24.576814     1.9056      8.284   209.9577 7.4957e+01     8.4054      0.094      0.137     5.3694 0.0000e+00
      0.098      0.019     9.2330     72.941     41.152  25.026957     1.9133      8.284   210.1949 7.9600e+01     8.4525      0.091      0.133     5.3918 0.0000e+00
      0.110      0.023     9.2228     72.924     40.941  24.904038     1.8987      8.283   210.4727 8.7948e+01     8.5149      0.102      0.148     5.4136 0.0000e+00
      0.130      0.027     9.2192     72.908     40.130  24.421604     1.8627      8.282   210.9077 8.6520e+01     8.6125      0.131      0.190     5.4176 0.0000e+00
      0.143      0.033     9.2194     72.866     39.130  23.820567     1.8443      8.280   211.4960 7.6514e+01     8.6770      0.147      0.214     5.4093 0.0000e+00
      0.143      0.045     9.2178     72.806     38.972  23.721187     1.8513      8.275   212.1659 7.3870e+01     8.6797      0.139      0.202     5.4010 0.0000e+00
      0.140      0.061     9.2131     72.782     40.159  24.424107     1.8635      8.270   212.7259 7.4975e+01     8.6449      0.135      0.194     5.4104 0.0000e+00
      0.146      0.077     9.2092     72.796     41.203  25.031045     1.8589      8.265   213.1912 7.5535e+01     8.5979      0.137      0.199     5.4288 0.0000e+00
      0.171      0.092     9.2014     72.810     41.349  25.102062     1.8453      8.262   213.5755 7.9601e+01     8.5895      0.155      0.225     5.4408 0.0000e+00
      0.218      0.100     9.1886     72.768     41.224  25.029242     1.8489      8.261   213.9306 8.1502e+01     8.6461      0.215      0.311     5.4415 0.0000e+00
      0.265      0.096     9.1933     72.622     41.108  24.974534     1.8774      8.260   214.3016 8.1905e+01     8.7016      0.269      0.391     5.4143 0.0000e+00
