Data/DataNotYetUploadedToEDI/Raw_CTD/RawDownloads/121622_bvr50_S8188001.cnv
* Sea-Bird SBE19plus  Data File:
* FileName = C:\R\Reservoirs\Data\DataNotYetUploadedToEDI\Raw_CTD\RawDownloads\121622_bvr50_S8188_0001.hex
* Software version 2.8.0.119
* Temperature SN = 8188
* Conductivity SN = 8188
* System UpLoad Time = Dec 18 2022 13:58:22
* <ApplicationData>
* <Seaterm232>
# nquan = 16
# nvalues = 1387                        
# units = specified
# name 0 = depFM: Depth [fresh water, m]
# name 1 = dz/dtM: Descent Rate [m/s]
# name 2 = sbeox0Mg/L: Oxygen, SBE 43 [mg/l]
# name 3 = sbeox0PS: Oxygen, SBE 43 [% saturation]
# name 4 = specc: Specific Conductance [uS/cm]
# name 5 = c0uS/cm: Conductivity [uS/cm]
# name 6 = wetCDOM: Fluorescence, WET Labs CDOM [mg/m^3]
# name 7 = flECO-AFL: Fluorescence, WET Labs ECO-AFL/FL [mg/m^3]
# name 8 = flECO-AFL1: Fluorescence, WET Labs ECO-AFL/FL, 2 [mg/m^3]
# name 9 = flECO-AFL2: Fluorescence, WET Labs ECO-AFL/FL, 3 [mg/m^3]
# name 10 = par/sat/log: PAR/Logarithmic, Satlantic
# name 11 = turbWETntu0: Turbidity, WET Labs ECO [NTU]
# name 12 = prdM: Pressure, Strain Gauge [db]
# name 13 = prdE: Pressure, Strain Gauge [psi]
# name 14 = tv290C: Temperature [ITS-90, deg C]
# name 15 = flag:  0.000e+00
# span 0 =     -0.850,      7.951       
# span 1 =     -0.254,      0.168       
# span 2 =     7.9334,    11.2716       
# span 3 =     62.342,     89.020       
# span 4 =      0.523,     36.656       
# span 5 =   0.337080,  22.066063       
# span 6 =    -4.5000,   367.2000       
# span 7 =    -0.2414,     7.9222       
# span 8 =    -2.1300,    57.6378       
# span 9 =    -3.5109,    12.3093       
# span 10 = 1.1597e-01, 9.2085e+02      
# span 11 =    -0.4084,   966.1797      
# span 12 =     -0.833,      7.798      
# span 13 =     -1.209,     11.310      
# span 14 =     5.0902,     7.1979      
# span 15 = 0.0000e+00, 0.0000e+00      
# interval = seconds: 0.25
# start_time = Dec 16 2022 08:47:10 [Instrument's time stamp, header]
# bad_flag = -9.990e-29
*END*
[from data line 633]
      4.538      0.033     8.3069     64.814     36.049  21.740038     6.7500     2.7074     0.2556     0.4653 5.5417e-01     8.2189      4.450      6.454     5.1472 0.0000e+00
      4.546      0.031     8.2932     64.662     36.071  21.753738     6.7500     2.7227     0.2982     0.3807 5.1460e-01     8.0987      4.458      6.466     5.1490 0.0000e+00
      4.554      0.029     8.2783     64.503     36.093  21.767387     6.7500     2.7112     0.2982     0.3807 5.3722e-01     8.1739      4.466      6.477     5.1504 0.0000e+00
      4.561      0.027     8.2619     64.348     36.101  21.772747     6.7500     2.7151     0.2982     0.3807 5.1943e-01     8.2490      4.473      6.487     5.1514 0.0000e+00
      4.568      0.025     8.2438     64.209     36.097  21.771248     6.7500     2.6426     0.2982     0.3807 5.4085e-01     8.2340      4.479      6.497     5.1521 0.0000e+00
      4.574      0.024     8.2243     64.096     36.094  21.770408     6.7500     2.6006     0.2982     0.3807 5.2899e-01     8.2791      4.485      6.505     5.1527 0.0000e+00
      4.580      0.023     8.2039     64.016     36.092  21.770002     6.7500     2.6464     0.2982     0.3807 5.3710e-01     8.2189      4.491      6.514     5.1534 0.0000e+00
      4.585      0.022     8.1840     63.978     36.092  21.769922     6.7500     2.6311     0.2982     0.3807 5.6414e-01     8.2490      4.496      6.522     5.1543 0.0000e+00
      4.591      0.022     8.1661     63.991     36.100  21.774106     6.7500     2.9630     0.2982     0.3807 5.4132e-01     8.2340      4.502      6.529     5.1555 0.0000e+00
      4.596      0.023     8.1515     64.056     36.103  21.775753     6.7500     2.9554     0.2982     0.3807 5.1988e-01     8.1739      4.507      6.537     5.1567 0.0000e+00
      4.602      0.024     8.1412     64.173     36.088  21.767383     6.7500     2.9439     0.2982     0.2538 5.0496e-01     8.1739      4.512      6.545     5.1573 0.0000e+00
      4.608      0.025     8.1364     64.339     36.060  21.750724     6.7500     2.9554     0.2982     0.2538 5.0102e-01     8.1739      4.519      6.554     5.1573 0.0000e+00
      4.615      0.027     8.1381     64.557     36.037  21.737167     6.7500     2.8791     0.2982     0.2538 5.0157e-01     8.1438      4.525      6.564     5.1570 0.0000e+00
      4.622      0.029     8.1464     64.828     36.039  21.738932     6.7500     2.8943     0.2982     0.2538 5.1203e-01     8.1889      4.532      6.574     5.1569 0.0000e+00
      4.629      0.031     8.1611     65.150     36.061  21.752530     6.7500     2.8638     0.2556     0.3807 5.0474e-01     8.1288      4.540      6.584     5.1572 0.0000e+00
      4.637      0.033     8.1822     65.513     36.083  21.765755     6.7500     2.8905     0.2556     0.3807 4.8359e-01     8.1739      4.547      6.596     5.1578 0.0000e+00
      4.646      0.036     8.2097     65.909     36.090  21.770256     6.7500     2.6883     0.2556     0.3807 4.8940e-01     8.1137      4.556      6.608     5.1583 0.0000e+00
      4.655      0.039     8.2442     66.319     36.085  21.767233     6.7500     2.6731     0.2556     0.3807 4.9207e-01     8.1889      4.565      6.621     5.1588 0.0000e+00
      4.665      0.041     8.2850     66.722     36.073  21.759840     6.8400     2.6998     0.2982     0.3807 4.8380e-01     8.2189      4.575      6.635     5.1592 0.0000e+00
      4.676      0.044     8.3311     67.095     36.058  21.750063     6.8400     2.7074     0.2982     0.3807 4.8717e-01     8.2490      4.586      6.651     5.1595 0.0000e+00
      4.688      0.047     8.3814     67.425     36.055  21.747171     6.8400     3.1003     0.2982     0.3807 4.7135e-01     8.1288      4.597      6.668     5.1597 0.0000e+00
      4.701      0.049     8.4336     67.709     36.061  21.750393     6.8400     3.1003     0.2982     0.3807 4.7288e-01     8.2791      4.610      6.686     5.1596 0.0000e+00
      4.714      0.051     8.4849     67.937     36.060  21.748711     6.8400     3.1270     0.2982     0.3807 4.6930e-01     8.2039      4.622      6.704     5.1591 0.0000e+00
      4.726      0.053     8.5326     68.100     36.050  21.741678     6.7500     3.1385     0.3408     0.4230 4.4866e-01     8.1137      4.635      6.723     5.1583 0.0000e+00
      4.740      0.055     8.5747     68.199     36.034  21.731376     6.7500     3.1423     0.3408     0.4230 4.6940e-01     8.2189      4.648      6.742     5.1574 0.0000e+00
      4.754      0.057     8.6110     68.239     36.021  21.722975     6.7500     3.1309     0.3408     0.4230 4.1725e-01     8.2490      4.663      6.763     5.1564 0.0000e+00
      4.769      0.058     8.6403     68.219     36.020  21.722153     6.7500     3.1385     0.3408     0.4230 4.0046e-01     8.2039      4.677      6.784     5.1553 0.0000e+00
      4.785      0.059     8.6613     68.142     36.019  21.720772     6.7500     3.1156     0.2982     0.4230 4.0264e-01     8.0987      4.693      6.806     5.1541 0.0000e+00
      4.801      0.059     8.6741     68.021     36.010  21.714506     6.7500     2.9668     0.2982     0.4230 3.7920e-01     8.2189      4.708      6.828     5.1531 0.0000e+00
      4.816      0.059     8.6793     67.872     35.996  21.705642     6.7500     2.9516     0.2982     0.4230 3.8762e-01     8.2490      4.723      6.850     5.1522 0.0000e+00
      4.831      0.058     8.6770     67.711     35.980  21.695775     6.7500     2.9287     0.2982     0.4230 3.9151e-01     8.3542      4.738      6.872     5.1514 0.0000e+00
      4.846      0.057     8.6675     67.552     35.977  21.694150     6.7500     2.9401     0.2982     0.3807 3.5806e-01     8.1588      4.752      6.892     5.1505 0.0000e+00
      4.860      0.055     8.6523     67.402     35.987  21.700334     6.7500     2.7074     0.2982     0.3807 3.6009e-01     8.2189      4.766      6.913     5.1496 0.0000e+00
      4.875      0.052     8.6335     67.267     35.992  21.704099     6.7500     2.7189     0.2982     0.3807 3.4907e-01     8.1889      4.780      6.933     5.1488 0.0000e+00
      4.888      0.049     8.6132     67.151     36.002  21.710409     6.7500     2.6807     0.2982     0.3807 3.4276e-01     8.2340      4.794      6.953     5.1485 0.0000e+00
      4.901      0.046     8.5928     67.050     36.026  21.724904     6.7500     2.6883     0.2982     0.3807 3.4276e-01     8.3392      4.806      6.970     5.1488 0.0000e+00
      4.912      0.044     8.5736     66.965     36.051  21.739575     6.7500     3.4322     0.2982     0.3807 3.5884e-01     8.2340      4.817      6.986     5.1494 0.0000e+00
      4.922      0.042     8.5563     66.898     36.069  21.750417     6.7500     3.4322     0.2982     0.3807 3.3358e-01     8.2189      4.827      7.000     5.1501 0.0000e+00
      4.931      0.040     8.5414     66.850     36.086  21.760321     6.7500     3.4360     0.2982     0.3807 3.3744e-01     8.2189      4.836      7.014     5.1504 0.0000e+00
      4.941      0.040     8.5286     66.817     36.105  21.771927     6.7500     3.4284     0.2982     0.3807 3.6072e-01     8.2941      4.845      7.028     5.1504 0.0000e+00
      4.951      0.040     8.5178     66.793     36.120  21.780413     6.7500     2.6883     0.2982     0.5076 3.4068e-01     8.0236      4.855      7.042     5.1503 0.0000e+00
      4.961      0.040     8.5093     66.772     36.114  21.776167     6.7500     2.6693     0.2982     0.5076 3.4575e-01     7.9935      4.865      7.056     5.1502 0.0000e+00
      4.972      0.041     8.5032     66.750     36.091  21.762016     6.7500     2.7074     0.2982     0.5076 3.5281e-01     8.0085      4.876      7.071     5.1499 0.0000e+00
      4.982      0.042     8.4991     66.729     36.079  21.753978     6.7500     2.7074     0.2982     0.5076 3.0640e-01     8.0386      4.886      7.087     5.1495 0.0000e+00
      4.993      0.043     8.4962     66.709     36.087  21.757826     6.7500     3.2796     0.2982     0.3807 3.2485e-01     8.2490      4.897      7.102     5.1490 0.0000e+00
      5.004      0.043     8.4936     66.691     36.090  21.758754     6.7500     3.3140     0.2982     0.3807 3.1320e-01     8.2039      4.908      7.118     5.1483 0.0000e+00
      5.015      0.044     8.4911     66.681     36.075  21.749091     6.7500     3.3102     0.2982     0.3807 3.2316e-01     8.2189      4.918      7.134     5.1475 0.0000e+00
      5.027      0.044     8.4886     66.681     36.064  21.742094     6.7500     3.3025     0.2982     0.3807 3.0734e-01     8.2490      4.929      7.150     5.1465 0.0000e+00
      5.038      0.045     8.4862     66.693     36.068  21.743814     6.7500     3.3712     0.2982     0.3384 3.1821e-01     8.1137      4.941      7.166     5.1454 0.0000e+00
      5.050      0.046     8.4843     66.717     36.074  21.746795     6.7500     3.3712     0.2982     0.3384 2.8035e-01     8.2490      4.952      7.183     5.1442 0.0000e+00
      5.061      0.046     8.4832     66.754     36.083  21.751829     6.7500     3.3979     0.2982     0.3384 3.1293e-01     8.1588      4.964      7.199     5.1432 0.0000e+00
      5.073      0.046     8.4835     66.795     36.091  21.756300     6.7500     3.3826     0.2982     0.3384 2.8273e-01     8.2189      4.975      7.216     5.1422 0.0000e+00
      5.085      0.046     8.4852     66.839     36.086  21.753485     6.7500     2.7532     0.2982     0.3384 2.9755e-01     8.1588      4.987      7.233     5.1413 0.0000e+00
      5.098      0.045     8.4884     66.881     36.081  21.750550     6.7500     2.7418     0.2982     0.3807 2.7094e-01     8.4143      4.999      7.251     5.1405 0.0000e+00
      5.109      0.043     8.4932     66.917     36.094  21.758587     6.7500     2.7570     0.2982     0.3807 2.7065e-01     8.2039      5.011      7.267     5.1399 0.0000e+00
      5.120      0.041     8.4986     66.943     36.115  21.771822     6.7500     2.7227     0.2982     0.3807 2.5050e-01     8.2490      5.021      7.283     5.1395 0.0000e+00
      5.130      0.038     8.5041     66.955     36.112  21.770034     6.7500     3.1309     0.2982     0.3807 2.5695e-01     8.2189      5.031      7.297     5.1396 0.0000e+00
      5.140      0.036     8.5093     66.953     36.082  21.752745     6.7500     3.1270     0.2982     0.5076 2.5028e-01     8.1588      5.040      7.310     5.1399 0.0000e+00
      5.148      0.034     8.5138     66.932     36.059  21.739098     6.7500     3.1232     0.2982     0.5076 2.5645e-01     8.2189      5.049      7.322     5.1403 0.0000e+00
      5.156      0.033     8.5170     66.891     36.056  21.737327     6.7500     3.1194     0.2982     0.5076 2.8619e-01     8.3091      5.057      7.334     5.1408 0.0000e+00
      5.165      0.033     8.5184     66.830     36.065  21.743003     6.7500     2.6426     0.2982     0.5076 2.7106e-01     8.1889      5.064      7.346     5.1415 0.0000e+00
      5.173      0.033     8.5179     66.750     36.069  21.745763     6.7500     2.6426     0.2982     0.4653 2.7065e-01     8.2189      5.072      7.357     5.1422 0.0000e+00
      5.181      0.032     8.5152     66.652     36.056  21.738427     6.7500     2.6464     0.2982     0.4653 2.5628e-01     8.2490      5.081      7.369     5.1425 0.0000e+00
      5.190      0.032     8.5100     66.542     36.036  21.726954     6.7500     2.6159     0.2982     0.4653 2.7100e-01     8.0837      5.089      7.381     5.1428 0.0000e+00
      5.198      0.032     8.5022     66.424     36.025  21.720162     6.7500     2.6311     0.2982     0.4653 2.5987e-01     8.1588      5.097      7.393     5.1432 0.0000e+00
      5.206      0.032     8.4918     66.307     36.018  21.716240     6.7500     2.6273     0.2982     0.4230 2.5897e-01     8.2791      5.105      7.405     5.1438 0.0000e+00
      5.214      0.031     8.4793     66.202     36.015  21.714141     6.7500     2.6159     0.2982     0.4230 2.4780e-01     8.2340      5.113      7.416     5.1444 0.0000e+00
      5.222      0.031     8.4651     66.113     36.020  21.717264     6.7500     2.6311     0.2982     0.4230 2.4512e-01     8.2941      5.121      7.427     5.1449 0.0000e+00
      5.230      0.032     8.4501     66.037     36.023  21.718524     6.7500     2.6998     0.2982     0.4230 2.5039e-01     8.0236      5.128      7.439     5.1450 0.0000e+00
      5.238      0.033     8.4353     65.973     36.016  21.714299     6.7500     2.6998     0.2982     0.4230 2.5357e-01     7.9935      5.136      7.450     5.1449 0.0000e+00
      5.246      0.034     8.4220     65.928     36.010  21.711380     6.7500     2.6769     0.2982     0.3807 2.4469e-01     7.9484      5.144      7.461     5.1448 0.0000e+00
      5.254      0.036     8.4107     65.906     36.012  21.712947     6.7500     2.7074     0.2982     0.3807 2.1418e-01     7.9935      5.153      7.474     5.1446 0.0000e+00
      5.264      0.037     8.4011     65.905     36.008  21.711500     6.7500     3.0317     0.2982     0.3807 2.3613e-01     8.1438      5.162      7.487     5.1444 0.0000e+00
      5.274      0.039     8.3930     65.925     35.999  21.706654     6.7500     2.9973     0.2982     0.3807 2.2277e-01     8.1588      5.172      7.501     5.1444 0.0000e+00
      5.284      0.040     8.3872     65.966     36.009  21.712950     6.7500     3.0164     0.2982     0.4653 2.2633e-01     8.2640      5.182      7.516     5.1448 0.0000e+00
      5.295      0.040     8.3841     66.028     36.034  21.728110     6.7500     3.0050     0.2982     0.4653 2.2296e-01     8.2340      5.192      7.531     5.1455 0.0000e+00
      5.305      0.040     8.3837     66.115     36.047  21.736382     6.7500     2.9439     0.2982     0.4653 2.0471e-01     8.1889      5.202      7.545     5.1465 0.0000e+00
      5.315      0.040     8.3861     66.215     36.047  21.736015     6.7500     2.9363     0.2982     0.4653 2.5645e-01     8.2640      5.213      7.560     5.1474 0.0000e+00
      5.325      0.040     8.3911     66.310     36.045  21.734828     6.7500     2.9516     0.2982     0.5076 2.4126e-01     8.1889      5.223      7.575     5.1481 0.0000e+00
      5.336      0.040     8.3990     66.386     36.048  21.736462     6.7500     2.9363     0.2982     0.5076 2.1520e-01     8.1739      5.233      7.589     5.1484 0.0000e+00
      5.346      0.040     8.4100     66.435     36.057  21.741353     6.7500     2.7151     0.2982     0.5076 1.9914e-01     8.1889      5.243      7.604     5.1486 0.0000e+00
      5.356      0.040     8.4228     66.449     36.067  21.746848     6.7500     2.7112     0.2982     0.5076 1.9113e-01     8.2189      5.252      7.618     5.1485 0.0000e+00
      5.366      0.039     8.4349     66.427     36.074  21.750451     6.7500     2.7151     0.2982     0.3807 1.9342e-01     8.2189      5.262      7.633     5.1482 0.0000e+00
      5.376      0.038     8.4447     66.376     36.087  21.757084     6.7500     2.6845     0.2982     0.3807 1.8488e-01     8.3091      5.272      7.647     5.1477 0.0000e+00
      5.386      0.037     8.4510     66.305     36.107  21.768514     6.7500     2.6998     0.2982     0.3807 1.7867e-01     8.1588      5.282      7.661     5.1471 0.0000e+00
      5.395      0.036     8.4530     66.224     36.121  21.775914     6.7500     2.6922     0.2982     0.3807 1.7037e-01     8.1889      5.291      7.674     5.1463 0.0000e+00
      5.404      0.035     8.4504     66.142     36.119  21.773341     6.7500     2.6807     0.2982     0.3807 1.8161e-01     8.3091      5.300      7.687     5.1454 0.0000e+00
      5.413      0.034     8.4442     66.061     36.099  21.760109     6.7500     2.6998     0.2982     0.5076 1.8488e-01     8.2791      5.308      7.699     5.1443 0.0000e+00
      5.422      0.033     8.4354     65.984     36.075  21.744563     6.7500     2.7608     0.2982     0.5076 1.9217e-01     8.1137      5.316      7.711     5.1431 0.0000e+00
      5.430      0.032     8.4254     65.919     36.066  21.738393     6.7500     2.7494     0.2982     0.5076 1.9368e-01     8.2189      5.324      7.723     5.1417 0.0000e+00
