Data/DataNotYetUploadedToEDI/Raw_CTD/RawDownloads/121622_bvr50_S7809001.cnv
* Sea-Bird SBE19plus  Data File:
* FileName = C:\R\Reservoirs\Data\DataNotYetUploadedToEDI\Raw_CTD\RawDownloads\121622_bvr50_S7809_0001.hex
* Software version 2.8.0.119
* Temperature SN = 7809
* Conductivity SN = 7809
* System UpLoad Time = Dec 18 2022 13:49:28
* <ApplicationData>
* <Seaterm232>
# nquan = 15
# nvalues = 1371                        
# units = specified
# name 0 = depFM: Depth [fresh water, m]
# name 1 = dz/dtM: Descent Rate [m/s]
# name 2 = sbeox0Mg/L: Oxygen, SBE 43 [mg/l]
# name 3 = sbeox0PS: Oxygen, SBE 43 [% saturation]
# name 4 = specc: Specific Conductance [uS/cm]
# name 5 = c0uS/cm: Conductivity [uS/cm]
# name 6 = flECO-AFL: Fluorescence, WET Labs ECO-AFL/FL [mg/m^3]
# name 7 = ph: pH
# name 8 = orp: Oxidation Reduction Potential [mV]
# name 9 = par/sat/log: PAR/Logarithmic, Satlantic
# name 10 = turbWETntu0: Turbidity, WET Labs ECO [NTU]
# name 11 = prdM: Pressure, Strain Gauge [db]
# name 12 = prdE: Pressure, Strain Gauge [psi]
# name 13 = tv290C: Temperature [ITS-90, deg C]
# name 14 = flag:  0.000e+00
# span 0 =     -0.839,      7.975       
# span 1 =     -0.472,      4.207       
# span 2 =     6.3986,     9.2471       
# span 3 =     50.296,     73.094       
# span 4 =      5.354,     43.888       
# span 5 =   3.352848,  26.813280       
# span 6 =    -0.4173,     5.0732       
# span 7 =     -2.957,      8.867       
# span 8 =  -665.0714,  1240.2295       
# span 9 = 1.2364e-01, 7.1946e+02       
# span 10 =    -6.7001,    13.4301      
# span 11 =     -0.825,      7.821      
# span 12 =     -1.197,     11.344      
# span 13 =     5.0910,     6.3203      
# span 14 = 0.0000e+00, 0.0000e+00      
# interval = seconds: 0.25
# start_time = Dec 16 2022 08:32:35 [Instrument's time stamp, header]
# bad_flag = -9.990e-29
*END*
[from data line 772]
      6.479      0.058     7.6287     60.092     36.274  21.833366     3.8364      8.170   260.7703 1.2380e-01     8.3749      6.353      9.214     5.0914 0.0000e+00
      6.498      0.054     7.6288     60.205     36.264  21.827603     3.8339      8.171   260.6856 1.2379e-01     8.4474      6.371      9.240     5.0914 0.0000e+00
      6.519      0.046     7.6344     60.292     36.256  21.823173     3.8328      8.171   260.8009 1.2378e-01     8.5907      6.397      9.277     5.0916 0.0000e+00
      6.532      0.036     7.6397     60.353     36.290  21.843170     3.8396      8.169   261.0462 1.2373e-01     8.6395      6.411      9.298     5.0925 0.0000e+00
      6.533      0.027     7.6535     60.391     36.350  21.879269     3.8410      8.168   261.1558 1.2372e-01     8.5933      6.407      9.292     5.0937 0.0000e+00
      6.532      0.019     7.6713     60.401     36.350  21.879420     3.8830      8.168   261.1789 1.2376e-01     8.6124      6.405      9.289     5.0946 0.0000e+00
      6.534      0.014     7.6806     60.366     36.293  21.844997     3.9645      8.168   261.1544 1.2377e-01     8.6657      6.408      9.293     5.0947 0.0000e+00
      6.538      0.014     7.6893     60.279     36.290  21.843284     4.0025      8.169   261.1173 1.2378e-01     8.6912      6.410      9.297     5.0944 0.0000e+00
      6.543      0.017     7.6934     60.186     36.316  21.858711     4.0093      8.169   261.1604 1.2383e-01     8.6816      6.416      9.305     5.0942 0.0000e+00
      6.549      0.018     7.6959     60.148     36.288  21.841414     4.0798      8.169   261.2450 1.2383e-01     8.5832      6.423      9.316     5.0941 0.0000e+00
      6.554      0.017     7.6926     60.153     36.259  21.824260     4.2144      8.167   261.3660 1.2373e-01     8.4585      6.427      9.323     5.0939 0.0000e+00
      6.559      0.017     7.6794     60.164     36.288  21.841412     4.2975      8.167   261.5051 1.2369e-01     8.4033      6.432      9.328     5.0939 0.0000e+00
      6.563      0.017     7.6628     60.204     36.316  21.858695     4.3097      8.168   261.5502 1.2374e-01     8.3939      6.438      9.337     5.0937 0.0000e+00
      6.566      0.018     7.6591     60.299     36.290  21.843114     4.3876      8.168   261.4818 1.2376e-01     8.4474      6.440      9.339     5.0935 0.0000e+00
      6.569      0.021     7.6640     60.414     36.290  21.843128     4.5729      8.169   261.4519 1.2381e-01     8.5721      6.439      9.340     5.0937 0.0000e+00
      6.575      0.027     7.6620     60.499     36.316  21.858867     4.7106      8.169   261.5331 1.2384e-01     8.6378      6.447      9.352     5.0937 0.0000e+00
      6.581      0.035     7.6660     60.539     36.290  21.843298     4.7461      8.169   261.6034 1.2377e-01     8.6270      6.454      9.360     5.0938 0.0000e+00
      6.588      0.045     7.6797     60.536     36.294  21.844998     4.7517      8.169   261.6132 1.2370e-01     8.6128      6.458      9.366     5.0938 0.0000e+00
      6.600      0.052     7.6977     60.511     36.351  21.879420     4.7875      8.169   261.5658 1.2371e-01     8.6028      6.468      9.382     5.0938 0.0000e+00
      6.619      0.056     7.7085     60.483     36.351  21.879280     4.8629      8.169   261.4608 1.2382e-01     8.6073      6.491      9.415     5.0939 0.0000e+00
      6.639      0.056     7.7135     60.435     36.292  21.843300     4.9049      8.169   261.3754 1.2388e-01     8.5989      6.514      9.446     5.0940 0.0000e+00
      6.656      0.051     7.7127     60.392     36.262  21.824615     4.8879      8.168   261.3943 1.2380e-01     8.5699      6.528      9.468     5.0937 0.0000e+00
      6.670      0.040     7.7064     60.391     36.293  21.843469     4.7322      8.168   261.5167 1.2370e-01     8.5985      6.543      9.490     5.0935 0.0000e+00
      6.679      0.029     7.7071     60.432     36.356  21.881150     4.4702      8.169   261.6503 1.2372e-01     8.6717      6.553      9.504     5.0931 0.0000e+00
      6.682      0.020     7.6985     60.521     36.387  21.899989     4.3337      8.170   261.7198 1.2379e-01     8.7031      6.554      9.506     5.0924 0.0000e+00
      6.681      0.016     7.6902     60.636     36.355  21.881134     4.3054      8.169   261.7545 1.2382e-01     8.6711      6.553      9.503     5.0918 0.0000e+00
      6.679      0.016     7.6924     60.748     36.292  21.843298     4.2274      8.169   261.8115 1.2383e-01     8.5571      6.548      9.497     5.0916 0.0000e+00
      6.682      0.020     7.6952     60.856     36.259  21.822730     4.1155      8.169   261.8063 1.2388e-01     8.4183      6.550      9.500     5.0917 0.0000e+00
      6.691      0.027     7.7086     60.958     36.259  21.822560     4.0670      8.169   261.7785 1.2392e-01     8.3592      6.561      9.516     5.0917 0.0000e+00
      6.702      0.034     7.7253     61.039     36.289  21.841244     4.0749      8.169   261.8190 1.2387e-01     8.3897      6.572      9.532     5.0920 0.0000e+00
      6.712      0.038     7.7381     61.095     36.317  21.858527     4.0608      8.168   261.7807 1.2380e-01     8.4111      6.582      9.546     5.0923 0.0000e+00
      6.723      0.036     7.7527     61.145     36.288  21.841413     4.0218      8.167   261.6589 1.2382e-01     8.3789      6.592      9.561     5.0922 0.0000e+00
      6.734      0.031     7.7660     61.190     36.259  21.824429     4.0022      8.167   261.6364 1.2389e-01     8.3756      6.604      9.578     5.0921 0.0000e+00
      6.745      0.023     7.7775     61.207     36.289  21.843284     4.0071      8.168   261.7672 1.2389e-01     8.4056      6.616      9.596     5.0924 0.0000e+00
      6.750      0.015     7.7823     61.201     36.349  21.879280     4.0058      8.168   261.8641 1.2381e-01     8.3997      6.622      9.605     5.0929 0.0000e+00
      6.750      0.008     7.7886     61.224     36.349  21.879436     3.9291      8.167   261.8625 1.2377e-01     8.3729      6.622      9.603     5.0936 0.0000e+00
      6.747      0.002     7.7961     61.286     36.292  21.845169     3.7951      8.166   261.9199 1.2379e-01     8.3885      6.616      9.596     5.0946 0.0000e+00
      6.744     -0.001     7.7980     61.306     36.292  21.845183     3.7256      8.167   261.9544 1.2381e-01     8.4176      6.613      9.591     5.0953 0.0000e+00
      6.744     -0.001     7.7947     61.297     36.349  21.879606     3.7043      8.167   261.9361 1.2380e-01     8.4186      6.614      9.592     5.0955 0.0000e+00
      6.745      0.001     7.7932     61.331     36.352  21.881150     3.5792      8.167   261.9564 1.2378e-01     8.4002      6.615      9.594     5.0953 0.0000e+00
      6.747      0.006     7.8117     61.396     36.323  21.863852     3.3707      8.168   261.9415 1.2378e-01     8.3996      6.617      9.597     5.0948 0.0000e+00
      6.749      0.014     7.8111     61.443     36.318  21.860571     3.2714      8.168   261.9282 1.2380e-01     8.4461      6.619      9.601     5.0947 0.0000e+00
      6.749      0.023     7.8041     61.449     36.286  21.841471     3.2693      8.167   261.9676 1.2379e-01     8.4501      6.619      9.600     5.0948 0.0000e+00
      6.752      0.029     7.8109     61.452     36.256  21.823034     3.3125      8.167   262.0731 1.2382e-01     8.3787      6.617      9.597     5.0948 0.0000e+00
      6.763      0.031     7.8211     61.488     36.264  21.827761     3.4109      8.168   262.1726 1.2392e-01     8.3690      6.628      9.613     5.0948 0.0000e+00
      6.781      0.029     7.8299     61.538     36.277  21.835248     3.4774      8.168   262.1378 1.2388e-01     8.4346      6.653      9.648     5.0946 0.0000e+00
      6.795      0.024     7.8271     61.552     36.302  21.850198     3.5001      8.167   262.0826 1.2378e-01     8.4550      6.667      9.671     5.0944 0.0000e+00
      6.799      0.017     7.8260     61.531     36.354  21.881778     3.5440      8.167   262.1068 1.2381e-01     8.4794      6.669      9.672     5.0942 0.0000e+00
      6.796      0.007     7.8304     61.500     36.384  21.900232     3.6085      8.167   262.1728 1.2384e-01     8.5584      6.664      9.665     5.0941 0.0000e+00
      6.792      0.000     7.8424     61.491     36.356  21.883212     3.6560      8.167   262.2781 1.2384e-01     8.6251      6.659      9.658     5.0939 0.0000e+00
      6.790      0.000     7.8417     61.514     36.327  21.866094     3.6932      8.166   262.3479 1.2394e-01     8.6361      6.658      9.657     5.0937 0.0000e+00
      6.790      0.006     7.8387     61.543     36.355  21.883378     3.7672      8.166   262.3282 1.2399e-01     8.5889      6.658      9.656     5.0939 0.0000e+00
      6.790      0.016     7.8329     61.561     36.385  21.902078     3.8770      8.165   262.2978 1.2387e-01     8.5672      6.657      9.655     5.0942 0.0000e+00
      6.793      0.026     7.8300     61.565     36.385  21.902078     3.9383      8.165   262.2393 1.2377e-01     8.6126      6.659      9.660     5.0946 0.0000e+00
      6.801      0.033     7.8363     61.588     36.354  21.883380     3.9420      8.165   262.2227 1.2373e-01     8.6601      6.666      9.669     5.0950 0.0000e+00
      6.815      0.037     7.8390     61.639     36.325  21.866111     3.9395      8.165   262.2692 1.2372e-01     8.6628      6.681      9.691     5.0955 0.0000e+00
      6.830      0.040     7.8436     61.684     36.354  21.883394     3.8825      8.166   262.2856 1.2373e-01     8.6117      6.700      9.718     5.0958 0.0000e+00
      6.843      0.040     7.8399     61.704     36.385  21.902234     3.7778      8.168   262.3343 1.2373e-01     8.5198      6.714      9.737     5.0961 0.0000e+00
      6.850      0.040     7.8427     61.717     36.388  21.903792     3.7299      8.169   262.3420 1.2377e-01     8.4398      6.718      9.743     5.0965 0.0000e+00
      6.855      0.040     7.8520     61.749     36.386  21.902233     3.7450      8.169   262.2922 1.2384e-01     8.4298      6.721      9.747     5.0967 0.0000e+00
      6.864      0.040     7.8581     61.782     36.355  21.883379     3.9264      8.168   262.3353 1.2389e-01     8.4337      6.729      9.760     5.0966 0.0000e+00
      6.876      0.040     7.8605     61.797     36.326  21.865940     4.2594      8.168   262.5188 1.2388e-01     8.3841      6.743      9.779     5.0965 0.0000e+00
      6.888      0.039     7.8591     61.815     36.353  21.881494     4.4421      8.168   262.7036 1.2382e-01     8.3771      6.755      9.797     5.0964 0.0000e+00
      6.901      0.037     7.8653     61.840     36.353  21.881324     4.4540      8.168   262.6772 1.2378e-01     8.4513      6.768      9.817     5.0962 0.0000e+00
      6.913      0.034     7.8715     61.859     36.324  21.863885     4.3274      8.167   262.5435 1.2377e-01     8.5297      6.782      9.836     5.0956 0.0000e+00
      6.918      0.033     7.8708     61.875     36.319  21.860756     4.0856      8.167   262.5500 1.2376e-01     8.6081      6.787      9.844     5.0952 0.0000e+00
      6.920      0.035     7.8736     61.893     36.290  21.843488     3.9608      8.168   262.5836 1.2377e-01     8.6817      6.785      9.841     5.0949 0.0000e+00
      6.925      0.038     7.8777     61.900     36.293  21.845203     3.9498      8.170   262.5192 1.2377e-01     8.6684      6.789      9.847     5.0946 0.0000e+00
      6.937      0.043     7.8798     61.897     36.353  21.881496     3.8199      8.170   262.5467 1.2374e-01     8.5831      6.801      9.863     5.0944 0.0000e+00
      6.952      0.049     7.8813     61.898     36.387  21.902077     3.5726      8.170   262.6582 1.2374e-01     8.5387      6.817      9.887     5.0942 0.0000e+00
      6.969      0.054     7.8846     61.903     36.391  21.903933     3.4315      8.170   262.6625 1.2379e-01     8.5759      6.836      9.915     5.0943 0.0000e+00
      6.984      0.056     7.8856     61.893     36.391  21.903947     3.4201      8.170   262.5981 1.2381e-01     8.6233      6.850      9.936     5.0946 0.0000e+00
      6.996      0.056     7.8836     61.859     36.388  21.902239     3.4680      8.170   262.5680 1.2386e-01     8.5651      6.860      9.949     5.0948 0.0000e+00
      7.009      0.054     7.8844     61.829     36.356  21.883282     3.5450      8.170   262.5569 1.2392e-01     8.4521      6.873      9.968     5.0946 0.0000e+00
      7.025      0.050     7.8855     61.809     36.326  21.864855     3.5850      8.170   262.5500 1.2390e-01     8.4188      6.889      9.992     5.0943 0.0000e+00
      7.040      0.045     7.8864     61.804     36.335  21.869553     3.5940      8.170   262.5701 1.2382e-01     8.4357      6.905     10.015     5.0941 0.0000e+00
      7.052      0.040     7.8785     61.819     36.347  21.876715     3.5960      8.170   262.6279 1.2376e-01     8.4168      6.918     10.034     5.0941 0.0000e+00
      7.061      0.034     7.8755     61.830     36.366  21.888080     3.6085      8.170   262.7331 1.2374e-01     8.4296      6.925     10.044     5.0944 0.0000e+00
      7.067      0.028     7.8732     61.860     36.353  21.880223     3.6372      8.170   262.8091 1.2379e-01     8.5227      6.930     10.052     5.0941 0.0000e+00
      7.072      0.025     7.8703     61.908     36.295  21.845086     3.6513      8.170   262.7728 1.2380e-01     8.5865      6.936     10.060     5.0936 0.0000e+00
      7.076      0.025     7.8767     61.931     36.292  21.843463     3.6458      8.169   262.7242 1.2377e-01     8.6196      6.940     10.065     5.0933 0.0000e+00
      7.081      0.029     7.8748     61.937     36.320  21.860598     3.5883      8.170   262.7380 1.2382e-01     8.6505      6.942     10.070     5.0930 0.0000e+00
      7.086      0.035     7.8778     61.958     36.322  21.862154     3.4798      8.171   262.7680 1.2384e-01     8.6172      6.948     10.077     5.0931 0.0000e+00
      7.096      0.041     7.8890     61.986     36.322  21.862282     3.4161      8.172   262.8280 1.2375e-01     8.5591      6.958     10.092     5.0930 0.0000e+00
      7.110      0.046     7.8898     62.013     36.322  21.862137     3.4166      8.173   262.8619 1.2375e-01     8.5624      6.972     10.113     5.0929 0.0000e+00
      7.125      0.049     7.8882     62.035     36.319  21.860411     3.4202      8.172   262.7468 1.2385e-01     8.5894      6.988     10.135     5.0933 0.0000e+00
      7.140      0.051     7.8923     62.043     36.288  21.841416     3.3922      8.171   262.6416 1.2386e-01     8.5788      7.003     10.156     5.0935 0.0000e+00
      7.152      0.051     7.8961     62.063     36.257  21.822575     3.3621      8.171   262.7091 1.2380e-01     8.5699      7.015     10.174     5.0935 0.0000e+00
      7.163      0.051     7.8994     62.109     36.257  21.822718     3.3724      8.171   262.7876 1.2379e-01     8.6179      7.024     10.186     5.0935 0.0000e+00
      7.175      0.052     7.9038     62.165     36.290  21.843143     3.4748      8.172   262.8165 1.2378e-01     8.6472      7.035     10.204     5.0933 0.0000e+00
      7.188      0.053     7.9027     62.217     36.350  21.879421     3.6344      8.173   262.8002 1.2376e-01     8.5822      7.050     10.224     5.0931 0.0000e+00
      7.203      0.056     7.9038     62.259     36.353  21.881134     3.7127      8.173   262.7627 1.2380e-01     8.5499      7.063     10.243     5.0930 0.0000e+00
      7.218      0.056     7.9116     62.298     36.324  21.863852     3.7051      8.172   262.8789 1.2385e-01     8.5980      7.078     10.266     5.0933 0.0000e+00
      7.234      0.053     7.9186     62.346     36.319  21.860568     3.6598      8.172   263.0005 1.2382e-01     8.5832      7.093     10.290     5.0937 0.0000e+00
      7.249      0.045     7.9263     62.381     36.287  21.841431     3.5891      8.171   263.0284 1.2381e-01     8.4739      7.108     10.310     5.0940 0.0000e+00
