Data/DataNotYetUploadedToEDI/Raw_CTD/RawDownloads/121624_fcr50_S7809001.cnv
* Sea-Bird SBE19plus  Data File:
* FileName = C:\R\Reservoirs\Data\DataNotYetUploadedToEDI\Raw_CTD\RawDownloads\121624_fcr50_S7809_0001.hex
* Software version 2.8.0.119
* Temperature SN = 7809
* Conductivity SN = 7809
* System UpLoad Time = Dec 17 2024 18:06:26
* <ApplicationData>
* <Seaterm232>
# nquan = 15
# nvalues = 1121                        
# units = specified
# name 0 = depFM: Depth [fresh water, m]
# name 1 = dz/dtM: Descent Rate [m/s]
# name 2 = sbeox0Mg/L: Oxygen, SBE 43 [mg/l]
# name 3 = sbeox0PS: Oxygen, SBE 43 [% saturation]
# name 4 = specc: Specific Conductance [uS/cm]
# name 5 = c0uS/cm: Conductivity [uS/cm]
# name 6 = flECO-AFL: Fluorescence, WET Labs ECO-AFL/FL [mg/m^3]
# name 7 = ph: pH
# name 8 = orp: Oxidation Reduction Potential [mV]
# name 9 = par/sat/log: PAR/Logarithmic, Satlantic
# name 10 = turbWETntu0: Turbidity, WET Labs ECO [NTU]
# name 11 = prdM: Pressure, Strain Gauge [db]
# name 12 = prdE: Pressure, Strain Gauge [psi]
# name 13 = tv290C: Temperature [ITS-90, deg C]
# name 14 = flag:  0.000e+00
# span 0 =     -0.589,      9.804       
# span 1 =     -0.304,      0.175       
# span 2 =     3.1893,    12.9928       
# span 3 =     25.839,    100.408       
# span 4 =      2.486,    445.241       
# span 5 =   1.463499, 273.090457       
# span 6 =    -0.1441,    13.9871       
# span 7 =      5.808,      7.796       
# span 8 = -1240.7455,   339.1295       
# span 9 = 1.2368e-01, 1.0133e+02       
# span 10 =    -0.2535,   137.9137      
# span 11 =     -0.578,      9.615      
# span 12 =     -0.839,     13.946      
# span 13 =     4.4107,     5.6933      
# span 14 = 0.0000e+00, 0.0000e+00      
# interval = seconds: 0.25
# start_time = Dec 16 2024 13:32:01 [Instrument's time stamp, header]
# bad_flag = -9.990e-29
*END*
[from data line 772]
      7.286     -0.099     4.3530     33.521     55.529  33.906432     4.5671      7.655   168.1894 1.2373e-01    91.7448      7.152     10.371     5.6021 0.0000e+00
      7.265     -0.096     4.3303     32.647     46.577  28.370828     4.4250      7.656   168.8704 1.2383e-01    94.5806      7.130     10.341     5.5912 0.0000e+00
      7.230     -0.099     4.3077     30.985     45.257  27.470027     4.3389      7.658   169.3894 1.2382e-01    96.0800      7.089     10.281     5.5794 0.0000e+00
      7.196     -0.105     4.2787     28.650     45.009  27.201082     4.3252      7.659   170.0767 1.2372e-01    96.1076      7.053     10.229     5.5642 0.0000e+00
      7.170     -0.108     4.2373     26.509     45.024  27.085146     4.3346      7.661   170.8132 1.2372e-01    95.9736      7.030     10.197     5.5327 0.0000e+00
      7.145     -0.106     4.1606     25.839     45.102  27.019532     4.4768      7.664   170.8952 1.2377e-01    95.1434      7.008     10.165     5.4646 0.0000e+00
      7.120     -0.102     3.9579     27.523     45.082  26.915051     4.7632      7.666   170.8962 1.2377e-01    93.6527      6.983     10.128     5.3577 0.0000e+00
      7.094     -0.101     3.6361     31.743     44.967  26.773166     4.9181      7.667   171.2560 1.2378e-01    92.7748      6.956     10.089     5.2186 0.0000e+00
      7.068     -0.102     3.3079     38.265     44.941  26.699305     4.9342      7.668   171.3738 1.2376e-01    92.1473      6.930     10.052     5.0713 0.0000e+00
      7.043     -0.104     3.1893     46.507     44.948  26.656200     5.1487      7.668   171.3742 1.2375e-01    86.7485      6.909     10.020     4.9440 0.0000e+00
      7.017     -0.105     3.4161     55.673     44.866  26.569068     5.5397      7.669   172.5510 1.2379e-01    76.8921      6.883      9.983     4.8433 0.0000e+00
      6.989     -0.108     3.9692     64.730     44.752  26.470280     5.7492      7.671   174.6755 1.2380e-01    71.4909      6.854      9.939     4.7632 0.0000e+00
      6.960     -0.111     4.8474     72.520     44.588  26.349679     5.7848      7.672   176.0675 1.2381e-01    70.9394      6.826      9.899     4.6992 0.0000e+00
      6.933     -0.115     5.9501     78.395     44.348  26.189069     5.8289      7.673   176.8196 1.2383e-01    70.4638      6.799      9.860     4.6479 0.0000e+00
      6.905     -0.119     7.1807     82.344     44.138  26.050490     5.8996      7.674   177.3165 1.2379e-01    69.7706      6.773      9.823     4.6053 0.0000e+00
      6.875     -0.120     8.4243     84.682     43.974  25.942583     5.9476      7.674   177.5150 1.2372e-01    69.4579      6.743      9.780     4.5712 0.0000e+00
      6.841     -0.119     9.4622     85.830     43.809  25.835705     5.9437      7.674   177.8440 1.2372e-01    69.5523      6.709      9.730     4.5446 0.0000e+00
      6.807     -0.113    10.2238     86.222     43.715  25.772971     5.8861      7.675   178.4543 1.2378e-01    70.6734      6.676      9.682     4.5241 0.0000e+00
      6.775     -0.103    10.7225     86.189     43.695  25.754865     5.8005      7.676   179.3023 1.2383e-01    72.7312      6.643      9.634     4.5081 0.0000e+00
      6.745     -0.092    11.0084     85.886     43.577  25.680196     5.7741      7.677   180.0084 1.2384e-01    73.8682      6.612      9.590     4.4952 0.0000e+00
      6.724     -0.087    11.1411     85.484     43.287  25.504368     5.7998      7.678   180.5398 1.2380e-01    74.0029      6.588      9.556     4.4849 0.0000e+00
      6.714     -0.089    11.1741     85.116     43.017  25.341300     5.8203      7.681   181.1668 1.2374e-01    73.8126      6.583      9.548     4.4765 0.0000e+00
      6.705     -0.094    11.1729     84.781     42.943  25.294072     6.0720      7.683   181.7383 1.2374e-01    71.5331      6.583      9.548     4.4694 0.0000e+00
      6.681     -0.101    11.1247     84.482     42.982  25.313869     6.5874      7.684   182.1151 1.2376e-01    67.4848      6.559      9.513     4.4635 0.0000e+00
      6.643     -0.111    11.0647     84.224     43.008  25.326983     6.8914      7.686   181.9367 1.2375e-01    65.3773      6.515      9.448     4.4586 0.0000e+00
      6.604     -0.119    11.0240     83.993     43.008  25.325782     6.8846      7.688   181.5609 1.2377e-01    65.6931      6.474      9.389     4.4540 0.0000e+00
      6.570     -0.122    10.9790     83.801     42.965  25.299347     6.4055      7.689   181.8731 1.2377e-01    70.9620      6.442      9.342     4.4496 0.0000e+00
      6.542     -0.118    10.9415     83.666     42.902  25.261041     5.5185      7.689   182.4425 1.2376e-01    80.6111      6.415      9.304     4.4461 0.0000e+00
      6.515     -0.112    10.9104     83.586     42.874  25.243149     5.0329      7.690   183.0246 1.2379e-01    85.8594      6.389      9.267     4.4437 0.0000e+00
      6.489     -0.109    10.8799     83.556     42.819  25.209854     5.0280      7.691   183.8348 1.2384e-01    86.0149      6.362      9.227     4.4419 0.0000e+00
      6.464     -0.106    10.8539     83.551     42.762  25.175565     5.3265      7.692   184.4096 1.2388e-01    81.8081      6.340      9.195     4.4404 0.0000e+00
      6.437     -0.100    10.8379     83.551     42.712  25.145670     5.8533      7.692   184.1232 1.2391e-01    73.9026      6.315      9.160     4.4391 0.0000e+00
      6.405     -0.094    10.8272     83.579     42.640  25.102071     6.1376      7.692   183.4704 1.2386e-01    69.5426      6.280      9.109     4.4380 0.0000e+00
      6.376     -0.091    10.8248     83.608     42.626  25.092351     6.1749      7.693   183.5714 1.2383e-01    68.9225      6.248      9.061     4.4368 0.0000e+00
      6.358     -0.092    10.8275     83.593     42.626  25.091563     6.2544      7.696   183.9676 1.2385e-01    66.3704      6.230      9.035     4.4358 0.0000e+00
      6.348     -0.095    10.8231     83.529     42.628  25.092543     6.3659      7.697   184.2168 1.2383e-01    61.7432      6.227      9.033     4.4351 0.0000e+00
      6.332     -0.100    10.8305     83.436     42.648  25.104205     6.4080      7.697   184.8632 1.2378e-01    59.1592      6.217      9.018     4.4340 0.0000e+00
      6.300     -0.109    10.8368     83.339     42.651  25.105729     6.4307      7.698   185.6751 1.2379e-01    58.5945      6.181      8.965     4.4322 0.0000e+00
      6.261     -0.123    10.8350     83.247     42.661  25.110972     6.7155      7.700   185.6874 1.2382e-01    55.2912      6.137      8.901     4.4310 0.0000e+00
      6.226     -0.135    10.8263     83.181     42.650  25.104177     7.2213      7.700   185.0119 1.2373e-01    49.2117      6.105      8.855     4.4304 0.0000e+00
      6.194     -0.141    10.8119     83.151     42.621  25.086987     7.4855      7.701   184.7349 1.2368e-01    45.8571      6.077      8.813     4.4302 0.0000e+00
      6.157     -0.136    10.8008     83.142     42.631  25.093396     7.4968      7.702   185.0046 1.2373e-01    45.5422      6.038      8.759     4.4301 0.0000e+00
      6.117     -0.124    10.7867     83.149     42.673  25.118247     7.4912      7.703   185.3486 1.2373e-01    45.5068      5.999      8.700     4.4299 0.0000e+00
      6.079     -0.108    10.7778     83.176     42.700  25.133778     7.5664      7.705   185.7962 1.2370e-01    45.8395      5.961      8.646     4.4299 0.0000e+00
      6.047     -0.092    10.7755     83.221     42.735  25.154348     7.7153      7.706   186.3729 1.2375e-01    46.5587      5.924      8.593     4.4297 0.0000e+00
      6.031     -0.080    10.7737     83.220     42.774  25.176695     7.7855      7.707   186.9012 1.2380e-01    46.9613      5.908      8.568     4.4296 0.0000e+00
      6.026     -0.076    10.7752     83.155     42.729  25.150291     7.7831      7.708   187.2802 1.2381e-01    46.9496      5.912      8.574     4.4298 0.0000e+00
      6.021     -0.080    10.7768     83.105     42.624  25.088785     7.8536      7.709   187.4267 1.2380e-01    46.6560      5.909      8.571     4.4299 0.0000e+00
      6.003     -0.087    10.7871     83.076     42.588  25.067222     7.9876      7.711   187.5537 1.2379e-01    46.0765      5.892      8.546     4.4297 0.0000e+00
      5.971     -0.093    10.7910     83.040     42.609  25.079828     8.0463      7.713   187.7842 1.2378e-01    45.6811      5.858      8.496     4.4293 0.0000e+00
      5.932     -0.094    10.7726     83.000     42.668  25.114377     8.0310      7.713   188.0625 1.2378e-01    45.7697      5.814      8.433     4.4292 0.0000e+00
      5.897     -0.089    10.7696     82.950     42.759  25.167851     7.9441      7.714   188.4233 1.2377e-01    47.1811      5.778      8.381     4.4294 0.0000e+00
      5.876     -0.083    10.7672     82.901     42.738  25.155593     7.7944      7.715   189.3933 1.2380e-01    49.6626      5.756      8.349     4.4294 0.0000e+00
      5.870     -0.081    10.7611     82.889     42.632  25.093013     7.7032      7.717   190.8425 1.2384e-01    50.9748      5.753      8.344     4.4292 0.0000e+00
      5.866     -0.085    10.7575     82.885     42.551  25.045394     7.6653      7.717   191.6632 1.2385e-01    50.9883      5.757      8.350     4.4292 0.0000e+00
      5.850     -0.094    10.7505     82.840     42.515  25.023779     7.5608      7.717   192.0027 1.2385e-01    50.4754      5.745      8.332     4.4290 0.0000e+00
      5.815     -0.107    10.7413     82.805     42.512  25.021926     7.3887      7.717   192.1945 1.2381e-01    49.5555      5.707      8.276     4.4289 0.0000e+00
      5.773     -0.119    10.7403     82.810     42.513  25.022996     7.2826      7.719   192.1751 1.2380e-01    49.0200      5.657      8.206     4.4288 0.0000e+00
      5.735     -0.125    10.7467     82.805     42.537  25.036713     7.2766      7.720   192.3703 1.2381e-01    48.9199      5.621      8.153     4.4286 0.0000e+00
      5.704     -0.124    10.7340     82.782     42.578  25.060935     7.5074      7.721   193.1783 1.2384e-01    49.0629      5.594      8.113     4.4285 0.0000e+00
      5.676     -0.117    10.7284     82.784     42.580  25.062182     7.9512      7.723   194.3734 1.2387e-01    49.5197      5.566      8.073     4.4284 0.0000e+00
      5.649     -0.111    10.7333     82.824     42.562  25.051795     8.2059      7.723   195.2053 1.2385e-01    49.8647      5.539      8.035     4.4283 0.0000e+00
      5.623     -0.106    10.7335     82.887     42.580  25.062183     8.2391      7.724   195.4925 1.2382e-01    49.8874      5.515      7.999     4.4283 0.0000e+00
      5.596     -0.103    10.7260     82.955     42.578  25.060946     8.2532      7.726   195.5235 1.2384e-01    49.7936      5.488      7.960     4.4284 0.0000e+00
      5.568     -0.096    10.7272     83.004     42.537  25.036846     8.4087      7.727   195.5792 1.2388e-01    49.6874      5.460      7.919     4.4283 0.0000e+00
      5.542     -0.084    10.7329     83.052     42.517  25.024465     8.7056      7.726   195.6501 1.2390e-01    49.5589      5.434      7.882     4.4283 0.0000e+00
      5.518     -0.069    10.7412     83.101     42.541  25.038083     8.8717      7.726   195.6064 1.2385e-01    49.5053      5.411      7.848     4.4283 0.0000e+00
      5.498     -0.054    10.7529     83.114     42.603  25.074658     8.8763      7.727   195.8250 1.2381e-01    49.6194      5.386      7.813     4.4285 0.0000e+00
      5.488     -0.043    10.7568     83.100     42.622  25.086178     8.8035      7.728   196.3149 1.2388e-01    51.2458      5.377      7.799     4.4283 0.0000e+00
      5.489     -0.043    10.7625     83.097     42.562  25.050531     8.6901      7.729   196.6254 1.2396e-01    54.3791      5.384      7.809     4.4278 0.0000e+00
      5.489     -0.052    10.7728     83.087     42.518  25.024176     8.6379      7.731   196.8257 1.2390e-01    56.1456      5.384      7.810     4.4272 0.0000e+00
      5.483     -0.066    10.7740     83.078     42.513  25.021193     8.6134      7.732   197.1879 1.2384e-01    56.1046      5.382      7.807     4.4272 0.0000e+00
      5.462     -0.081    10.7674     83.098     42.502  25.014473     8.4264      7.732   197.6491 1.2381e-01    53.8844      5.365      7.781     4.4274 0.0000e+00
      5.425     -0.090    10.7713     83.135     42.596  25.069753     8.1171      7.734   197.4980 1.2379e-01    49.8993      5.319      7.714     4.4272 0.0000e+00
      5.387     -0.090    10.7686     83.143     42.894  25.245650     7.9699      7.736   196.9095 1.2378e-01    47.7849      5.277      7.654     4.4271 0.0000e+00
      5.358     -0.081    10.7649     83.111     43.096  25.365465     7.9691      7.736   196.8996 1.2378e-01    47.7221      5.250      7.614     4.4270 0.0000e+00
      5.341     -0.069    10.7689     83.081     43.006  25.313449     7.9586      7.737   197.2069 1.2378e-01    48.6277      5.233      7.590     4.4268 0.0000e+00
      5.335     -0.059    10.7758     83.063     42.899  25.250935     7.9418      7.738   197.6141 1.2375e-01    50.2629      5.231      7.587     4.4268 0.0000e+00
      5.333     -0.055    10.7793     83.060     42.887  25.243825     7.9493      7.740   198.2095 1.2374e-01    51.1652      5.232      7.588     4.4268 0.0000e+00
      5.325     -0.059    10.7697     83.069     42.860  25.227480     7.9668      7.740   198.6408 1.2375e-01    51.1338      5.227      7.581     4.4277 0.0000e+00
      5.305     -0.068    10.7666     83.043     42.780  25.180146     8.0288      7.739   198.6132 1.2375e-01    49.4384      5.206      7.550     4.4291 0.0000e+00
      5.278     -0.081    10.7643     82.972     42.670  25.115455     8.1488      7.739   198.2200 1.2376e-01    46.2438      5.172      7.502     4.4297 0.0000e+00
      5.253     -0.092    10.7616     82.872     42.609  25.079500     8.2114      7.741   198.1030 1.2381e-01    44.4467      5.150      7.470     4.4296 0.0000e+00
      5.232     -0.101    10.7688     82.752     42.581  25.062510     8.2104      7.743   198.3168 1.2381e-01    44.3121      5.132      7.444     4.4293 0.0000e+00
      5.208     -0.107    10.7640     82.644     42.537  25.036871     8.2037      7.744   198.6537 1.2380e-01    44.5134      5.109      7.411     4.4291 0.0000e+00
      5.180     -0.111    10.7538     82.563     42.514  25.023184     8.0808      7.744   199.0786 1.2380e-01    46.2663      5.081      7.369     4.4289 0.0000e+00
      5.148     -0.114    10.7420     82.494     42.515  25.023857     7.8475      7.745   199.3243 1.2379e-01    49.5192      5.049      7.323     4.4286 0.0000e+00
      5.116     -0.111    10.7233     82.453     42.551  25.045011     7.7219      7.746   199.4742 1.2377e-01    51.3242      5.017      7.276     4.4284 0.0000e+00
      5.084     -0.100    10.7091     82.500     42.625  25.088701     7.7274      7.747   199.6000 1.2378e-01    51.3513      4.985      7.231     4.4282 0.0000e+00
      5.054     -0.083    10.6992     82.615     42.658  25.108179     7.8563      7.748   199.7261 1.2380e-01    49.8809      4.954      7.186     4.4282 0.0000e+00
      5.031     -0.068    10.6916     82.744     42.628  25.090256     8.0815      7.748   199.9676 1.2376e-01    47.1418      4.928      7.147     4.4284 0.0000e+00
      5.021     -0.059    10.6798     82.879     42.581  25.062249     8.2038      7.749   200.1101 1.2376e-01    45.5610      4.921      7.137     4.4286 0.0000e+00
      5.020     -0.063    10.6879     83.001     42.516  25.023224     8.2191      7.750   200.1590 1.2382e-01    45.0455      4.924      7.142     4.4286 0.0000e+00
      5.018     -0.078    10.7082     83.110     42.474  24.998926     8.2503      7.751   200.3862 1.2380e-01    41.0120      4.924      7.142     4.4285 0.0000e+00
      5.004     -0.097    10.7216     83.201     42.514  25.022143     8.3066      7.751   201.0506 1.2374e-01    33.5823      4.916      7.131     4.4281 0.0000e+00
