Data/DataNotYetUploadedToEDI/Raw_CTD/RawDownloads/121724_ccr50_S7809002.cnv
* Sea-Bird SBE19plus  Data File:
* FileName = C:\R\Reservoirs\Data\DataNotYetUploadedToEDI\Raw_CTD\RawDownloads\121624_fcr50_S7809_0002.hex
* Software version 2.8.0.119
* Temperature SN = 7809
* Conductivity SN = 7809
* System UpLoad Time = Dec 17 2024 18:08:08
* <ApplicationData>
* <Seaterm232>
# nquan = 15
# nvalues = 4110                        
# units = specified
# name 0 = depFM: Depth [fresh water, m]
# name 1 = dz/dtM: Descent Rate [m/s]
# name 2 = sbeox0Mg/L: Oxygen, SBE 43 [mg/l]
# name 3 = sbeox0PS: Oxygen, SBE 43 [% saturation]
# name 4 = specc: Specific Conductance [uS/cm]
# name 5 = c0uS/cm: Conductivity [uS/cm]
# name 6 = flECO-AFL: Fluorescence, WET Labs ECO-AFL/FL [mg/m^3]
# name 7 = ph: pH
# name 8 = orp: Oxidation Reduction Potential [mV]
# name 9 = par/sat/log: PAR/Logarithmic, Satlantic
# name 10 = turbWETntu0: Turbidity, WET Labs ECO [NTU]
# name 11 = prdM: Pressure, Strain Gauge [db]
# name 12 = prdE: Pressure, Strain Gauge [psi]
# name 13 = tv290C: Temperature [ITS-90, deg C]
# name 14 = flag:  0.000e+00
# span 0 =     -0.402,     19.562       
# span 1 =     -0.456,      0.172       
# span 2 =     3.7234,    12.0840       
# span 3 =     32.232,    102.741       
# span 4 =     23.514,    291.010       
# span 5 =  15.335353, 190.108803       
# span 6 =    -0.4595,   219.1827       
# span 7 =      5.703,      8.932       
# span 8 =    76.9595,   240.3650       
# span 9 = 1.2365e-01, 5.7203e+02       
# span 10 =    -0.3287,   687.4275      
# span 11 =     -0.395,     19.184      
# span 12 =     -0.572,     27.824      
# span 13 =     7.4539,     9.5523      
# span 14 = 0.0000e+00, 0.0000e+00      
# interval = seconds: 0.25
# start_time = Dec 17 2024 11:06:25 [Instrument's time stamp, header]
# bad_flag = -9.990e-29
*END*
[from data line 1350]
      3.581      0.002    10.7832     90.112    135.390  88.252347     2.2422      8.560   213.3853 1.7672e+01     3.0936      3.512      5.093     7.5865 0.0000e+00
      3.581      0.004    10.7829     90.109    135.363  88.233347     2.2326      8.560   213.3684 1.7653e+01     3.0243      3.512      5.094     7.5871 0.0000e+00
      3.582      0.005    10.7779     90.109    135.348  88.221887     2.2410      8.561   213.2471 1.7629e+01     2.9832      3.513      5.095     7.5886 0.0000e+00
      3.584      0.006    10.7733     90.128    135.377  88.241009     2.2676      8.561   213.1234 1.7630e+01     3.0407      3.515      5.098     7.5901 0.0000e+00
      3.585      0.008    10.7767     90.121    135.425  88.273708     2.2967      8.561   213.2490 1.7635e+01     3.1393      3.516      5.100     7.5903 0.0000e+00
      3.587      0.011    10.7761     90.101    135.464  88.299155     2.3181      8.562   213.3881 1.7630e+01     3.1509      3.518      5.102     7.5895 0.0000e+00
      3.589      0.014    10.7725     90.085    135.460  88.294216     2.2936      8.563   213.3426 1.7592e+01     3.0789      3.519      5.104     7.5887 0.0000e+00
      3.594      0.016    10.7812     90.053    135.438  88.277610     2.2258      8.563   213.3019 1.7516e+01     2.9851      3.523      5.109     7.5886 0.0000e+00
      3.600      0.018    10.7770     90.022    135.459  88.289216     2.1722      8.563   213.4114 1.7458e+01     2.9396      3.531      5.122     7.5895 0.0000e+00
      3.605      0.020    10.7732     90.016    135.492  88.307307     2.1528      8.563   213.5490 1.7434e+01     2.9381      3.536      5.129     7.5901 0.0000e+00
      3.610      0.021    10.7748     90.037    135.496  88.305487     2.1578      8.564   213.5900 1.7398e+01     2.9333      3.540      5.133     7.5887 0.0000e+00
      3.616      0.022    10.7688     90.073    135.542  88.330831     2.2079      8.564   213.6476 1.7331e+01     2.9839      3.546      5.142     7.5875 0.0000e+00
      3.622      0.023    10.7645     90.115    135.592  88.359255     2.3009      8.564   213.6435 1.7256e+01     3.1054      3.552      5.151     7.5875 0.0000e+00
      3.627      0.025    10.7639     90.160    135.555  88.331074     2.3661      8.565   213.5404 1.7193e+01     3.1382      3.557      5.158     7.5861 0.0000e+00
      3.632      0.025    10.7676     90.177    135.525  88.308179     2.3807      8.565   213.6058 1.7120e+01     3.0735      3.561      5.163     7.5842 0.0000e+00
      3.639      0.024    10.7734     90.143    135.572  88.336896     2.3695      8.565   213.7451 1.7023e+01     3.0401      3.568      5.174     7.5825 0.0000e+00
      3.648      0.022    10.7774     90.086    135.609  88.360205     2.3554      8.565   213.7625 1.6955e+01     3.0081      3.579      5.191     7.5811 0.0000e+00
      3.655      0.019    10.7856     90.042    135.573  88.335532     2.3520      8.565   213.7309 1.6917e+01     2.9594      3.586      5.200     7.5795 0.0000e+00
      3.658      0.014    10.7896     90.012    135.508  88.293048     2.3527      8.565   213.7074 1.6896e+01     2.9986      3.588      5.204     7.5777 0.0000e+00
      3.660      0.008    10.7838     89.993    135.504  88.291862     2.3478      8.565   213.7363 1.6916e+01     3.0372      3.589      5.206     7.5771 0.0000e+00
      3.661      0.003    10.7749     89.994    135.548  88.321191     2.3346      8.566   213.7353 1.6938e+01     2.9486      3.590      5.207     7.5772 0.0000e+00
      3.661     -0.001    10.7700     90.003    135.561  88.329571     2.3261      8.566   213.6953 1.6957e+01     2.8833      3.591      5.208     7.5769 0.0000e+00
      3.660     -0.004    10.7678     90.039    135.561  88.329561     2.3275      8.566   213.6823 1.7017e+01     2.8962      3.589      5.206     7.5765 0.0000e+00
      3.659     -0.004    10.7626     90.088    135.547  88.321076     2.3096      8.566   213.6643 1.7098e+01     2.9343      3.589      5.205     7.5770 0.0000e+00
      3.656     -0.003    10.7661     90.098    135.500  88.290597     2.2601      8.566   213.7359 1.7147e+01     3.0028      3.586      5.200     7.5776 0.0000e+00
      3.654      0.001    10.7640     90.075    135.481  88.279126     2.2280      8.566   213.8597 1.7172e+01     3.0409      3.582      5.196     7.5777 0.0000e+00
      3.653      0.006    10.7683     90.024    135.526  88.309623     2.2382      8.567   213.8703 1.7179e+01     3.0538      3.582      5.195     7.5777 0.0000e+00
      3.654      0.011    10.7800     89.974    135.575  88.341251     2.2997      8.568   213.8653 1.7129e+01     3.1236      3.582      5.195     7.5776 0.0000e+00
      3.659      0.014    10.7771     89.944    135.580  88.343451     2.3802      8.568   213.8844 1.7037e+01     3.2358      3.586      5.201     7.5775 0.0000e+00
      3.668      0.015    10.7767     89.901    135.570  88.336218     2.4047      8.569   213.8436 1.6975e+01     3.2834      3.598      5.217     7.5781 0.0000e+00
      3.674      0.015    10.7679     89.871    135.540  88.317409     2.3877      8.569   213.8879 1.6955e+01     3.2201      3.605      5.228     7.5789 0.0000e+00
      3.677      0.013    10.7597     89.877    135.523  88.306886     2.3415      8.569   213.9906 1.6960e+01     3.1198      3.606      5.230     7.5788 0.0000e+00
      3.678      0.010    10.7614     89.898    135.565  88.336220     2.2787      8.569   213.9663 1.6982e+01     3.0619      3.607      5.232     7.5780 0.0000e+00
      3.679      0.008    10.7524     89.938    135.590  88.353995     2.2534      8.570   213.9386 1.7035e+01     3.1008      3.607      5.232     7.5778 0.0000e+00
      3.680      0.007    10.7477     90.006    135.553  88.330957     2.2429      8.571   213.9996 1.7148e+01     3.1461      3.609      5.234     7.5779 0.0000e+00
      3.681      0.009    10.7505     90.072    135.524  88.312138     2.1859      8.571   214.0159 1.7287e+01     3.0969      3.610      5.236     7.5781 0.0000e+00
      3.684      0.014    10.7529     90.134    135.533  88.317309     2.0799      8.571   213.9633 1.7401e+01     3.0179      3.612      5.239     7.5788 0.0000e+00
      3.687      0.017    10.7551     90.201    135.554  88.329862     2.0014      8.571   213.9655 1.7476e+01     2.9772      3.615      5.244     7.5797 0.0000e+00
      3.692      0.018    10.7668     90.231    135.565  88.336679     1.9850      8.571   214.0425 1.7470e+01     2.9807      3.619      5.250     7.5801 0.0000e+00
      3.699      0.019    10.7741     90.198    135.565  88.336113     1.9903      8.572   214.0345 1.7393e+01     2.9917      3.628      5.261     7.5798 0.0000e+00
      3.707      0.020    10.7798     90.140    135.544  88.323016     2.0574      8.572   213.9540 1.7356e+01     3.0425      3.638      5.275     7.5796 0.0000e+00
      3.711      0.021    10.7908     90.101    135.517  88.305562     2.1896      8.572   213.8446 1.7376e+01     3.1163      3.641      5.281     7.5793 0.0000e+00
      3.713      0.022    10.7964     90.070    135.533  88.315935     2.2568      8.573   213.7439 1.7370e+01     3.1324      3.639      5.279     7.5788 0.0000e+00
      3.717      0.024    10.7903     90.034    135.543  88.321192     2.2538      8.573   213.8547 1.7287e+01     3.1345      3.644      5.286     7.5790 0.0000e+00
      3.724      0.026    10.7798     90.004    135.522  88.305511     2.2449      8.572   213.9793 1.7151e+01     3.1078      3.653      5.298     7.5792 0.0000e+00
      3.732      0.026    10.7774     89.995    135.543  88.317182     2.2318      8.572   213.9608 1.6964e+01     3.0145      3.659      5.305     7.5791 0.0000e+00
      3.741      0.026    10.7743     90.015    135.572  88.335072     2.2213      8.573   213.9750 1.6766e+01     2.9630      3.669      5.322     7.5791 0.0000e+00
      3.751      0.022    10.7689     90.054    135.566  88.330959     2.2181      8.574   213.9792 1.6660e+01     2.9978      3.681      5.338     7.5787 0.0000e+00
      3.757      0.017    10.7653     90.091    135.566  88.331073     2.1926      8.575   214.0107 1.6648e+01     3.0250      3.685      5.344     7.5779 0.0000e+00
      3.758      0.012    10.7638     90.110    135.574  88.336449     2.1296      8.575   214.0984 1.6696e+01     3.0186      3.685      5.345     7.5770 0.0000e+00
      3.759      0.008    10.7665     90.106    135.567  88.332334     2.0797      8.575   214.0927 1.6827e+01     2.9550      3.686      5.346     7.5766 0.0000e+00
      3.759      0.006    10.7728     90.111    135.586  88.344943     2.0645      8.574   214.1139 1.7052e+01     2.8702      3.687      5.348     7.5768 0.0000e+00
      3.759      0.006    10.7770     90.118    135.611  88.361667     2.0785      8.574   214.2687 1.7299e+01     2.9153      3.686      5.346     7.5770 0.0000e+00
      3.760      0.007    10.7809     90.095    135.582  88.343691     2.1080      8.575   214.3302 1.7474e+01     3.0224      3.687      5.347     7.5769 0.0000e+00
      3.762      0.010    10.7775     90.070    135.542  88.318454     2.1215      8.577   214.2543 1.7571e+01     3.0380      3.689      5.351     7.5769 0.0000e+00
      3.765      0.013    10.7780     90.063    135.530  88.311002     2.1242      8.578   214.2979 1.7621e+01     3.0005      3.692      5.355     7.5772 0.0000e+00
      3.769      0.017    10.7826     90.043    135.540  88.317203     2.1497      8.578   214.4272 1.7621e+01     2.9453      3.697      5.361     7.5774 0.0000e+00
      3.773      0.019    10.7766     89.998    135.559  88.329812     2.1880      8.578   214.4405 1.7611e+01     2.8488      3.699      5.365     7.5777 0.0000e+00
      3.778      0.020    10.7723     89.957    135.569  88.336220     2.1964      8.578   214.3730 1.7631e+01     2.7905      3.703      5.371     7.5781 0.0000e+00
      3.786      0.022    10.7738     89.948    135.562  88.331066     2.1840      8.579   214.3855 1.7738e+01     2.7869      3.713      5.386     7.5782 0.0000e+00
      3.792      0.023    10.7721     89.943    135.562  88.331114     2.2210      8.579   214.5051 1.7988e+01     2.8396      3.720      5.396     7.5780 0.0000e+00
      3.796      0.023    10.7656     89.927    135.571  88.336795     2.3112      8.578   214.5287 1.8269e+01     2.9837      3.721      5.397     7.5779 0.0000e+00
      3.802      0.022    10.7576     89.939    135.570  88.336136     2.3674      8.578   214.4124 1.8459e+01     3.1285      3.726      5.405     7.5779 0.0000e+00
      3.810      0.020    10.7595     89.993    135.550  88.323142     2.3767      8.579   214.3037 1.8581e+01     3.1901      3.737      5.421     7.5778 0.0000e+00
      3.816      0.019    10.7605     90.051    135.525  88.306931     2.3735      8.579   214.2469 1.8656e+01     3.1477      3.743      5.429     7.5777 0.0000e+00
      3.819      0.019    10.7550     90.081    135.561  88.330974     2.3704      8.578   214.2424 1.8659e+01     3.0596      3.745      5.432     7.5777 0.0000e+00
      3.820      0.018    10.7558     90.089    135.604  88.359374     2.3717      8.578   214.2491 1.8550e+01     3.0132      3.746      5.434     7.5777 0.0000e+00
      3.824      0.017    10.7647     90.094    135.563  88.332221     2.3566      8.578   214.2424 1.8269e+01     2.9964      3.749      5.436     7.5778 0.0000e+00
      3.830      0.017    10.7734     90.100    135.546  88.320758     2.3459      8.579   214.3325 1.7831e+01     2.9939      3.755      5.446     7.5777 0.0000e+00
      3.837      0.016    10.7759     90.095    135.588  88.348016     2.4172      8.580   214.4788 1.7350e+01     3.0509      3.764      5.459     7.5779 0.0000e+00
      3.842      0.015    10.7764     90.085    135.582  88.343702     2.5447      8.580   214.4625 1.6927e+01     3.1381      3.769      5.466     7.5780 0.0000e+00
      3.844      0.012    10.7762     90.075    135.564  88.332222     2.6137      8.580   214.4797 1.6612e+01     3.1608      3.770      5.468     7.5778 0.0000e+00
      3.845      0.009    10.7784     90.051    135.570  88.336440     2.6196      8.580   214.6868 1.6393e+01     3.1200      3.771      5.469     7.5777 0.0000e+00
      3.847      0.007    10.7773     90.027    135.561  88.331085     2.5484      8.580   214.7288 1.6252e+01     3.0551      3.774      5.472     7.5778 0.0000e+00
      3.849      0.006    10.7753     90.010    135.560  88.331086     2.4111      8.581   214.6439 1.6184e+01     2.9911      3.775      5.474     7.5776 0.0000e+00
      3.850      0.007    10.7759     89.973    135.568  88.336451     2.3414      8.581   214.6066 1.6183e+01     2.9608      3.775      5.475     7.5775 0.0000e+00
      3.851      0.009    10.7719     89.938    135.561  88.332336     2.3545      8.581   214.5354 1.6216e+01     2.9962      3.777      5.477     7.5777 0.0000e+00
      3.852      0.011    10.7672     89.958    135.581  88.344954     2.4027      8.582   214.5582 1.6246e+01     3.0780      3.778      5.479     7.5782 0.0000e+00
      3.855      0.013    10.7688     90.008    135.608  88.361783     2.4579      8.582   214.6237 1.6255e+01     3.1291      3.780      5.482     7.5782 0.0000e+00
      3.860      0.013    10.7629     90.047    135.583  88.344959     2.4727      8.582   214.6402 1.6212e+01     3.1016      3.785      5.489     7.5781 0.0000e+00
      3.866      0.013    10.7537     90.075    135.565  88.332389     2.4575      8.583   214.6702 1.6142e+01     3.0193      3.792      5.500     7.5782 0.0000e+00
      3.871      0.012    10.7596     90.072    135.573  88.337035     2.3816      8.583   214.6430 1.6072e+01     2.9541      3.797      5.508     7.5782 0.0000e+00
      3.874      0.009    10.7679     90.046    135.573  88.337513     2.2458      8.583   214.6553 1.5977e+01     2.9278      3.799      5.510     7.5782 0.0000e+00
      3.874      0.006    10.7707     90.054    135.574  88.338173     2.1727      8.584   214.7327 1.5894e+01     2.9400      3.799      5.510     7.5778 0.0000e+00
      3.874      0.004    10.7761     90.074    135.584  88.345018     2.1798      8.585   214.8043 1.5853e+01     2.9657      3.799      5.510     7.5773 0.0000e+00
      3.874      0.002    10.7771     90.069    135.601  88.356651     2.2401      8.585   214.8325 1.5825e+01     2.9996      3.798      5.508     7.5774 0.0000e+00
      3.874      0.002    10.7674     90.054    135.592  88.351593     2.3282      8.585   214.7302 1.5834e+01     3.0420      3.799      5.510     7.5775 0.0000e+00
      3.875      0.002    10.7716     90.050    135.584  88.347478     2.3547      8.585   214.6861 1.5870e+01     3.0343      3.800      5.512     7.5775 0.0000e+00
      3.876      0.003    10.7767     90.073    135.618  88.370515     2.3348      8.585   214.8154 1.5886e+01     3.0085      3.801      5.512     7.5776 0.0000e+00
      3.876      0.003    10.7737     90.110    135.625  88.375672     2.3204      8.585   214.9173 1.5886e+01     3.0040      3.801      5.513     7.5775 0.0000e+00
      3.877      0.002    10.7721     90.124    135.579  88.346217     2.3055      8.586   214.8853 1.5869e+01     3.0140      3.802      5.515     7.5781 0.0000e+00
      3.878      0.002    10.7693     90.100    135.556  88.332460     2.3047      8.587   214.8584 1.5819e+01     3.0612      3.803      5.516     7.5785 0.0000e+00
      3.878      0.003    10.7736     90.082    135.561  88.336575     2.3104      8.587   214.9359 1.5763e+01     3.0958      3.803      5.516     7.5787 0.0000e+00
      3.878      0.004    10.7792     90.089    135.554  88.332347     2.2916      8.587   214.9615 1.5713e+01     3.0570      3.804      5.517     7.5792 0.0000e+00
      3.878      0.008    10.7829     90.077    135.573  88.344965     2.2616      8.588   214.9959 1.5668e+01     3.0021      3.803      5.516     7.5794 0.0000e+00
