Data/DataNotYetUploadedToEDI/Raw_CTD/RawDownloads/121724_ccr90_S7809004.cnv
* Sea-Bird SBE19plus  Data File:
* FileName = C:\R\Reservoirs\Data\DataNotYetUploadedToEDI\Raw_CTD\RawDownloads\121624_fcr50_S7809_0004.hex
* Software version 2.8.0.119
* Temperature SN = 7809
* Conductivity SN = 7809
* System UpLoad Time = Dec 17 2024 18:09:05
* <ApplicationData>
* <Seaterm232>
# nquan = 15
# nvalues = 807                         
# units = specified
# name 0 = depFM: Depth [fresh water, m]
# name 1 = dz/dtM: Descent Rate [m/s]
# name 2 = sbeox0Mg/L: Oxygen, SBE 43 [mg/l]
# name 3 = sbeox0PS: Oxygen, SBE 43 [% saturation]
# name 4 = specc: Specific Conductance [uS/cm]
# name 5 = c0uS/cm: Conductivity [uS/cm]
# name 6 = flECO-AFL: Fluorescence, WET Labs ECO-AFL/FL [mg/m^3]
# name 7 = ph: pH
# name 8 = orp: Oxidation Reduction Potential [mV]
# name 9 = par/sat/log: PAR/Logarithmic, Satlantic
# name 10 = turbWETntu0: Turbidity, WET Labs ECO [NTU]
# name 11 = prdM: Pressure, Strain Gauge [db]
# name 12 = prdE: Pressure, Strain Gauge [psi]
# name 13 = tv290C: Temperature [ITS-90, deg C]
# name 14 = flag:  0.000e+00
# span 0 =     -0.418,      3.414       
# span 1 =     -0.444,      0.307       
# span 2 =     7.1361,    11.8497       
# span 3 =     60.802,     98.840       
# span 4 =      3.084,    127.219       
# span 5 =   2.390026,  84.604149       
# span 6 =    -0.1041,    59.9572       
# span 7 =      6.541,     11.291       
# span 8 = -1240.3953,   202.2204       
# span 9 = 1.7923e+01, 5.9948e+02       
# span 10 =    -0.2481,   636.1268      
# span 11 =     -0.410,      3.348      
# span 12 =     -0.595,      4.856      
# span 13 =     7.4008,    13.8339      
# span 14 = 0.0000e+00, 0.0000e+00      
# interval = seconds: 0.25
# start_time = Dec 17 2024 12:15:54 [Instrument's time stamp, header]
# bad_flag = -9.990e-29
*END*
[from data line 386]
      0.923      0.020    10.8795     91.033    123.370  80.413456     1.6589      8.232   184.9841 1.0328e+02     2.6974      0.905      1.311     7.5841 0.0000e+00
      0.929      0.024    10.8873     91.004    123.403  80.430278     1.6591      8.233   185.1277 1.0339e+02     2.6500      0.912      1.323     7.5872 0.0000e+00
      0.935      0.029    10.8943     90.984    123.429  80.437530     1.7320      8.233   185.2600 1.0344e+02     2.7125      0.918      1.331     7.5902 0.0000e+00
      0.940      0.034    10.8937     90.949    123.452  80.437534     1.8738      8.233   185.2935 1.0307e+02     2.8710      0.920      1.336     7.5901 0.0000e+00
      0.947      0.038    10.8846     90.914    123.464  80.430308     1.9508      8.236   185.3605 1.0197e+02     2.9614      0.926      1.343     7.5887 0.0000e+00
      0.961      0.041    10.8829     90.897    123.454  80.413739     1.9556      8.238   185.3810 1.0050e+02     3.0207      0.942      1.366     7.5874 0.0000e+00
      0.977      0.046    10.8834     90.906    123.489  80.427972     1.9565      8.240   185.3702 9.9492e+01     3.0756      0.960      1.392     7.5836 0.0000e+00
      0.988      0.052    10.8795     90.927    123.587  80.475203     1.9528      8.240   185.4881 9.9027e+01     3.0445      0.970      1.406     7.5767 0.0000e+00
      0.996      0.056    10.8769     90.928    123.737  80.539632     1.9364      8.241   185.6886 9.8594e+01     2.9516      0.976      1.415     7.5695 0.0000e+00
      1.008      0.056    10.8750     90.906    123.860  80.571021     1.9252      8.241   185.7291 9.7622e+01     2.8756      0.986      1.428     7.5657 0.0000e+00
      1.028      0.055    10.8770     90.885    123.873  80.536707     1.9337      8.243   185.7187 9.6030e+01     2.8423      1.006      1.459     7.5643 0.0000e+00
      1.049      0.053    10.8831     90.874    123.857  80.506259     1.9479      8.246   185.8209 9.4778e+01     2.8226      1.032      1.496     7.5592 0.0000e+00
      1.064      0.052    10.8870     90.875    123.978  80.584423     1.9629      8.248   185.8463 9.4388e+01     2.8077      1.047      1.518     7.5460 0.0000e+00
      1.073      0.051    10.8885     90.897    124.182  80.718652     1.9655      8.248   185.8537 9.4273e+01     2.7646      1.052      1.527     7.5223 0.0000e+00
      1.079      0.048    10.8918     90.933    124.210  80.730147     1.9461      8.248   185.9965 9.4042e+01     2.6769      1.057      1.534     7.5013 0.0000e+00
      1.089      0.044    10.8924     90.963    124.117  80.659818     1.9195      8.249   186.0241 9.3174e+01     2.6363      1.064      1.543     7.4952 0.0000e+00
      1.105      0.041    10.8907     90.996    124.078  80.631426     1.9025      8.251   185.9297 9.1784e+01     2.6497      1.082      1.569     7.4975 0.0000e+00
      1.122      0.038    10.8933     91.060    124.087  80.641235     1.9065      8.251   186.0594 9.0964e+01     2.7014      1.104      1.601     7.5003 0.0000e+00
      1.132      0.033    10.8997     91.110    124.089  80.651235     1.9179      8.252   186.2160 9.0839e+01     2.7833      1.113      1.614     7.4960 0.0000e+00
      1.137      0.027    10.9057     91.111    124.029  80.625148     1.9161      8.253   186.1887 9.0957e+01     2.7867      1.115      1.617     7.4902 0.0000e+00
      1.139      0.020    10.9057     91.106    123.934  80.580208     1.9011      8.254   186.2457 9.0990e+01     2.7086      1.116      1.619     7.4897 0.0000e+00
      1.142      0.015    10.9160     91.089    123.857  80.553039     1.8782      8.255   186.3891 9.0834e+01     2.6246      1.120      1.625     7.4918 0.0000e+00
      1.146      0.014    10.9257     91.072    123.815  80.551045     1.8643      8.257   186.4590 9.0911e+01     2.5896      1.124      1.630     7.4950 0.0000e+00
      1.149      0.015    10.9173     91.123    123.793  80.556123     1.8660      8.259   186.4886 9.1195e+01     2.5932      1.126      1.633     7.5001 0.0000e+00
      1.153      0.018    10.9186     91.199    123.769  80.550861     1.8650      8.259   186.5749 9.1305e+01     2.5663      1.130      1.639     7.5067 0.0000e+00
      1.157      0.020    10.9149     91.247    123.756  80.551024     1.8606      8.260   186.7279 9.1436e+01     2.5369      1.136      1.647     7.5161 0.0000e+00
      1.161      0.022    10.9016     91.283    123.751  80.558106     1.8630      8.261   186.8760 9.1514e+01     2.5114      1.138      1.650     7.5283 0.0000e+00
      1.167      0.022    10.9106     91.307    123.758  80.572903     1.8858      8.262   186.9894 9.1212e+01     2.4968      1.143      1.658     7.5366 0.0000e+00
      1.177      0.021    10.9225     91.316    123.787  80.602755     1.9190      8.263   187.0663 9.0978e+01     2.5656      1.156      1.676     7.5392 0.0000e+00
      1.184      0.020    10.9243     91.321    123.771  80.601085     1.9310      8.265   187.1181 9.1206e+01     2.6252      1.163      1.687     7.5420 0.0000e+00
      1.187      0.017    10.9280     91.295    123.694  80.552719     1.9400      8.265   187.1852 9.1455e+01     2.6375      1.164      1.688     7.5469 0.0000e+00
      1.190      0.015    10.9311     91.233    123.663  80.526718     1.9785      8.266   187.1883 9.1390e+01     2.6459      1.167      1.693     7.5504 0.0000e+00
      1.193      0.014    10.9283     91.186    123.698  80.541081     2.0211      8.267   187.1558 9.1275e+01     2.6240      1.171      1.698     7.5555 0.0000e+00
      1.195      0.014    10.9305     91.177    123.695  80.535590     2.0221      8.268   187.3098 9.1273e+01     2.5435      1.172      1.699     7.5598 0.0000e+00
      1.197      0.015    10.9281     91.184    123.672  80.523914     2.0078      8.269   187.5008 9.1100e+01     2.4244      1.173      1.701     7.5608 0.0000e+00
      1.202      0.015    10.9175     91.174    123.663  80.527094     2.0063      8.270   187.5720 9.0745e+01     2.3794      1.177      1.707     7.5578 0.0000e+00
      1.209      0.016    10.9124     91.148    123.621  80.510463     2.0044      8.271   187.6548 9.0488e+01     2.4427      1.186      1.721     7.5526 0.0000e+00
      1.214      0.018    10.9129     91.113    123.610  80.513622     2.0095      8.273   187.7269 9.0273e+01     2.5412      1.192      1.729     7.5514 0.0000e+00
      1.217      0.019    10.9158     91.073    123.680  80.565287     2.0181      8.274   187.7557 9.0192e+01     2.5804      1.192      1.729     7.5528 0.0000e+00
      1.220      0.020    10.9123     91.040    123.780  80.626403     2.0260      8.274   187.7450 9.0173e+01     2.5746      1.194      1.732     7.5571 0.0000e+00
      1.225      0.020    10.9085     91.031    123.885  80.680218     1.9883      8.274   187.7700 8.9908e+01     2.5739      1.201      1.742     7.5614 0.0000e+00
      1.231      0.020    10.9019     91.020    123.953  80.707205     1.8949      8.276   187.8859 8.9512e+01     2.5719      1.207      1.752     7.5660 0.0000e+00
      1.238      0.019    10.8968     90.973    123.958  80.698308     1.8374      8.279   187.9409 8.9233e+01     2.5844      1.214      1.761     7.5700 0.0000e+00
      1.244      0.017    10.8910     90.918    123.971  80.699822     1.8330      8.280   187.9193 8.9049e+01     2.6220      1.222      1.771     7.5683 0.0000e+00
      1.248      0.014    10.8932     90.887    124.019  80.725502     1.8428      8.280   187.9698 8.8822e+01     2.6852      1.224      1.776     7.5612 0.0000e+00
      1.250      0.013    10.8981     90.888    124.074  80.754422     1.8475      8.281   188.1204 8.8730e+01     2.7340      1.225      1.779     7.5523 0.0000e+00
      1.251      0.014    10.8898     90.909    124.153  80.795112     1.8483      8.283   188.2781 8.8777e+01     2.7336      1.227      1.780     7.5479 0.0000e+00
      1.252      0.016    10.8831     90.909    124.233  80.835905     1.8521      8.284   188.4134 8.8725e+01     2.6803      1.227      1.779     7.5462 0.0000e+00
      1.256      0.020    10.8797     90.904    124.293  80.866074     1.8433      8.285   188.4657 8.8316e+01     2.6024      1.230      1.784     7.5440 0.0000e+00
      1.264      0.025    10.8799     90.945    124.368  80.905494     1.8414      8.285   188.4806 8.7664e+01     2.6110      1.240      1.798     7.5419 0.0000e+00
      1.272      0.028    10.8872     91.014    124.424  80.930953     1.8539      8.286   188.5937 8.7172e+01     2.7166      1.249      1.811     7.5370 0.0000e+00
      1.280      0.029    10.8886     91.072    124.423  80.919506     1.8531      8.288   188.7137 8.6600e+01     2.7854      1.255      1.819     7.5313 0.0000e+00
      1.290      0.028    10.8831     91.122    124.399  80.894271     1.8398      8.288   188.8139 8.5915e+01     2.7934      1.264      1.834     7.5286 0.0000e+00
      1.298      0.026    10.8925     91.178    124.382  80.880205     1.8266      8.289   188.9449 8.5408e+01     2.7456      1.274      1.848     7.5254 0.0000e+00
      1.303      0.022    10.9033     91.213    124.365  80.876623     1.8191      8.289   189.0065 8.4954e+01     2.6519      1.278      1.854     7.5199 0.0000e+00
      1.307      0.017    10.9114     91.222    124.308  80.850967     1.8154      8.290   188.9565 8.4542e+01     2.6167      1.282      1.859     7.5163 0.0000e+00
      1.311      0.010    10.9167     91.237    124.251  80.824380     1.8151      8.291   188.9427 8.4217e+01     2.6272      1.286      1.865     7.5113 0.0000e+00
      1.315      0.004    10.9264     91.233    124.216  80.809556     1.8237      8.293   189.0122 8.3992e+01     2.6762      1.291      1.872     7.5088 0.0000e+00
      1.317      0.000    10.9309     91.193    124.191  80.798928     1.8364      8.294   189.1077 8.4056e+01     2.7656      1.293      1.876     7.5139 0.0000e+00
      1.314     -0.003    10.9255     91.138    124.224  80.823075     1.8429      8.295   189.1508 8.4375e+01     2.7861      1.290      1.870     7.5188 0.0000e+00
      1.309     -0.003    10.9303     91.075    124.257  80.847135     1.8361      8.296   189.0174 8.4561e+01     2.7529      1.283      1.860     7.5228 0.0000e+00
      1.305     -0.002    10.9289     91.017    124.225  80.835458     1.8208      8.297   188.9579 8.4392e+01     2.7057      1.278      1.854     7.5268 0.0000e+00
      1.306      0.001    10.9224     91.008    124.158  80.809092     1.8165      8.297   189.1187 8.4041e+01     2.6596      1.280      1.856     7.5284 0.0000e+00
      1.309      0.006    10.9151     91.053    124.088  80.782735     1.8176      8.297   189.1551 8.3720e+01     2.7079      1.284      1.862     7.5294 0.0000e+00
      1.313      0.012    10.9079     91.092    124.048  80.771176     1.8174      8.299   189.0546 8.3486e+01     2.7774      1.288      1.868     7.5296 0.0000e+00
      1.316      0.018    10.8977     91.127    124.073  80.796529     1.8379      8.302   189.1933 8.3238e+01     2.7489      1.291      1.872     7.5323 0.0000e+00
      1.318      0.025    10.8915     91.169    124.137  80.834917     1.8751      8.302   189.4554 8.2725e+01     2.6701      1.291      1.873     7.5413 0.0000e+00
      1.323      0.031    10.9021     91.195    124.197  80.853748     1.8840      8.302   189.4708 8.1902e+01     2.5766      1.296      1.879     7.5494 0.0000e+00
      1.332      0.038    10.9025     91.205    124.307  80.897009     1.8707      8.303   189.4656 8.0915e+01     2.5397      1.305      1.893     7.5548 0.0000e+00
      1.346      0.046    10.9041     91.184    124.475  80.976383     1.8725      8.305   189.6505 7.9848e+01     2.6681      1.320      1.914     7.5602 0.0000e+00
      1.360      0.053    10.9126     91.142    124.633  81.050289     1.8889      8.306   189.7278 7.8938e+01     2.8995      1.335      1.936     7.5600 0.0000e+00
      1.374      0.059    10.9159     91.112    124.735  81.091031     1.9106      8.307   189.7117 7.8069e+01     3.0155      1.346      1.953     7.5499 0.0000e+00
      1.388      0.061    10.9231     91.089    124.669  81.023803     1.9190      8.309   189.8867 7.6956e+01     3.0106      1.361      1.974     7.5375 0.0000e+00
      1.405      0.060    10.9229     91.043    124.578  80.936955     1.8900      8.310   190.0366 7.5745e+01     2.9774      1.377      1.997     7.5251 0.0000e+00
      1.424      0.056    10.9189     91.008    124.715  80.994854     1.8357      8.311   190.0611 7.4493e+01     2.8877      1.396      2.024     7.5131 0.0000e+00
      1.442      0.048    10.9175     91.012    124.893  81.087876     1.8033      8.312   190.0970 7.3437e+01     2.8485      1.416      2.054     7.5034 0.0000e+00
      1.455      0.038    10.9211     91.011    124.923  81.107738     1.8053      8.312   190.0409 7.2847e+01     2.9132      1.429      2.073     7.4939 0.0000e+00
      1.462      0.028    10.9159     91.007    124.891  81.107809     1.8020      8.312   189.9854 7.2527e+01     2.9191      1.436      2.082     7.4839 0.0000e+00
      1.464      0.020    10.9114     91.020    124.819  81.088749     1.7895      8.313   190.0274 7.2329e+01     2.8169      1.437      2.084     7.4692 0.0000e+00
      1.464      0.016    10.9217     91.060    124.652  81.004506     1.7945      8.314   190.2049 7.2175e+01     2.7359      1.435      2.082     7.4573 0.0000e+00
      1.465      0.017    10.9186     91.127    124.494  80.915986     1.7970      8.315   190.3242 7.1879e+01     2.7252      1.435      2.083     7.4580 0.0000e+00
      1.469      0.020    10.9147     91.181    124.483  80.908808     1.7938      8.316   190.1795 7.1478e+01     2.7218      1.440      2.089     7.4689 0.0000e+00
      1.475      0.024    10.9131     91.205    124.509  80.917719     1.8058      8.317   190.1770 7.0898e+01     2.6947      1.445      2.096     7.4815 0.0000e+00
      1.485      0.026    10.9132     91.210    124.486  80.896533     1.8263      8.318   190.3787 7.0141e+01     2.7048      1.456      2.111     7.4917 0.0000e+00
      1.496      0.027    10.9238     91.222    124.502  80.907012     1.8417      8.318   190.3817 6.9589e+01     2.7760      1.469      2.130     7.4987 0.0000e+00
      1.503      0.027    10.9295     91.240    124.515  80.917227     1.8499      8.319   190.2128 6.9266e+01     2.8733      1.476      2.140     7.4977 0.0000e+00
      1.507      0.026    10.9347     91.230    124.484  80.892863     1.8507      8.320   190.1431 6.9006e+01     2.9245      1.478      2.143     7.4925 0.0000e+00
      1.511      0.025    10.9335     91.202    124.460  80.866805     1.8343      8.322   190.1416 6.8698e+01     2.8818      1.480      2.148     7.4898 0.0000e+00
      1.516      0.025    10.9346     91.172    124.456  80.856523     1.8183      8.322   190.1952 6.8194e+01     2.8356      1.486      2.155     7.4895 0.0000e+00
      1.524      0.025    10.9398     91.127    124.525  80.895724     1.8236      8.323   190.3610 6.7597e+01     2.8091      1.495      2.168     7.4925 0.0000e+00
      1.533      0.024    10.9368     91.087    124.626  80.959210     1.8397      8.324   190.5105 6.7072e+01     2.7674      1.505      2.181     7.4911 0.0000e+00
      1.540      0.021    10.9338     91.061    124.670  80.988178     1.8470      8.325   190.5412 6.6618e+01     2.7410      1.512      2.191     7.4842 0.0000e+00
      1.546      0.016    10.9339     91.041    124.672  80.991600     1.8454      8.325   190.5598 6.6303e+01     2.6953      1.517      2.201     7.4818 0.0000e+00
      1.549      0.012    10.9265     91.056    124.682  81.000576     1.8372      8.326   190.7362 6.6086e+01     2.6246      1.519      2.204     7.4797 0.0000e+00
      1.549      0.011    10.9210     91.091    124.627  80.969522     1.8059      8.327   190.9529 6.5887e+01     2.6038      1.519      2.203     7.4781 0.0000e+00
