Data/DataNotYetUploadedToEDI/Raw_CTD/RawDownloads/121724_ccr50_S7809002.cnv
* Sea-Bird SBE19plus  Data File:
* FileName = C:\R\Reservoirs\Data\DataNotYetUploadedToEDI\Raw_CTD\RawDownloads\121624_fcr50_S7809_0002.hex
* Software version 2.8.0.119
* Temperature SN = 7809
* Conductivity SN = 7809
* System UpLoad Time = Dec 17 2024 18:08:08
* <ApplicationData>
* <Seaterm232>
# nquan = 15
# nvalues = 4110                        
# units = specified
# name 0 = depFM: Depth [fresh water, m]
# name 1 = dz/dtM: Descent Rate [m/s]
# name 2 = sbeox0Mg/L: Oxygen, SBE 43 [mg/l]
# name 3 = sbeox0PS: Oxygen, SBE 43 [% saturation]
# name 4 = specc: Specific Conductance [uS/cm]
# name 5 = c0uS/cm: Conductivity [uS/cm]
# name 6 = flECO-AFL: Fluorescence, WET Labs ECO-AFL/FL [mg/m^3]
# name 7 = ph: pH
# name 8 = orp: Oxidation Reduction Potential [mV]
# name 9 = par/sat/log: PAR/Logarithmic, Satlantic
# name 10 = turbWETntu0: Turbidity, WET Labs ECO [NTU]
# name 11 = prdM: Pressure, Strain Gauge [db]
# name 12 = prdE: Pressure, Strain Gauge [psi]
# name 13 = tv290C: Temperature [ITS-90, deg C]
# name 14 = flag:  0.000e+00
# span 0 =     -0.402,     19.562       
# span 1 =     -0.456,      0.172       
# span 2 =     3.7234,    12.0840       
# span 3 =     32.232,    102.741       
# span 4 =     23.514,    291.010       
# span 5 =  15.335353, 190.108803       
# span 6 =    -0.4595,   219.1827       
# span 7 =      5.703,      8.932       
# span 8 =    76.9595,   240.3650       
# span 9 = 1.2365e-01, 5.7203e+02       
# span 10 =    -0.3287,   687.4275      
# span 11 =     -0.395,     19.184      
# span 12 =     -0.572,     27.824      
# span 13 =     7.4539,     9.5523      
# span 14 = 0.0000e+00, 0.0000e+00      
# interval = seconds: 0.25
# start_time = Dec 17 2024 11:06:25 [Instrument's time stamp, header]
# bad_flag = -9.990e-29
*END*
[from data line 2507]
      9.952      0.034    10.7373     89.761    135.580  88.329634     2.5540      8.796   228.4622 1.6255e-01     3.3095      9.757     14.152     7.5731 0.0000e+00
      9.966      0.038    10.7377     89.764    135.567  88.319847     2.4749      8.798   228.7712 1.5643e-01     3.2113      9.774     14.175     7.5729 0.0000e+00
      9.980      0.041    10.7380     89.750    135.504  88.276405     2.3526      8.798   228.9285 1.6199e-01     3.0997      9.791     14.200     7.5727 0.0000e+00
      9.990      0.042    10.7370     89.736    135.466  88.249696     2.2896      8.798   228.8164 1.6146e-01     3.0523      9.798     14.211     7.5729 0.0000e+00
      9.996      0.042    10.7380     89.729    135.471  88.251384     2.2960      8.797   228.7918 1.5515e-01     3.0483      9.801     14.216     7.5729 0.0000e+00
     10.005      0.042    10.7403     89.708    135.445  88.233193     2.3385      8.796   228.8895 1.5208e-01     3.0859      9.810     14.228     7.5726 0.0000e+00
     10.019      0.045    10.7371     89.679    135.427  88.220602     2.3965      8.796   228.8787 1.4948e-01     3.1309      9.825     14.250     7.5717 0.0000e+00
     10.032      0.052    10.7348     89.659    135.437  88.226373     2.4215      8.798   228.7473 1.4533e-01     3.1488      9.839     14.270     7.5707 0.0000e+00
     10.042      0.059    10.7367     89.642    135.459  88.239356     2.4255      8.798   228.6776 1.4475e-01     3.1661      9.848     14.283     7.5702 0.0000e+00
     10.055      0.064    10.7329     89.624    135.478  88.250341     2.4279      8.798   228.5522 1.4920e-01     3.1683      9.859     14.299     7.5699 0.0000e+00
     10.074      0.067    10.7286     89.600    135.450  88.231947     2.4169      8.798   228.4356 1.4766e-01     3.1408      9.877     14.326     7.5697 0.0000e+00
     10.098      0.068    10.7268     89.564    135.414  88.207810     2.4095      8.799   228.4723 1.3961e-01     3.1419      9.903     14.363     7.5694 0.0000e+00
     10.119      0.069    10.7253     89.522    135.423  88.212971     2.4133      8.799   228.4803 1.3783e-01     3.2156      9.927     14.396     7.5687 0.0000e+00
     10.135      0.067    10.7234     89.486    135.451  88.230728     2.4209      8.799   228.4454 1.4130e-01     3.3145      9.940     14.416     7.5681 0.0000e+00
     10.148      0.062    10.7211     89.453    135.453  88.231656     2.4267      8.799   228.4810 1.4525e-01     3.3467      9.950     14.431     7.5679 0.0000e+00
     10.163      0.056    10.7165     89.436    135.442  88.224194     2.4247      8.799   228.4802 1.4241e-01     3.2973      9.965     14.453     7.5679 0.0000e+00
     10.180      0.050    10.7102     89.446    135.412  88.204124     2.4212      8.800   228.4353 1.3340e-01     3.2300      9.985     14.482     7.5676 0.0000e+00
     10.194      0.045    10.7073     89.477    135.375  88.179834     2.4427      8.800   228.5403 1.2950e-01     3.1138     10.000     14.503     7.5673 0.0000e+00
     10.203      0.040    10.7020     89.505    135.383  88.184973     2.4855      8.799   228.7182 1.3185e-01     2.9517     10.007     14.513     7.5671 0.0000e+00
     10.211      0.034    10.6999     89.508    135.410  88.202644     2.5147      8.799   228.7797 1.3800e-01     2.9096     10.014     14.524     7.5670 0.0000e+00
     10.218      0.029    10.7012     89.516    135.410  88.202643     2.5371      8.799   228.8532 1.4133e-01     2.9456     10.021     14.534     7.5669 0.0000e+00
     10.224      0.026    10.7055     89.529    135.383  88.184961     2.5648      8.799   228.9191 1.4217e-01     2.9773     10.027     14.542     7.5669 0.0000e+00
     10.230      0.025    10.7120     89.517    135.375  88.179698     2.5840      8.800   228.8885 1.4441e-01     3.0208     10.033     14.550     7.5668 0.0000e+00
     10.237      0.023    10.7084     89.487    135.410  88.202633     2.5941      8.800   228.9986 1.4017e-01     3.0269     10.039     14.560     7.5666 0.0000e+00
     10.244      0.021    10.7097     89.465    135.417  88.207791     2.5948      8.799   229.2181 1.3535e-01     3.0166     10.046     14.570     7.5667 0.0000e+00
     10.249      0.019    10.7143     89.468    135.372  88.178449     2.5515      8.799   229.3055 1.3560e-01     3.0329     10.051     14.577     7.5669 0.0000e+00
     10.253      0.017    10.7112     89.482    135.352  88.165945     2.4703      8.799   229.2809 1.3411e-01     3.0876     10.056     14.584     7.5669 0.0000e+00
     10.257      0.014    10.7071     89.504    135.380  88.183845     2.4203      8.799   229.2652 1.3280e-01     3.1306     10.058     14.588     7.5670 0.0000e+00
     10.260      0.011    10.7021     89.527    135.411  88.204025     2.4208      8.799   229.2879 1.3547e-01     3.1096     10.062     14.593     7.5671 0.0000e+00
     10.263      0.009    10.7050     89.537    135.434  88.219090     2.4272      8.801   229.2109 1.4327e-01     3.0723     10.065     14.598     7.5671 0.0000e+00
     10.265      0.007    10.7060     89.563    135.464  88.238754     2.4397      8.801   229.1084 1.4337e-01     3.0900     10.066     14.600     7.5674 0.0000e+00
     10.266      0.006    10.7078     89.595    135.483  88.250924     2.4792      8.800   229.0807 1.3718e-01     3.1529     10.067     14.601     7.5673 0.0000e+00
     10.266      0.005    10.7140     89.599    135.463  88.239004     2.5139      8.800   229.0486 1.3739e-01     3.2172     10.067     14.601     7.5672 0.0000e+00
     10.267      0.005    10.7110     89.592    135.435  88.221864     2.5348      8.801   229.0637 1.3609e-01     3.2872     10.068     14.603     7.5673 0.0000e+00
     10.269      0.005    10.7152     89.584    135.453  88.234539     2.5734      8.802   229.0917 1.3263e-01     3.2822     10.071     14.606     7.5672 0.0000e+00
     10.271      0.004    10.7226     89.564    135.498  88.265025     2.6309      8.802   229.0425 1.2943e-01     3.2243     10.073     14.609     7.5673 0.0000e+00
     10.272      0.004    10.7202     89.552    135.508  88.272382     2.6728      8.801   228.9856 1.2866e-01     3.1684     10.073     14.610     7.5675 0.0000e+00
     10.273      0.003    10.7189     89.549    135.489  88.259867     2.6803      8.801   229.0058 1.3010e-01     3.0844     10.074     14.611     7.5677 0.0000e+00
     10.273      0.002    10.7197     89.539    135.459  88.240954     2.6058      8.800   229.0291 1.2738e-01     2.9944     10.074     14.612     7.5683 0.0000e+00
     10.273      0.002    10.7150     89.545    135.448  88.234556     2.4790      8.800   229.0087 1.2594e-01     2.8664     10.074     14.612     7.5688 0.0000e+00
     10.274      0.002    10.7131     89.570    135.464  88.246123     2.4207      8.801   229.0167 1.2755e-01     2.8000     10.075     14.613     7.5691 0.0000e+00
     10.274      0.003    10.7155     89.599    135.472  88.253574     2.4163      8.801   229.1266 1.2702e-01     2.8407     10.075     14.613     7.5693 0.0000e+00
     10.275      0.004    10.7111     89.630    135.481  88.261035     2.4517      8.801   229.2195 1.2690e-01     2.8797     10.076     14.614     7.5692 0.0000e+00
     10.276      0.004    10.7120     89.654    135.496  88.272724     2.5233      8.801   229.1927 1.2753e-01     2.8965     10.078     14.616     7.5693 0.0000e+00
     10.277      0.005    10.7169     89.674    135.485  88.267672     2.5581      8.801   229.2335 1.2920e-01     2.8724     10.079     14.618     7.5699 0.0000e+00
     10.278      0.005    10.7187     89.688    135.477  88.263567     2.5559      8.801   229.3682 1.3331e-01     2.8273     10.080     14.619     7.5708 0.0000e+00
     10.280      0.005    10.7241     89.702    135.511  88.286709     2.6046      8.802   229.4445 1.3422e-01     2.8641     10.081     14.621     7.5716 0.0000e+00
     10.281      0.004    10.7254     89.717    135.520  88.293014     2.7236      8.803   229.4678 1.3038e-01     2.9410     10.082     14.623     7.5721 0.0000e+00
     10.282      0.003    10.7284     89.720    135.494  88.276187     2.8043      8.803   229.4769 1.2659e-01     3.0057     10.083     14.625     7.5728 0.0000e+00
     10.283      0.003    10.7295     89.713    135.491  88.274101     2.8308      8.802   229.4688 1.2671e-01     3.1001     10.084     14.626     7.5734 0.0000e+00
     10.284      0.002    10.7303     89.703    135.481  88.267787     2.8455      8.802   229.4563 1.2803e-01     3.1603     10.085     14.627     7.5735 0.0000e+00
     10.284      0.001    10.7341     89.710    135.474  88.263468     2.8397      8.802   229.4983 1.2994e-01     3.1188     10.085     14.628     7.5739 0.0000e+00
     10.284      0.001    10.7331     89.732    135.506  88.285500     2.8273      8.803   229.5472 1.3291e-01     3.0426     10.085     14.627     7.5740 0.0000e+00
     10.284      0.000    10.7327     89.733    135.496  88.279707     2.8205      8.803   229.5303 1.3805e-01     3.0247     10.085     14.628     7.5737 0.0000e+00
     10.284 4.3180e-07    10.7302     89.706    135.462  88.257043     2.8160      8.803   229.4668 1.4268e-01     2.9706     10.085     14.627     7.5736 0.0000e+00
     10.284      0.000    10.7303     89.676    135.477  88.265942     2.8056      8.802   229.3818 1.3658e-01     2.9004     10.085     14.627     7.5741 0.0000e+00
     10.284      0.000    10.7359     89.661    135.468  88.260064     2.8033      8.802   229.3627 1.3073e-01     2.9609     10.085     14.627     7.5746 0.0000e+00
     10.284      0.001    10.7359     89.659    135.453  88.249588     2.8216      8.802   229.4076 1.3198e-01     3.0196     10.084     14.625     7.5747 0.0000e+00
     10.284      0.001    10.7310     89.645    135.481  88.266515     2.8266      8.801   229.4948 1.3051e-01     2.9612     10.085     14.626     7.5746 0.0000e+00
     10.284      0.002    10.7271     89.614    135.496  88.273870     2.7804      8.801   229.5562 1.2695e-01     2.9386     10.085     14.627     7.5744 0.0000e+00
     10.285      0.002    10.7247     89.580    135.500  88.274905     2.7124      8.802   229.5467 1.2734e-01     2.9852     10.086     14.628     7.5743 0.0000e+00
     10.285      0.001    10.7267     89.580    135.506  88.279020     2.6792      8.803   229.6388 1.3153e-01     3.0116     10.086     14.629     7.5743 0.0000e+00
     10.286      0.000    10.7249     89.617    135.475  88.260002     2.6789      8.804   229.7242 1.3185e-01     3.0522     10.087     14.630     7.5734 0.0000e+00
     10.286     -0.001    10.7214     89.642    135.435  88.235818     2.6924      8.805   229.6326 1.3045e-01     3.0676     10.088     14.631     7.5725 0.0000e+00
     10.285     -0.001    10.7155     89.640    135.440  88.241079     2.7088      8.805   229.5639 1.3112e-01     3.0270     10.087     14.630     7.5718 0.0000e+00
     10.284     -0.001    10.7136     89.642    135.467  88.260002     2.7183      8.805   229.5819 1.3100e-01     2.9706     10.085     14.628     7.5718 0.0000e+00
     10.284      0.000    10.7227     89.658    135.488  88.273757     2.7326      8.805   229.5917 1.3538e-01     2.9322     10.085     14.627     7.5727 0.0000e+00
     10.284      0.001    10.7256     89.673    135.499  88.280155     2.7733      8.804   229.5959 1.3900e-01     2.9397     10.084     14.625     7.5734 0.0000e+00
     10.284      0.002    10.7229     89.671    135.489  88.273746     2.8276      8.804   229.5466 1.3779e-01     2.9581     10.084     14.626     7.5741 0.0000e+00
     10.285      0.003    10.7226     89.659    135.469  88.259876     2.8558      8.803   229.4262 1.3634e-01     2.9838     10.086     14.629     7.5745 0.0000e+00
     10.287      0.003    10.7258     89.655    135.439  88.239692     2.8650      8.803   229.4305 1.3056e-01     3.0459     10.088     14.631     7.5744 0.0000e+00
     10.288      0.002    10.7281     89.655    135.410  88.220560     2.9478      8.803   229.5120 1.3136e-01     3.0934     10.089     14.633     7.5742 0.0000e+00
     10.288      0.001    10.7282     89.667    135.408  88.219402     3.1001      8.803   229.4657 1.3830e-01     3.0799     10.089     14.634     7.5741 0.0000e+00
     10.287      0.000    10.7245     89.684    135.417  88.225697     3.1825      8.804   229.4727 1.4295e-01     3.0543     10.088     14.632     7.5738 0.0000e+00
     10.287     -0.001    10.7259     89.674    135.426  88.233047     3.1699      8.806   229.5969 1.4925e-01     3.0218     10.088     14.631     7.5736 0.0000e+00
     10.286     -0.001    10.7248     89.664    135.442  88.244660     3.0067      8.806   229.7630 1.4998e-01     3.0292     10.087     14.630     7.5734 0.0000e+00
     10.286     -0.001    10.7255     89.674    135.434  88.238877     2.7322      8.806   229.9315 1.4487e-01     3.1087     10.087     14.630     7.5733 0.0000e+00
     10.286      0.000    10.7318     89.667    135.418  88.226747     2.5887      8.806   230.0000 1.3711e-01     3.1635     10.087     14.630     7.5736 0.0000e+00
     10.286      0.003    10.7274     89.635    135.420  88.225226     2.5869      8.806   229.9886 1.3404e-01     3.2140     10.087     14.630     7.5742 0.0000e+00
     10.286      0.006    10.7239     89.604    135.418  88.220486     2.6522      8.806   229.9659 1.3590e-01     3.2401     10.087     14.630     7.5748 0.0000e+00
     10.287      0.009    10.7290     89.575    135.442  88.233048     2.7461      8.806   229.8978 1.3216e-01     3.1727     10.087     14.631     7.5748 0.0000e+00
     10.290      0.012    10.7286     89.557    135.472  88.249872     2.7812      8.805   229.7677 1.2808e-01     3.0827     10.090     14.635     7.5739 0.0000e+00
     10.295      0.016    10.7220     89.550    135.449  88.233043     2.7857      8.805   229.7696 1.2599e-01     3.0054     10.096     14.643     7.5728 0.0000e+00
     10.299      0.018    10.7206     89.541    135.430  88.220424     2.9342      8.806   229.8345 1.2669e-01     2.9889     10.100     14.649     7.5715 0.0000e+00
     10.304      0.018    10.7157     89.525    135.435  88.224529     3.2190      8.806   229.7788 1.2909e-01     3.0549     10.105     14.655     7.5703 0.0000e+00
     10.310      0.018    10.7144     89.528    135.425  88.219059     3.3831      8.806   229.7846 1.2939e-01     3.1197     10.111     14.665     7.5695 0.0000e+00
     10.316      0.017    10.7142     89.545    135.422  88.217902     3.4121      8.807   229.8179 1.2976e-01     3.1228     10.117     14.674     7.5686 0.0000e+00
     10.319      0.016    10.7140     89.528    135.411  88.210545     3.4112      8.807   229.7516 1.2991e-01     3.0928     10.120     14.677     7.5682 0.0000e+00
     10.322      0.015    10.7104     89.501    135.386  88.193716     3.2553      8.807   229.6710 1.2990e-01     3.0650     10.123     14.681     7.5687 0.0000e+00
     10.326      0.014    10.7090     89.495    135.405  88.205283     2.9762      8.807   229.6185 1.3018e-01     3.0259     10.126     14.687     7.5696 0.0000e+00
     10.330      0.013    10.7168     89.509    135.433  88.223163     2.8331      8.807   229.6327 1.3048e-01     2.9952     10.130     14.693     7.5698 0.0000e+00
     10.333      0.013    10.7114     89.550    135.428  88.219048     2.8229      8.807   229.6707 1.3062e-01     3.0013     10.133     14.697     7.5696 0.0000e+00
     10.336      0.013    10.7062     89.583    135.429  88.219152     2.8204      8.808   229.7333 1.3087e-01     2.9981     10.137     14.702     7.5695 0.0000e+00
     10.339      0.012    10.7078     89.583    135.438  88.224414     2.8192      8.808   229.7875 1.2885e-01     2.9559     10.140     14.707     7.5692 0.0000e+00
     10.343      0.010    10.7068     89.584    135.431  88.219049     2.8328      8.808   229.7236 1.2562e-01     2.9340     10.143     14.712     7.5689 0.0000e+00
