Data/DataNotYetUploadedToEDI/Raw_CTD/RawDownloads/121724_ccr88_S7809003.cnv
* Sea-Bird SBE19plus  Data File:
* FileName = C:\R\Reservoirs\Data\DataNotYetUploadedToEDI\Raw_CTD\RawDownloads\121624_fcr50_S7809_0003.hex
* Software version 2.8.0.119
* Temperature SN = 7809
* Conductivity SN = 7809
* System UpLoad Time = Dec 17 2024 18:08:42
* <ApplicationData>
* <Seaterm232>
# nquan = 15
# nvalues = 1252                        
# units = specified
# name 0 = depFM: Depth [fresh water, m]
# name 1 = dz/dtM: Descent Rate [m/s]
# name 2 = sbeox0Mg/L: Oxygen, SBE 43 [mg/l]
# name 3 = sbeox0PS: Oxygen, SBE 43 [% saturation]
# name 4 = specc: Specific Conductance [uS/cm]
# name 5 = c0uS/cm: Conductivity [uS/cm]
# name 6 = flECO-AFL: Fluorescence, WET Labs ECO-AFL/FL [mg/m^3]
# name 7 = ph: pH
# name 8 = orp: Oxidation Reduction Potential [mV]
# name 9 = par/sat/log: PAR/Logarithmic, Satlantic
# name 10 = turbWETntu0: Turbidity, WET Labs ECO [NTU]
# name 11 = prdM: Pressure, Strain Gauge [db]
# name 12 = prdE: Pressure, Strain Gauge [psi]
# name 13 = tv290C: Temperature [ITS-90, deg C]
# name 14 = flag:  0.000e+00
# span 0 =     -0.415,     10.355       
# span 1 =     -0.372,      0.239       
# span 2 =     7.6865,    11.7635       
# span 3 =     67.226,    100.464       
# span 4 =     13.435,    137.749       
# span 5 =   9.231864,  92.964485       
# span 6 =    -0.6114,    11.6423       
# span 7 =      6.172,      8.758       
# span 8 =   150.9392,   246.2035       
# span 9 = 1.2368e-01, 1.9576e+03       
# span 10 =     0.8747,    49.8514      
# span 11 =     -0.409,     10.154      
# span 12 =     -0.593,     14.728      
# span 13 =     7.5558,    13.7252      
# span 14 = 0.0000e+00, 0.0000e+00      
# interval = seconds: 0.25
# start_time = Dec 17 2024 11:47:05 [Instrument's time stamp, header]
# bad_flag = -9.990e-29
*END*
[from data line 868]
      9.569      0.054    10.5061     87.733    133.693  87.064321     2.6292      8.622   213.4539 1.4917e-01     3.2302      9.381     13.606     7.5579 0.0000e+00
      9.578      0.049    10.5067     87.721    133.706  87.073008     2.5683      8.623   213.5486 1.4955e-01     3.1590      9.391     13.621     7.5585 0.0000e+00
      9.591      0.050    10.5054     87.696    133.554  86.973117     2.5472      8.623   213.7135 1.5291e-01     3.1103      9.405     13.642     7.5589 0.0000e+00
      9.605      0.056    10.4985     87.668    133.405  86.874368     2.5576      8.623   213.8130 1.5236e-01     3.1537      9.419     13.660     7.5590 0.0000e+00
      9.622      0.061    10.4998     87.639    133.444  86.896848     2.5768      8.623   213.8064 1.5061e-01     3.3087      9.435     13.684     7.5595 0.0000e+00
      9.640      0.062    10.4986     87.599    133.591  86.990468     2.5969      8.624   213.8046 1.4765e-01     3.4815      9.454     13.712     7.5597 0.0000e+00
      9.658      0.057    10.4945     87.532    133.688  87.052121     2.5926      8.624   213.7913 1.4790e-01     3.5008      9.473     13.739     7.5594 0.0000e+00
      9.674      0.050    10.4919     87.444    133.715  87.069759     2.5746      8.624   213.7325 1.5321e-01     3.4393      9.488     13.761     7.5587 0.0000e+00
      9.687      0.040    10.4882     87.348    133.724  87.076499     2.5366      8.624   213.6960 1.4873e-01     3.3537      9.501     13.780     7.5577 0.0000e+00
      9.696      0.030    10.4857     87.247    133.711  87.070003     2.4830      8.625   213.6934 1.4393e-01     3.2165      9.511     13.794     7.5564 0.0000e+00
      9.700      0.021    10.4769     87.163    133.684  87.054825     2.4597      8.625   213.7019 1.4598e-01     3.1472      9.514     13.799     7.5558 0.0000e+00
      9.701      0.016    10.4653     87.115    133.628  87.020215     2.4460      8.626   213.7121 1.4503e-01     3.1311      9.513     13.797     7.5559 0.0000e+00
      9.702      0.016    10.4548     87.098    133.548  86.969607     2.3679      8.628   213.7305 1.4544e-01     3.0896      9.514     13.799     7.5564 0.0000e+00
      9.704      0.021    10.4407     87.116    133.617  87.015454     2.2391      8.628   213.7521 1.4983e-01     3.0549      9.516     13.802     7.5573 0.0000e+00
      9.708      0.029    10.4295     87.173    133.889  87.192861     2.1706      8.628   213.7158 1.4893e-01     3.0531      9.518     13.805     7.5580 0.0000e+00
      9.717      0.040    10.4243     87.254    134.105  87.333429     2.1806      8.628   213.6357 1.5029e-01     3.1014      9.527     13.818     7.5586 0.0000e+00
      9.730      0.055    10.4218     87.311    134.176  87.379144     2.2762      8.630   213.6436 1.5670e-01     3.2298      9.542     13.839     7.5593 0.0000e+00
      9.745      0.075    10.4236     87.321    134.153  87.363915     2.4283      8.630   213.7252 1.5389e-01     3.3757      9.555     13.860     7.5599 0.0000e+00
      9.762      0.097    10.4300     87.311    134.020  87.276515     2.5041      8.630   213.8477 1.5136e-01     3.4314      9.570     13.881     7.5598 0.0000e+00
      9.785      0.116    10.4433     87.311    133.923  87.212999     2.5098      8.631   214.0933 1.5526e-01     3.4246      9.592     13.913     7.5596 0.0000e+00
      9.820      0.130    10.4514     87.317    133.952  87.232088     2.5065      8.631   214.1995 1.5674e-01     3.3618      9.627     13.963     7.5598 0.0000e+00
      9.865      0.136    10.4506     87.342    133.983  87.252858     2.5139      8.631   214.1845 1.6042e-01     3.2872      9.674     14.031     7.5595 0.0000e+00
      9.911      0.131    10.4476     87.396    133.917  87.209671     2.5492      8.632   214.3427 1.7226e-01     3.3412      9.723     14.101     7.5592 0.0000e+00
      9.951      0.117    10.4489     87.449    133.835  87.155218     2.5837      8.632   214.4772 1.7970e-01     3.4683      9.763     14.160     7.5590 0.0000e+00
      9.979      0.098    10.4489     87.495    133.852  87.166998     2.5979      8.632   214.4343 1.6991e-01     3.5607      9.790     14.200     7.5593 0.0000e+00
      9.995      0.080    10.4499     87.544    133.840  87.161260     2.5966      8.633   214.2539 1.5351e-01     3.5693      9.803     14.219     7.5595 0.0000e+00
     10.006      0.072    10.4599     87.575    133.722  87.085843     2.5930      8.634   214.1033 1.4086e-01     3.5047      9.813     14.232     7.5592 0.0000e+00
     10.015      0.076    10.4658     87.600    133.620  87.018499     2.5958      8.634   214.0754 1.3250e-01     3.4632      9.820     14.243     7.5589 0.0000e+00
     10.025      0.090    10.4698     87.630    133.567  86.983150     2.6128      8.635   214.0893 1.2705e-01     3.5460      9.826     14.253     7.5590 0.0000e+00
     10.047      0.105    10.4779     87.625    133.558  86.976510     2.7496      8.636   214.0993 1.2423e-01     4.6422      9.846     14.281     7.5600 0.0000e+00
     10.086      0.115    10.4805     87.587    133.597  87.001819     2.9926      8.637   214.0239 1.2400e-01     6.6739      9.886     14.339     7.5608 0.0000e+00
     10.133      0.115    10.4814     87.546    133.647  87.034701     3.1366      8.637   213.9523 1.2405e-01     7.7863      9.940     14.417     7.5604 0.0000e+00
     10.174      0.106    10.4895     87.493    133.679  87.056023     3.2174      8.637   214.0076 1.2425e-01     8.0833      9.985     14.482     7.5595 0.0000e+00
     10.198      0.088    10.4877     87.411    133.698  87.068774     3.8532      8.637   214.0908 1.2742e-01    10.5045     10.006     14.513     7.5593 0.0000e+00
     10.209      0.065    10.4814     87.318    133.686  87.061648     5.0071      8.638   214.1836 1.3043e-01    14.9258     10.013     14.522     7.5593 0.0000e+00
     10.216      0.044    10.4771     87.228    133.641  87.033476     5.6416      8.639   214.3552 1.2762e-01    17.3380     10.019     14.530     7.5594 0.0000e+00
     10.223      0.029    10.4723     87.124    133.660  87.046220     5.8232      8.640   214.4447 1.2640e-01    18.1163     10.026     14.541     7.5597 0.0000e+00
     10.229      0.021    10.4613     87.034    133.724  87.088509     7.3030      8.641   214.4058 1.3162e-01    25.0875     10.032     14.550     7.5599 0.0000e+00
     10.234      0.016    10.4479     86.979    133.739  87.099483    10.0246      8.640   214.4011 1.3460e-01    37.8847     10.036     14.557     7.5600 0.0000e+00
     10.237      0.012    10.4404     86.929    133.762  87.115293    11.5131      8.640   214.4731 1.3700e-01    44.8506     10.039     14.560     7.5605 0.0000e+00
     10.239      0.008    10.4254     86.884    133.816  87.152445    11.6423      8.640   214.5024 1.4550e-01    45.2631     10.041     14.563     7.5608 0.0000e+00
     10.240      0.006    10.4124     86.872    133.836  87.167004    11.6291      8.640   214.4114 1.5069e-01    42.5977     10.042     14.565     7.5610 0.0000e+00
     10.241      0.004    10.4086     86.873    133.828  87.164099    11.5942      8.640   214.4045 1.4795e-01    37.5605     10.043     14.566     7.5613 0.0000e+00
     10.241      0.003    10.4034     86.889    133.851  87.180938    11.5789      8.640   214.5057 1.4199e-01    34.8121     10.043     14.567     7.5617 0.0000e+00
     10.242      0.003    10.3936     86.941    133.848  87.179755    11.5769      8.640   214.5163 1.3810e-01    34.5426     10.044     14.568     7.5622 0.0000e+00
     10.243      0.003    10.3954     86.997    133.800  87.149799    11.5452      8.641   214.5326 1.4260e-01    33.6530     10.045     14.569     7.5630 0.0000e+00
     10.244      0.004    10.3957     87.046    133.778  87.136813    11.2033      8.641   214.6169 1.5201e-01    31.6743     10.046     14.570     7.5640 0.0000e+00
     10.245      0.004    10.3931     87.083    133.796  87.149968    10.5813      8.641   214.6750 1.5206e-01    30.1576     10.047     14.572     7.5645 0.0000e+00
     10.246      0.004    10.4045     87.109    133.841  87.181630    10.2419      8.641   214.7190 1.4315e-01    29.7296     10.048     14.573     7.5648 0.0000e+00
     10.247      0.004    10.4096     87.159    133.868  87.201575    10.1870      8.641   214.6332 1.4444e-01    29.6415     10.049     14.575     7.5653 0.0000e+00
     10.248      0.005    10.4157     87.224    133.864  87.200275    10.0010      8.642   214.4115 1.5274e-01    29.4681     10.050     14.576     7.5659 0.0000e+00
     10.249      0.006    10.4214     87.259    133.812  87.165912     9.6746      8.643   214.2753 1.4949e-01    29.2049     10.051     14.577     7.5663 0.0000e+00
     10.251      0.007    10.4200     87.269    133.718  87.104164     9.4776      8.643   214.2773 1.3991e-01    29.0557     10.052     14.581     7.5674 0.0000e+00
     10.253      0.007    10.4276     87.289    133.695  87.089825     9.3595      8.643   214.2638 1.3652e-01    28.8255     10.054     14.583     7.5686 0.0000e+00
     10.256      0.006    10.4373     87.305    133.739  87.119777     8.3385      8.643   214.1975 1.3453e-01    26.0113     10.057     14.587     7.5689 0.0000e+00
     10.258      0.006    10.4420     87.304    133.780  87.148235     6.4621      8.644   214.1643 1.3074e-01    20.8207     10.059     14.590     7.5687 0.0000e+00
     10.258      0.005    10.4394     87.297    133.827  87.179452     5.4249      8.645   214.2064 1.2895e-01    18.0218     10.060     14.590     7.5682 0.0000e+00
     10.259      0.004    10.4442     87.264    133.827  87.179147     5.2776      8.645   214.2765 1.2638e-01    17.5507     10.060     14.591     7.5683 0.0000e+00
     10.260      0.004    10.4473     87.216    133.775  87.144551     4.6974      8.645   214.2371 1.2399e-01    14.7832     10.062     14.593     7.5690 0.0000e+00
     10.262      0.005    10.4440     87.184    133.773  87.142842     3.6368      8.646   214.1607 1.2384e-01     9.8037     10.064     14.596     7.5697 0.0000e+00
     10.262      0.007    10.4465     87.173    133.797  87.158487     3.0581      8.647   214.1268 1.2389e-01     7.1139     10.063     14.596     7.5700 0.0000e+00
     10.262      0.011    10.4409     87.157    133.772  87.142860     3.0017      8.647   214.0860 1.2392e-01     6.8563     10.063     14.595     7.5701 0.0000e+00
     10.264      0.016    10.4338     87.145    133.774  87.144748     2.8883      8.647   214.1834 1.2387e-01     6.4163     10.066     14.599     7.5696 0.0000e+00
     10.269      0.020    10.4292     87.150    133.829  87.181308     2.6781      8.647   214.3579 1.2382e-01     5.5847     10.069     14.605     7.5694 0.0000e+00
     10.274      0.023    10.4309     87.163    133.863  87.203223     2.5569      8.647   214.3896 1.2386e-01     5.0685     10.074     14.612     7.5692 0.0000e+00
     10.284      0.024    10.4276     87.176    133.889  87.218876     2.5459      8.647   214.4806 1.2391e-01     4.9234     10.085     14.627     7.5693 0.0000e+00
     10.295      0.023    10.4246     87.177    133.929  87.243335     2.6542      8.647   214.6831 1.2390e-01     4.8208     10.097     14.646     7.5699 0.0000e+00
     10.300      0.020    10.4272     87.179    133.934  87.244498     2.8761      8.647   214.7734 1.2388e-01     4.7499     10.102     14.653     7.5702 0.0000e+00
     10.303      0.015    10.4273     87.184    133.920  87.232935     3.0058      8.647   214.7122 1.2388e-01     4.7157     10.102     14.652     7.5702 0.0000e+00
     10.306      0.011    10.4315     87.190    133.920  87.230746     3.0158      8.647   214.6308 1.2383e-01     4.7143     10.106     14.658     7.5696 0.0000e+00
     10.307      0.008    10.4293     87.203    133.903  87.218033     3.0057      8.647   214.6498 1.2380e-01     4.6641     10.108     14.661     7.5689 0.0000e+00
     10.307      0.007    10.4305     87.213    133.886  87.206458     2.9829      8.648   214.6837 1.2381e-01     4.5534     10.107     14.660     7.5680 0.0000e+00
     10.308      0.007    10.4319     87.230    133.905  87.218024     2.9566      8.649   214.6969 1.2384e-01     4.5026     10.108     14.661     7.5670 0.0000e+00
     10.311      0.007    10.4317     87.275    133.926  87.230642     2.9286      8.650   214.7230 1.2390e-01     4.4601     10.112     14.666     7.5663 0.0000e+00
     10.313      0.008    10.4345     87.329    133.929  87.231788     2.9028      8.650   214.6557 1.2389e-01     4.4155     10.114     14.668     7.5658 0.0000e+00
     10.316      0.009    10.4359     87.365    133.930  87.231883     2.8200      8.651   214.5710 1.2379e-01     4.3044     10.117     14.672     7.5655 0.0000e+00
     10.318      0.009    10.4352     87.390    133.930  87.231787     2.6605      8.651   214.5590 1.2378e-01     4.0730     10.119     14.677     7.5653 0.0000e+00
     10.320      0.008    10.4425     87.410    133.930  87.230630     2.5628      8.651   214.5974 1.2381e-01     3.9405     10.120     14.678     7.5649 0.0000e+00
     10.322      0.007    10.4512     87.439    133.911  87.217893     2.5542      8.652   214.8621 1.2384e-01     3.8990     10.123     14.682     7.5647 0.0000e+00
     10.325      0.006    10.4532     87.467    133.893  87.205005     2.5487      8.652   215.3507 1.2389e-01     3.7755     10.125     14.685     7.5644 0.0000e+00
     10.327      0.006    10.4579     87.493    133.889  87.202033     2.5372      8.652   216.0313 1.2389e-01     3.5747     10.128     14.689     7.5642 0.0000e+00
     10.327      0.007    10.4582     87.548    133.858  87.181959     2.5322      8.652   216.8103 1.2378e-01     3.4524     10.127     14.688     7.5639 0.0000e+00
     10.328      0.007    10.4629     87.609    133.814  87.153129     2.5214      8.652   217.5423 1.2368e-01     3.4235     10.128     14.689     7.5637 0.0000e+00
     10.329      0.008    10.4676     87.631    133.844  87.171529     2.4817      8.652   218.2563 1.2368e-01     3.3962     10.129     14.691     7.5635 0.0000e+00
     10.333      0.008    10.4667     87.626    133.909  87.213588     2.4180      8.652   218.9048 1.2379e-01     3.3622     10.132     14.696     7.5633 0.0000e+00
     10.337      0.009    10.4756     87.603    133.914  87.216360     2.3924      8.653   219.4468 1.2388e-01     3.3538     10.137     14.703     7.5634 0.0000e+00
     10.339      0.009    10.4864     87.568    133.897  87.205044     2.4050      8.653   219.8193 1.2385e-01     3.3628     10.138     14.705     7.5631 0.0000e+00
     10.341      0.008    10.4865     87.535    133.896  87.204002     2.4376      8.653   220.1386 1.2381e-01     3.3342     10.141     14.708     7.5627 0.0000e+00
     10.343      0.006    10.4863     87.494    133.896  87.203752     2.4861      8.653   220.3818 1.2379e-01     3.2822     10.143     14.710     7.5626 0.0000e+00
     10.344      0.004    10.4839     87.454    133.893  87.202023     2.5100      8.652   220.5235 1.2379e-01     3.2454     10.144     14.713     7.5625 0.0000e+00
     10.345      0.004    10.4773     87.435    133.864  87.183106     2.5270      8.652   220.7325 1.2383e-01     3.2991     10.146     14.714     7.5623 0.0000e+00
     10.345      0.003    10.4760     87.445    133.838  87.165861     2.5911      8.652   220.9308 1.2384e-01     3.3515     10.145     14.713     7.5622 0.0000e+00
     10.345      0.003    10.4699     87.470    133.867  87.184356     2.6856      8.652   221.1142 1.2381e-01     3.2644     10.145     14.714     7.5623 0.0000e+00
     10.346      0.003    10.4637     87.468    133.915  87.215885     2.7293      8.652   221.3147 1.2379e-01     3.1344     10.146     14.715     7.5622 0.0000e+00
     10.347      0.003    10.4617     87.448    133.935  87.229005     2.7197      8.651   221.3770 1.2380e-01     3.0428     10.147     14.717     7.5621 0.0000e+00
