Data/DataNotYetUploadedToEDI/Raw_CTD/RawDownloads/121724_ccr90_S7809004.cnv
* Sea-Bird SBE19plus  Data File:
* FileName = C:\R\Reservoirs\Data\DataNotYetUploadedToEDI\Raw_CTD\RawDownloads\121624_fcr50_S7809_0004.hex
* Software version 2.8.0.119
* Temperature SN = 7809
* Conductivity SN = 7809
* System UpLoad Time = Dec 17 2024 18:09:05
* <ApplicationData>
* <Seaterm232>
# nquan = 15
# nvalues = 807                         
# units = specified
# name 0 = depFM: Depth [fresh water, m]
# name 1 = dz/dtM: Descent Rate [m/s]
# name 2 = sbeox0Mg/L: Oxygen, SBE 43 [mg/l]
# name 3 = sbeox0PS: Oxygen, SBE 43 [% saturation]
# name 4 = specc: Specific Conductance [uS/cm]
# name 5 = c0uS/cm: Conductivity [uS/cm]
# name 6 = flECO-AFL: Fluorescence, WET Labs ECO-AFL/FL [mg/m^3]
# name 7 = ph: pH
# name 8 = orp: Oxidation Reduction Potential [mV]
# name 9 = par/sat/log: PAR/Logarithmic, Satlantic
# name 10 = turbWETntu0: Turbidity, WET Labs ECO [NTU]
# name 11 = prdM: Pressure, Strain Gauge [db]
# name 12 = prdE: Pressure, Strain Gauge [psi]
# name 13 = tv290C: Temperature [ITS-90, deg C]
# name 14 = flag:  0.000e+00
# span 0 =     -0.418,      3.414       
# span 1 =     -0.444,      0.307       
# span 2 =     7.1361,    11.8497       
# span 3 =     60.802,     98.840       
# span 4 =      3.084,    127.219       
# span 5 =   2.390026,  84.604149       
# span 6 =    -0.1041,    59.9572       
# span 7 =      6.541,     11.291       
# span 8 = -1240.3953,   202.2204       
# span 9 = 1.7923e+01, 5.9948e+02       
# span 10 =    -0.2481,   636.1268      
# span 11 =     -0.410,      3.348      
# span 12 =     -0.595,      4.856      
# span 13 =     7.4008,    13.8339      
# span 14 = 0.0000e+00, 0.0000e+00      
# interval = seconds: 0.25
# start_time = Dec 17 2024 12:15:54 [Instrument's time stamp, header]
# bad_flag = -9.990e-29
*END*
[from data line 193]
      0.512     -0.001    11.8497     96.680    123.194  80.376722     1.6073      7.888   167.0745 1.4256e+02     2.7636      0.502      0.728     7.6223 0.0000e+00
      0.510     -0.002    11.8302     95.847    123.193  80.383617     1.5503      7.890   167.2425 1.4212e+02     2.6665      0.499      0.724     7.6165 0.0000e+00
      0.509     -0.001    11.7641     95.120    123.211  80.402021     1.5175      7.893   167.4213 1.4162e+02     2.6237      0.498      0.723     7.6156 0.0000e+00
      0.510     -0.001    11.6672     94.485    123.212  80.408474     1.5274      7.895   167.5150 1.4248e+02     2.6572      0.501      0.725     7.6172 0.0000e+00
      0.512     -0.002    11.5476     93.990    123.188  80.398052     1.5361      7.897   167.6009 1.4373e+02     2.6949      0.503      0.728     7.6202 0.0000e+00
      0.512     -0.003    11.4473     93.601    123.187  80.403197     1.5229      7.900   167.6854 1.4488e+02     2.6357      0.503      0.730     7.6236 0.0000e+00
      0.510     -0.004    11.3634     93.261    123.182  80.407091     1.5011      7.901   167.7625 1.4643e+02     2.5221      0.502      0.727     7.6262 0.0000e+00
      0.507     -0.005    11.2804     92.998    123.133  80.381549     1.4889      7.902   167.8446 1.4707e+02     2.4150      0.497      0.721     7.6285 0.0000e+00
      0.505     -0.005    11.2235     92.781    123.087  80.348750     1.4831      7.905   167.9050 1.4610e+02     2.3654      0.495      0.718     7.6307 0.0000e+00
      0.504     -0.004    11.1827     92.546    123.077  80.328480     1.4984      7.908   168.0622 1.4424e+02     2.4685      0.494      0.716     7.6323 0.0000e+00
      0.504     -0.003    11.1349     92.297    123.106  80.327231     1.5406      7.910   168.1104 1.4244e+02     2.6703      0.493      0.715     7.6356 0.0000e+00
      0.504     -0.003    11.1052     92.062    123.141  80.333629     1.5603      7.913   167.9715 1.4176e+02     2.7903      0.494      0.716     7.6401 0.0000e+00
      0.504     -0.004    11.0844     91.855    123.160  80.342234     1.5612      7.915   167.9310 1.4198e+02     2.7925      0.495      0.718     7.6389 0.0000e+00
      0.503     -0.005    11.0558     91.680    123.192  80.367670     1.5680      7.916   167.8795 1.4238e+02     2.7306      0.495      0.717     7.6325 0.0000e+00
      0.501     -0.005    11.0280     91.538    123.214  80.386814     1.5599      7.918   167.7780 1.4262e+02     2.6567      0.491      0.712     7.6231 0.0000e+00
      0.498     -0.005    11.0014     91.421    123.199  80.382919     1.5376      7.920   167.8228 1.4304e+02     2.6165      0.489      0.709     7.6140 0.0000e+00
      0.496     -0.004    10.9769     91.331    123.187  80.384178     1.5231      7.922   167.9909 1.4443e+02     2.6207      0.486      0.706     7.6143 0.0000e+00
      0.495     -0.002    10.9546     91.278    123.198  80.402051     1.5182      7.924   168.1756 1.4576e+02     2.6726      0.485      0.704     7.6175 0.0000e+00
      0.495      0.000    10.9380     91.238    123.195  80.408251     1.5116      7.927   168.3354 1.4601e+02     2.7313      0.486      0.704     7.6185 0.0000e+00
      0.496      0.002    10.9236     91.188    123.170  80.395551     1.5011      7.930   168.5467 1.4562e+02     2.7500      0.486      0.705     7.6208 0.0000e+00
      0.498      0.003    10.9102     91.134    123.145  80.375689     1.4997      7.931   168.8376 1.4505e+02     2.7289      0.488      0.708     7.6248 0.0000e+00
      0.499      0.003    10.9044     91.082    123.137  80.358878     1.5275      7.933   169.0129 1.4462e+02     2.6466      0.490      0.710     7.6297 0.0000e+00
      0.499      0.003    10.9005     91.046    123.199  80.383055     1.5635      7.935   169.1170 1.4387e+02     2.5057      0.490      0.711     7.6334 0.0000e+00
      0.499      0.004    10.8922     91.021    123.268  80.413630     1.5764      7.938   169.3221 1.4263e+02     2.4271      0.490      0.710     7.6352 0.0000e+00
      0.500      0.004    10.8870     90.990    123.277  80.410577     1.5841      7.940   169.4285 1.4157e+02     2.4818      0.490      0.711     7.6339 0.0000e+00
      0.501      0.004    10.8807     90.958    123.280  80.409732     1.5817      7.942   169.4563 1.4017e+02     2.6200      0.491      0.712     7.6290 0.0000e+00
      0.503      0.005    10.8788     90.926    123.264  80.403402     1.5647      7.943   169.5727 1.3902e+02     2.7317      0.493      0.715     7.6209 0.0000e+00
      0.505      0.006    10.8792     90.901    123.232  80.397641     1.5522      7.945   169.7173 1.3936e+02     2.7049      0.496      0.719     7.6142 0.0000e+00
      0.507      0.006    10.8751     90.916    123.209  80.403684     1.5386      7.948   169.9139 1.3968e+02     2.6374      0.497      0.721     7.6114 0.0000e+00
      0.507      0.007    10.8719     90.965    123.200  80.412888     1.5506      7.950   170.1432 1.3997e+02     2.6329      0.497      0.721     7.6097 0.0000e+00
      0.508      0.008    10.8685     91.007    123.246  80.445348     1.5894      7.952   170.3390 1.4136e+02     2.6508      0.499      0.723     7.6109 0.0000e+00
      0.510      0.009    10.8608     91.050    123.308  80.478196     1.6082      7.953   170.4735 1.4238e+02     2.7177      0.500      0.725     7.6175 0.0000e+00
      0.513      0.010    10.8597     91.082    123.358  80.492077     1.6109      7.955   170.4794 1.4200e+02     2.7925      0.503      0.729     7.6284 0.0000e+00
      0.518      0.010    10.8680     91.080    123.395  80.485979     1.6055      7.955   170.4967 1.4087e+02     2.7690      0.508      0.736     7.6357 0.0000e+00
      0.522      0.009    10.8699     91.056    123.416  80.468023     1.5850      7.956   170.6817 1.3956e+02     2.6725      0.513      0.742     7.6353 0.0000e+00
      0.524      0.007    10.8771     91.016    123.446  80.465724     1.5708      7.959   170.8242 1.3807e+02     2.6167      0.514      0.745     7.6325 0.0000e+00
      0.525      0.004    10.8848     90.964    123.445  80.458161     1.5834      7.962   170.8418 1.3666e+02     2.6750      0.514      0.746     7.6258 0.0000e+00
      0.525      0.002    10.8865     90.926    123.411  80.440163     1.6129      7.965   170.9812 1.3515e+02     2.7634      0.516      0.748     7.6119 0.0000e+00
      0.524      0.001    10.8878     90.924    123.395  80.438901     1.6114      7.968   171.2190 1.3368e+02     2.7284      0.515      0.747     7.5965 0.0000e+00
      0.523      0.001    10.8856     90.909    123.378  80.442906     1.5737      7.970   171.3084 1.3375e+02     2.5929      0.513      0.744     7.5873 0.0000e+00
      0.523      0.002    10.8792     90.876    123.314  80.425011     1.5472      7.973   171.2875 1.3512e+02     2.4582      0.512      0.743     7.5854 0.0000e+00
      0.524      0.003    10.8705     90.885    123.258  80.413340     1.5331      7.975   171.3966 1.3690e+02     2.3629      0.515      0.745     7.5880 0.0000e+00
      0.526      0.005    10.8743     90.935    123.258  80.429005     1.5108      7.977   171.5953 1.3898e+02     2.4323      0.517      0.748     7.5916 0.0000e+00
      0.528      0.006    10.8721     90.989    123.247  80.423641     1.4866      7.979   171.7107 1.3995e+02     2.6478      0.518      0.751     7.5965 0.0000e+00
      0.530      0.006    10.8588     91.009    123.247  80.412079     1.4821      7.982   171.9319 1.3942e+02     2.7823      0.520      0.753     7.6079 0.0000e+00
      0.531      0.004    10.8591     90.999    123.283  80.416385     1.4976      7.984   172.2904 1.3877e+02     2.7947      0.521      0.755     7.6200 0.0000e+00
      0.534      0.000    10.8643     91.009    123.308  80.412093     1.5156      7.986   172.3456 1.3762e+02     2.7639      0.523      0.759     7.6264 0.0000e+00
      0.535     -0.004    10.8728     91.038    123.350  80.423762     1.5242      7.988   172.1695 1.3551e+02     2.7167      0.525      0.762     7.6271 0.0000e+00
      0.534     -0.006    10.8777     91.056    123.371  80.430275     1.5195      7.990   172.2261 1.3394e+02     2.6682      0.525      0.761     7.6221 0.0000e+00
      0.529     -0.007    10.8732     91.044    123.367  80.427232     1.5165      7.992   172.4282 1.3344e+02     2.6554      0.520      0.753     7.6128 0.0000e+00
      0.524     -0.006    10.8796     91.013    123.399  80.450566     1.5210      7.994   172.6338 1.3325e+02     2.6985      0.513      0.743     7.6035 0.0000e+00
      0.521     -0.003    10.8854     90.989    123.403  80.458032     1.5326      7.996   172.9052 1.3280e+02     2.7458      0.510      0.740     7.5965 0.0000e+00
      0.521      0.001    10.8897     90.968    123.381  80.453919     1.5486      7.997   173.0427 1.3205e+02     2.7490      0.510      0.740     7.5939 0.0000e+00
      0.524      0.005    10.8879     90.960    123.370  80.464437     1.5486      7.999   173.0054 1.3213e+02     2.7366      0.513      0.744     7.5945 0.0000e+00
      0.528      0.007    10.8806     90.976    123.329  80.458037     1.5231      8.001   173.0565 1.3294e+02     2.6990      0.517      0.752     7.5958 0.0000e+00
      0.531      0.009    10.8802     91.015    123.284  80.440155     1.4910      8.002   173.2304 1.3309e+02     2.6359      0.521      0.756     7.5976 0.0000e+00
      0.532      0.009    10.8742     91.055    123.286  80.439013     1.4755      8.004   173.3871 1.3284e+02     2.6228      0.523      0.759     7.6001 0.0000e+00
      0.533      0.008    10.8721     91.079    123.313  80.444227     1.4856      8.006   173.4887 1.3273e+02     2.6775      0.522      0.757     7.6084 0.0000e+00
      0.535      0.007    10.8699     91.095    123.331  80.439596     1.5311      8.008   173.5987 1.3171e+02     2.7502      0.523      0.759     7.6189 0.0000e+00
      0.539      0.005    10.8751     91.110    123.362  80.446587     1.5845      8.010   173.6838 1.2940e+02     2.7161      0.529      0.768     7.6240 0.0000e+00
      0.542      0.004    10.8815     91.123    123.401  80.465159     1.6067      8.012   173.7440 1.2773e+02     2.6070      0.533      0.773     7.6227 0.0000e+00
      0.543      0.003    10.8844     91.103    123.414  80.473358     1.5990      8.014   173.8959 1.2682e+02     2.5922      0.533      0.773     7.6164 0.0000e+00
      0.541      0.001    10.8891     91.056    123.417  80.482125     1.5833      8.016   174.0584 1.2515e+02     2.6397      0.530      0.770     7.6088 0.0000e+00
      0.540      0.000    10.8909     91.012    123.435  80.507584     1.6003      8.019   174.0736 1.2380e+02     2.7029      0.528      0.766     7.6032 0.0000e+00
      0.540     -0.001    10.8966     90.973    123.425  80.526811     1.6464      8.021   174.0798 1.2285e+02     2.7764      0.529      0.767     7.6003 0.0000e+00
      0.540     -0.001    10.8934     90.961    123.367  80.523850     1.6754      8.023   174.2190 1.2175e+02     2.7764      0.530      0.769     7.6002 0.0000e+00
      0.540     -0.001    10.8847     91.008    123.337  80.535410     1.6755      8.025   174.3799 1.2237e+02     2.7374      0.531      0.770     7.6033 0.0000e+00
      0.540     -0.001    10.8787     91.063    123.313  80.539417     1.6137      8.027   174.4766 1.2401e+02     2.7148      0.530      0.769     7.6080 0.0000e+00
      0.539     -0.001    10.8717     91.086    123.249  80.508729     1.4943      8.027   174.5277 1.2463e+02     2.6738      0.529      0.767     7.6178 0.0000e+00
      0.539     -0.001    10.8609     91.106    123.203  80.482346     1.4215      8.029   174.6534 1.2484e+02     2.6513      0.529      0.767     7.6353 0.0000e+00
      0.539      0.000    10.8674     91.116    123.199  80.474801     1.4246      8.031   174.8783 1.2431e+02     2.6821      0.528      0.766     7.6489 0.0000e+00
      0.539      0.001    10.8759     91.127    123.225  80.481086     1.4745      8.032   175.0957 1.2274e+02     2.7384      0.529      0.767     7.6557 0.0000e+00
      0.539      0.003    10.8714     91.149    123.263  80.494733     1.5332      8.033   175.3036 1.2159e+02     2.7861      0.529      0.767     7.6600 0.0000e+00
      0.540      0.004    10.8776     91.124    123.305  80.512606     1.5523      8.035   175.4987 1.2007e+02     2.7465      0.530      0.768     7.6619 0.0000e+00
      0.542      0.005    10.8776     91.064    123.304  80.506400     1.5463      8.037   175.6481 1.1792e+02     2.6352      0.531      0.771     7.6599 0.0000e+00
      0.544      0.006    10.8777     91.048    123.273  80.483285     1.5361      8.039   175.7327 1.1681e+02     2.6013      0.533      0.773     7.6541 0.0000e+00
      0.545      0.008    10.8879     91.069    123.285  80.487495     1.5281      8.041   175.7475 1.1641e+02     2.6784      0.534      0.774     7.6496 0.0000e+00
      0.546      0.010    10.8849     91.091    123.301  80.493703     1.5336      8.044   175.8275 1.1596e+02     2.7472      0.535      0.776     7.6454 0.0000e+00
      0.549      0.012    10.8718     91.111    123.308  80.494746     1.5446      8.047   176.0112 1.1608e+02     2.7501      0.538      0.781     7.6431 0.0000e+00
      0.552      0.014    10.8721     91.115    123.323  80.500101     1.5365      8.048   176.1623 1.1644e+02     2.7475      0.541      0.785     7.6430 0.0000e+00
      0.557      0.016    10.8778     91.115    123.322  80.494852     1.5018      8.049   176.2780 1.1658e+02     2.7496      0.546      0.792     7.6414 0.0000e+00
      0.561      0.016    10.8790     91.115    123.329  80.494862     1.4739      8.050   176.2914 1.1687e+02     2.7762      0.551      0.800     7.6391 0.0000e+00
      0.565      0.015    10.8845     91.102    123.346  80.500226     1.4743      8.052   176.2381 1.1629e+02     2.8305      0.554      0.805     7.6380 0.0000e+00
      0.570      0.012    10.8835     91.085    123.348  80.496115     1.5064      8.054   176.3218 1.1406e+02     2.8254      0.559      0.811     7.6363 0.0000e+00
      0.574      0.008    10.8839     91.078    123.373  80.508738     1.5541      8.056   176.4433 1.1191e+02     2.7826      0.564      0.818     7.6340 0.0000e+00
      0.576      0.004    10.8857     91.061    123.399  80.525665     1.5766      8.057   176.5023 1.1071e+02     2.7572      0.566      0.822     7.6327 0.0000e+00
      0.576     -0.001    10.8841     91.024    123.372  80.510000     1.5705      8.058   176.5183 1.0862e+02     2.7231      0.566      0.821     7.6302 0.0000e+00
      0.574     -0.006    10.8814     91.007    123.366  80.510109     1.5387      8.061   176.5508 1.0738e+02     2.6773      0.563      0.816     7.6273 0.0000e+00
      0.572     -0.009    10.8819     91.005    123.384  80.526987     1.4922      8.064   176.7234 1.0829e+02     2.6474      0.561      0.813     7.6261 0.0000e+00
      0.568     -0.009    10.8825     91.005    123.369  80.523289     1.4737      8.066   176.9710 1.0837e+02     2.6692      0.558      0.809     7.6262 0.0000e+00
      0.563     -0.005    10.8728     91.036    123.369  80.529009     1.4819      8.068   177.1352 1.0872e+02     2.7367      0.552      0.801     7.6266 0.0000e+00
      0.559     -0.001    10.8722     91.086    123.367  80.532556     1.4832      8.070   177.0741 1.1067e+02     2.7461      0.548      0.794     7.6282 0.0000e+00
      0.559     -0.002    10.8733     91.124    123.317  80.502590     1.4803      8.070   176.6623 1.1199e+02     2.6791      0.547      0.795     7.6309 0.0000e+00
      0.564     -0.013    10.8684     91.147    123.287  80.484659     1.4804      8.071   176.0279 1.1245e+02     2.6446      0.552      0.801     7.6334 0.0000e+00
      0.571     -0.035    10.8734     91.142    123.315  80.506537     1.4683      8.072   175.5127 1.1248e+02     2.6369      0.560      0.813     7.6359 0.0000e+00
      0.573     -0.063    10.8813     91.117    123.308  80.512742     1.4588      8.074   175.2503 1.1405e+02     2.6196      0.568      0.824     7.6375 0.0000e+00
