Data/DataNotYetUploadedToEDI/Raw_CTD/RawDownloads/121724_ccr90_S7809004.cnv
* Sea-Bird SBE19plus  Data File:
* FileName = C:\R\Reservoirs\Data\DataNotYetUploadedToEDI\Raw_CTD\RawDownloads\121624_fcr50_S7809_0004.hex
* Software version 2.8.0.119
* Temperature SN = 7809
* Conductivity SN = 7809
* System UpLoad Time = Dec 17 2024 18:09:05
* <ApplicationData>
* <Seaterm232>
# nquan = 15
# nvalues = 807                         
# units = specified
# name 0 = depFM: Depth [fresh water, m]
# name 1 = dz/dtM: Descent Rate [m/s]
# name 2 = sbeox0Mg/L: Oxygen, SBE 43 [mg/l]
# name 3 = sbeox0PS: Oxygen, SBE 43 [% saturation]
# name 4 = specc: Specific Conductance [uS/cm]
# name 5 = c0uS/cm: Conductivity [uS/cm]
# name 6 = flECO-AFL: Fluorescence, WET Labs ECO-AFL/FL [mg/m^3]
# name 7 = ph: pH
# name 8 = orp: Oxidation Reduction Potential [mV]
# name 9 = par/sat/log: PAR/Logarithmic, Satlantic
# name 10 = turbWETntu0: Turbidity, WET Labs ECO [NTU]
# name 11 = prdM: Pressure, Strain Gauge [db]
# name 12 = prdE: Pressure, Strain Gauge [psi]
# name 13 = tv290C: Temperature [ITS-90, deg C]
# name 14 = flag:  0.000e+00
# span 0 =     -0.418,      3.414       
# span 1 =     -0.444,      0.307       
# span 2 =     7.1361,    11.8497       
# span 3 =     60.802,     98.840       
# span 4 =      3.084,    127.219       
# span 5 =   2.390026,  84.604149       
# span 6 =    -0.1041,    59.9572       
# span 7 =      6.541,     11.291       
# span 8 = -1240.3953,   202.2204       
# span 9 = 1.7923e+01, 5.9948e+02       
# span 10 =    -0.2481,   636.1268      
# span 11 =     -0.410,      3.348      
# span 12 =     -0.595,      4.856      
# span 13 =     7.4008,    13.8339      
# span 14 = 0.0000e+00, 0.0000e+00      
# interval = seconds: 0.25
# start_time = Dec 17 2024 12:15:54 [Instrument's time stamp, header]
# bad_flag = -9.990e-29
*END*
[from data line 675]
      3.403      0.002    10.8199     90.143    126.983  82.404121    40.1655      8.466   200.4560 1.8118e+01   603.4041      3.337      4.840     7.4457 0.0000e+00
      3.404      0.002    10.8185     90.180    127.002  82.416711    27.6621      8.467   200.3787 1.8126e+01   624.7199      3.338      4.841     7.4450 0.0000e+00
      3.404      0.002    10.8180     90.220    126.997  82.416435    20.8140      8.468   200.3264 1.8151e+01   636.1268      3.338      4.841     7.4451 0.0000e+00
      3.404      0.001    10.8165     90.243    126.967  82.400787    19.9221      8.468   200.4269 1.8176e+01   634.5417      3.338      4.841     7.4453 0.0000e+00
      3.405      0.001    10.8168     90.268    126.890  82.354714    16.9527      8.468   200.4744 1.8195e+01   606.0660      3.339      4.842     7.4451 0.0000e+00
      3.405      0.002    10.8221     90.293    126.811  82.304570    11.6118      8.469   200.4711 1.8209e+01   553.6959      3.339      4.843     7.4451 0.0000e+00
      3.406      0.002    10.8294     90.305    126.810  82.303300     8.6890      8.470   200.4726 1.8235e+01   524.3201      3.340      4.844     7.4460 0.0000e+00
      3.406      0.002    10.8284     90.304    126.867  82.339348     8.2975      8.470   200.4929 1.8257e+01   512.4442      3.340      4.844     7.4481 0.0000e+00
      3.406      0.002    10.8319     90.293    126.897  82.358832     6.8445      8.470   200.5437 1.8243e+01   410.2083      3.340      4.845     7.4500 0.0000e+00
      3.407      0.002    10.8356     90.280    126.882  82.348079     4.2055      8.470   200.5708 1.8238e+01   223.1378      3.341      4.846     7.4503 0.0000e+00
      3.407      0.002    10.8368     90.260    126.864  82.336529     2.7572      8.470   200.7351 1.8242e+01   120.8189      3.341      4.846     7.4496 0.0000e+00
      3.408      0.002    10.8374     90.232    126.877  82.346388     2.5506      8.471   200.8955 1.8230e+01   108.9793      3.342      4.847     7.4490 0.0000e+00
      3.408      0.001    10.8347     90.213    126.864  82.340082     1.8563      8.473   200.7895 1.8217e+01    80.8742      3.342      4.848     7.4492 0.0000e+00
      3.408      0.001    10.8342     90.209    126.838  82.323883     0.6378      8.474   200.5714 1.8221e+01    30.8451      3.342      4.848     7.4489 0.0000e+00
      3.409      0.001    10.8322     90.214    126.864  82.341331    -0.0214      8.475   200.4091 1.8238e+01     3.5599      3.343      4.848     7.4486 0.0000e+00
      3.409      0.002    10.8268     90.229    126.893  82.360248    -0.0634      8.475   200.4631 1.8225e+01     1.0525      3.343      4.849     7.4494 0.0000e+00
      3.409      0.002    10.8245     90.235    126.896  82.361813    -0.0529      8.475   200.6214 1.8187e+01     0.6301      3.343      4.850     7.4503 0.0000e+00
      3.410      0.002    10.8244     90.226    126.896  82.360248    -0.0613      8.475   200.6884 1.8161e+01     0.2292      3.344      4.851     7.4508 0.0000e+00
      3.410      0.002    10.8247     90.247    126.869  82.341325    -0.0731      8.475   200.6701 1.8148e+01    -0.0025      3.344      4.850     7.4509 0.0000e+00
      3.411      0.002    10.8270     90.293    126.842  82.323814    -0.0795      8.475   200.6590 1.8106e+01    -0.0193      3.345      4.851     7.4507 0.0000e+00
      3.412      0.002    10.8298     90.312    126.863  82.339319    -0.0724      8.476   200.8116 1.8018e+01    -0.0423      3.346      4.853     7.4507 0.0000e+00
      3.413      0.002    10.8249     90.314    126.855  82.338001    -0.0619      8.478   201.1395 1.7945e+01    -0.1097      3.347      4.854     7.4502 0.0000e+00
      3.413      0.002    10.8269     90.301    126.805  82.307885    -0.0606      8.478   201.4396 1.7923e+01    -0.1165      3.347      4.855     7.4494 0.0000e+00
      3.413      0.001    10.8388     90.268    126.780  82.293181    -0.0565      8.479   201.6005 1.7923e+01    -0.0914      3.347      4.855     7.4492 0.0000e+00
      3.413      0.001    10.8366     90.245    126.773  82.287412    -0.0620      8.479   201.6220 1.7947e+01    -0.1139      3.347      4.855     7.4501 0.0000e+00
      3.414      0.000    10.8374     90.218    126.802  82.301728    -0.0852      8.480   201.5284 1.7988e+01    -0.1834      3.348      4.856     7.4517 0.0000e+00
      3.414 1.8586e-08    10.8373     90.178    126.863  82.339074    -0.1041      8.480   201.5014 1.8012e+01    -0.2481      3.348      4.856     7.4531 0.0000e+00
      3.414 2.0445e-07    10.8291     90.166    126.888  82.357370    -0.0992      8.481   201.5537 1.8023e+01    -0.2468      3.348      4.856     7.4537 0.0000e+00
      3.413 1.8295e-07    10.8288     90.187    126.842  82.332140    -0.0847      8.481   201.5579 1.8029e+01    -0.2358      3.347      4.855     7.4532 0.0000e+00
      3.413 -2.413e-07    10.8273     90.214    126.771  82.288424    -0.0780      8.481   201.5514 1.8036e+01    -0.2179      3.347      4.855     7.4508 0.0000e+00
      3.413      0.000    10.8194     90.250    126.748  82.273994    -0.0768      8.481   201.5613 1.8048e+01    -0.1672      3.347      4.855     7.4492 0.0000e+00
      3.413      0.000    10.8175     90.301    126.766  82.284867    -0.0870      8.481   201.5922 1.8041e+01    -0.1695      3.347      4.855     7.4507 0.0000e+00
      3.413      0.000    10.8218     90.340    126.777  82.292693    -0.0852      8.481   201.6671 1.8009e+01     0.0275      3.347      4.855     7.4532 0.0000e+00
      3.414     -0.004    10.8244     90.360    126.794  82.305014     0.0292      8.481   201.7782 1.7973e+01     2.7959      3.348      4.856     7.4543 0.0000e+00
      3.414     -0.017    10.8268     90.365    126.795  82.306649     0.2306      8.482   201.9895 1.7947e+01     7.9223      3.348      4.856     7.4540 0.0000e+00
      3.414     -0.046    10.8365     90.351    126.708  82.248869     0.3442      8.483   202.1569 1.7948e+01    11.0448      3.348      4.856     7.4537 0.0000e+00
      3.412     -0.093    10.8402     90.325    126.509  82.115187     0.4448      8.484   202.0817 1.8022e+01    15.1690      3.348      4.856     7.4536 0.0000e+00
      3.400     -0.156    10.8421     90.295    126.374  82.025886     1.4390      8.483   201.9402 1.8376e+01    58.0267      3.344      4.849     7.4545 0.0000e+00
      3.361     -0.231    10.8437     90.294    126.418  82.059521     3.2508      8.483   201.9083 1.9338e+01   136.5377      3.311      4.802     7.4554 0.0000e+00
      3.286     -0.309    10.8403     90.322    126.429  82.076693     4.2247      8.483   201.9543 2.0918e+01   179.0102      3.230      4.685     7.4548 0.0000e+00
      3.185     -0.373    10.8396     90.347    126.364  82.042728     4.2586      8.484   201.9803 2.2853e+01   179.1699      3.128      4.536     7.4524 0.0000e+00
      3.068     -0.402    10.8332     90.370    126.340  82.030463     3.7091      8.486   202.0510 2.5219e+01   138.9467      3.016      4.374     7.4502 0.0000e+00
      2.934     -0.387    10.8325     90.390    126.389  82.055600     2.6917      8.487   202.2060 2.8095e+01    64.6363      2.882      4.179     7.4533 0.0000e+00
      2.800     -0.341    10.8370     90.399    126.470  82.092264     2.1442      8.489   202.2204 3.0709e+01    24.1013      2.731      3.961     7.4587 0.0000e+00
      2.703     -0.280    10.8386     90.410    126.495  82.092160     2.0926      8.490   202.1389 3.2069e+01    20.3246      2.625      3.808     7.4617 0.0000e+00
      2.663     -0.217    10.8400     90.423    126.452  82.054328     2.0016      8.491   202.1668 3.2414e+01    18.6313      2.603      3.774     7.4639 0.0000e+00
      2.653     -0.163    10.8451     90.408    126.399  82.016419     1.8422      8.491   202.1281 3.2779e+01    16.0954      2.606      3.780     7.4616 0.0000e+00
      2.639     -0.138    10.8463     90.370    126.398  82.015398     1.7627      8.492   201.9289 3.3587e+01    14.7705      2.595      3.764     7.4536 0.0000e+00
      2.610     -0.158    10.8492     90.351    126.438  82.041984     1.7730      8.493   201.9091 3.4563e+01    14.9440      2.560      3.713     7.4460 0.0000e+00
      2.576     -0.218    10.8545     90.342    126.499  82.083485     1.8331      8.494   202.0602 3.5543e+01    17.8171      2.523      3.660     7.4421 0.0000e+00
      2.534     -0.290    10.8530     90.312    126.576  82.135612     1.9246      8.495   201.9494 3.7393e+01    23.0700      2.500      3.625     7.4412 0.0000e+00
      2.455     -0.350    10.8447     90.275    126.617  82.163475     1.9631      8.496   201.7739 4.0966e+01    25.9195      2.429      3.522     7.4413 0.0000e+00
      2.329     -0.385    10.8433     90.261    126.623  82.165989     1.9580      8.497   201.9177 4.5489e+01    26.0685      2.290      3.321     7.4415 0.0000e+00
      2.184     -0.393    10.8451     90.281    126.631  82.166006     1.9543      8.498   202.0534 4.9449e+01    25.5895      2.134      3.094     7.4425 0.0000e+00
      2.058     -0.374    10.8388     90.319    126.637  82.163674     1.9181      8.500   201.8654 5.2246e+01    20.9822      2.004      2.906     7.4436 0.0000e+00
      1.964     -0.339    10.8337     90.371    126.607  82.137787     1.8616      8.501   201.7102 5.4166e+01    12.5149      1.916      2.779     7.4443 0.0000e+00
      1.902     -0.307    10.8301     90.415    126.372  81.980206     1.8374      8.502   201.8113 5.5239e+01     7.8592      1.857      2.692     7.4438 0.0000e+00
      1.861     -0.296    10.8365     90.431    125.977  81.721125     1.8419      8.504   201.8833 5.6206e+01     7.4241      1.824      2.646     7.4416 0.0000e+00
      1.818     -0.308    10.8396     90.438    125.716  81.549169     1.8242      8.506   201.9782 5.8573e+01     6.8776      1.796      2.604     7.4385 0.0000e+00
      1.742     -0.335    10.8483     90.417    125.532  81.427433     1.7569      8.507   202.0979 6.2333e+01     5.8633      1.724      2.501     7.4357 0.0000e+00
      1.629     -0.362    10.8566     90.366    125.286  81.266764     1.7024      8.508   202.0399 6.6258e+01     5.2714      1.603      2.325     7.4341 0.0000e+00
      1.504     -0.377    10.8547     90.306    124.983  81.069254     1.6979      8.510   202.0514 6.9636e+01     5.1525      1.468      2.129     7.4331 0.0000e+00
      1.390     -0.379    10.8593     90.260    124.700  80.883618     1.7109      8.514   202.1510 7.2627e+01     4.8363      1.359      1.970     7.4321 0.0000e+00
      1.293     -0.375    10.8565     90.259    124.577  80.802908     1.7261      8.515   202.0399 7.5190e+01     4.2824      1.263      1.830     7.4311 0.0000e+00
      1.216     -0.379    10.8488     90.304    124.555  80.792939     1.7320      8.516   201.5683 7.7330e+01     3.9552      1.183      1.715     7.4307 0.0000e+00
      1.153     -0.395    10.8418     90.363    124.489  80.763103     1.7324      8.517   200.8369 8.0599e+01     3.8868      1.140      1.654     7.4304 0.0000e+00
      1.070     -0.419    10.8343     90.424    124.344  80.696553     1.7301      8.518   200.0798 8.6339e+01     3.7287      1.067      1.549     7.4294 0.0000e+00
      0.945     -0.438    10.8341     90.480    124.169  80.624263     1.7220      8.520   199.4702 9.4062e+01     3.4773      0.933      1.354     7.4283 0.0000e+00
      0.796     -0.444    10.8420     90.539    124.048  80.588629     1.7171      8.522   198.8865 1.0346e+02     3.3757      0.779      1.131     7.4297 0.0000e+00
      0.651     -0.435    10.8475     90.624    123.978  80.583717     1.7125      8.523   197.6675 1.1324e+02     3.5588      0.627      0.910     7.4338 0.0000e+00
      0.534     -0.405    10.8525     90.716    123.889  80.564914     1.6993      8.523   196.2610 1.2072e+02     5.3840      0.508      0.736     7.4450 0.0000e+00
      0.453     -0.353    10.8544     90.794    123.818  80.552116     1.6746      8.524   195.8198 1.2820e+02     8.6715      0.438      0.636     7.4639 0.0000e+00
      0.387     -0.288    10.8542     90.882    123.791  80.556200     1.6549      8.526   196.0315 1.4017e+02    10.4467      0.386      0.561     7.4813 0.0000e+00
      0.315     -0.223    10.8618     90.984    123.778  80.550720     1.6524      8.528   196.2396 1.5490e+02    10.4851      0.308      0.446     7.4973 0.0000e+00
      0.249     -0.165    10.8704     91.062    123.791  80.549453     1.6617      8.530   196.3581 1.6640e+02     9.3750      0.229      0.332     7.5138 0.0000e+00
      0.212     -0.114    10.8733     91.110    123.803  80.540864     1.6753      8.532   196.4313 1.7111e+02     7.3749      0.199      0.288     7.5281 0.0000e+00
      0.202     -0.068    10.8803     91.158    123.781  80.510455     1.6838      8.534   196.5228 1.7171e+02     6.2850      0.196      0.284     7.5387 0.0000e+00
      0.202     -0.029    10.8961     91.213    123.771  80.499728     1.6809      8.534   196.7757 1.6943e+02     6.1726      0.195      0.283     7.5383 0.0000e+00
      0.208     -0.008    10.9064     91.237    123.812  80.538343     1.6151      8.534   197.0797 1.6421e+02     5.8108      0.203      0.295     7.5331 0.0000e+00
      0.217     -0.015    10.9125     91.240    123.871  80.595803     1.4871      8.535   197.1018 1.6123e+02     5.0864      0.215      0.311     7.5271 0.0000e+00
      0.222     -0.047    10.9191     91.279    123.894  80.622154     1.4156      8.538   197.0424 1.6298e+02     4.6903      0.218      0.316     7.5173 0.0000e+00
      0.219     -0.092    10.9302     91.329    123.866  80.602597     1.4167      8.541   197.0497 1.7519e+02     4.6767      0.221      0.321     7.5151 0.0000e+00
      0.197     -0.143    10.9312     91.329    123.784  80.550112     1.4168      8.542   196.6743 1.9983e+02     4.6490      0.207      0.301     7.5215 0.0000e+00
      0.144     -0.194    10.9233     91.278    123.663  80.496308     1.3513      8.543   196.3751 2.2953e+02     4.4233      0.148      0.216     7.5318 0.0000e+00
      0.071     -0.240    10.9291     91.224    123.540  80.460840     1.2323      8.544   197.5625 2.6733e+02     4.0318      0.070      0.101     7.5378 0.0000e+00
     -0.004     -0.272    10.9394     91.174    123.446  80.439288     1.1591      8.544   199.5005 3.1452e+02     3.7748     -0.007     -0.009     7.5343 0.0000e+00
     -0.077     -0.281    10.9410     91.097    123.369  80.426545     1.1316      8.543   200.3625 3.7977e+02     3.6728     -0.073     -0.105     7.5302 0.0000e+00
     -0.157     -0.264    10.9279     90.988    123.307  80.433986     1.0418      8.543   200.4999 4.5705e+02     3.4819     -0.150     -0.217     7.5405 0.0000e+00
     -0.241     -0.228    10.9150     90.862    123.292  80.465711     0.8971      8.544   200.9895 5.0571e+02     3.2089     -0.244     -0.353     7.5658 0.0000e+00
     -0.307     -0.179    10.9071     90.666    123.310  80.492206     0.8230      8.545   201.6368 5.2002e+02     3.1045     -0.313     -0.454     7.5800 0.0000e+00
     -0.345     -0.126    10.8959     90.325    123.331  80.499988     0.8198      8.545   201.6152 5.2399e+02     3.1421     -0.345     -0.501     7.5904 0.0000e+00
     -0.361     -0.075    10.8736     89.836    123.344  80.496201     0.8239      8.545   201.2446 5.3316e+02     3.1174     -0.357     -0.517     7.6148 0.0000e+00
     -0.361     -0.034    10.8557     89.194    123.385  80.509991     0.8314      8.545   201.3707 5.4587e+02     3.0453     -0.360     -0.522     7.6351 0.0000e+00
     -0.350     -0.009    10.8374     88.396    123.456  80.539525     0.8364      8.546   201.6773 5.4195e+02     3.0213     -0.342     -0.496     7.6395 0.0000e+00
     -0.341      0.005    10.7948     87.512    123.485  80.535320     0.8340      8.546   200.6502 5.2516e+02     3.0667     -0.329     -0.478     7.6343 0.0000e+00
     -0.341      0.017    10.7391     86.619    123.504  80.522715     0.9188      8.547   198.9327 5.2400e+02     3.4233     -0.335     -0.486     7.6285 0.0000e+00
