Data/DataNotYetUploadedToEDI/Raw_CTD/RawDownloads/121724_ccr88_S7809003.cnv
* Sea-Bird SBE19plus  Data File:
* FileName = C:\R\Reservoirs\Data\DataNotYetUploadedToEDI\Raw_CTD\RawDownloads\121624_fcr50_S7809_0003.hex
* Software version 2.8.0.119
* Temperature SN = 7809
* Conductivity SN = 7809
* System UpLoad Time = Dec 17 2024 18:08:42
* <ApplicationData>
* <Seaterm232>
# nquan = 15
# nvalues = 1252                        
# units = specified
# name 0 = depFM: Depth [fresh water, m]
# name 1 = dz/dtM: Descent Rate [m/s]
# name 2 = sbeox0Mg/L: Oxygen, SBE 43 [mg/l]
# name 3 = sbeox0PS: Oxygen, SBE 43 [% saturation]
# name 4 = specc: Specific Conductance [uS/cm]
# name 5 = c0uS/cm: Conductivity [uS/cm]
# name 6 = flECO-AFL: Fluorescence, WET Labs ECO-AFL/FL [mg/m^3]
# name 7 = ph: pH
# name 8 = orp: Oxidation Reduction Potential [mV]
# name 9 = par/sat/log: PAR/Logarithmic, Satlantic
# name 10 = turbWETntu0: Turbidity, WET Labs ECO [NTU]
# name 11 = prdM: Pressure, Strain Gauge [db]
# name 12 = prdE: Pressure, Strain Gauge [psi]
# name 13 = tv290C: Temperature [ITS-90, deg C]
# name 14 = flag:  0.000e+00
# span 0 =     -0.415,     10.355       
# span 1 =     -0.372,      0.239       
# span 2 =     7.6865,    11.7635       
# span 3 =     67.226,    100.464       
# span 4 =     13.435,    137.749       
# span 5 =   9.231864,  92.964485       
# span 6 =    -0.6114,    11.6423       
# span 7 =      6.172,      8.758       
# span 8 =   150.9392,   246.2035       
# span 9 = 1.2368e-01, 1.9576e+03       
# span 10 =     0.8747,    49.8514      
# span 11 =     -0.409,     10.154      
# span 12 =     -0.593,     14.728      
# span 13 =     7.5558,    13.7252      
# span 14 = 0.0000e+00, 0.0000e+00      
# interval = seconds: 0.25
# start_time = Dec 17 2024 11:47:05 [Instrument's time stamp, header]
# bad_flag = -9.990e-29
*END*
[from data line 97]
      0.581     -0.006     8.5274     71.840    137.261  92.426119     1.0608      7.622   164.9305 1.3791e+02     2.3595      0.569      0.824     8.6040 0.0000e+00
      0.580     -0.011     8.4863     71.567    137.213  92.529617     1.0258      7.626   164.6749 1.3954e+02     2.3995      0.568      0.823     8.6345 0.0000e+00
      0.583     -0.016     8.4454     71.337    136.501  92.253952     0.9825      7.630   164.5765 1.3904e+02     2.4928      0.572      0.829     8.6339 0.0000e+00
      0.584     -0.020     8.4054     71.139    135.638  91.829377     0.9704      7.635   164.6007 1.4059e+02     2.5647      0.576      0.835     8.6389 0.0000e+00
      0.577     -0.022     8.3709     70.944    135.140  91.532183     0.9779      7.641   164.7088 1.4525e+02     2.5861      0.569      0.825     8.6576 0.0000e+00
      0.564     -0.022     8.3269     70.784    135.265  91.587540     0.9906      7.646   165.1960 1.4670e+02     2.5800      0.552      0.800     8.6990 0.0000e+00
      0.550     -0.018     8.2809     70.684    135.900  91.989621     1.0073      7.649   165.5880 1.4660e+02     2.5931      0.537      0.778     8.7997 0.0000e+00
      0.544     -0.011     8.2475     70.619    136.471  92.385091     1.0135      7.653   165.6617 1.4612e+02     2.6422      0.530      0.768     8.8695 0.0000e+00
      0.545     -0.003     8.2214     70.586    136.490  92.487753     1.0079      7.658   165.7430 1.4339e+02     2.7302      0.532      0.772     8.8722 0.0000e+00
      0.553      0.003     8.2049     70.606    135.938  92.276543     0.9977      7.662   165.7968 1.4343e+02     2.8028      0.542      0.787     8.8502 0.0000e+00
      0.560      0.006     8.1985     70.671    135.265  91.931332     1.0059      7.665   165.8825 1.4504e+02     2.8033      0.551      0.799     8.8395 0.0000e+00
      0.561      0.008     8.1913     70.768    134.987  91.749924     1.0319      7.669   166.2623 1.4402e+02     2.8039      0.552      0.801     8.8361 0.0000e+00
      0.558      0.010     8.1810     70.913    135.284  91.928389     1.0466      7.672   166.7758 1.4517e+02     2.8103      0.547      0.794     8.8602 0.0000e+00
      0.555      0.011     8.1663     71.097    135.842  92.307499     1.0588      7.676   167.1002 1.4562e+02     2.7441      0.542      0.785     8.9511 0.0000e+00
      0.556      0.013     8.1661     71.292    136.183  92.579586     1.0792      7.681   167.2593 1.4124e+02     2.6518      0.543      0.787     8.9987 0.0000e+00
      0.565      0.014     8.1779     71.503    136.067  92.609381     1.0932      7.684   167.4090 1.3867e+02     2.6170      0.554      0.803     8.9839 0.0000e+00
      0.576      0.013     8.1981     71.716    135.560  92.413334     1.1032      7.686   167.5331 1.3913e+02     2.6648      0.566      0.822     8.9687 0.0000e+00
      0.582      0.008     8.2218     71.901    135.090  92.181893     1.1258      7.690   167.6413 1.3937e+02     2.7520      0.573      0.831     8.9713 0.0000e+00
      0.582      0.001     8.2407     72.071    134.961  92.101826     1.1662      7.695   167.8574 1.4042e+02     2.7831      0.572      0.829     8.9789 0.0000e+00
      0.577     -0.009     8.2584     72.234    135.031  92.145178     1.2002      7.700   167.9950 1.4377e+02     2.7339      0.566      0.821     9.0171 0.0000e+00
      0.571     -0.016     8.2697     72.384    135.068  92.197010     1.2130      7.705   167.9281 1.4421e+02     2.6692      0.560      0.812     9.0975 0.0000e+00
      0.566     -0.018     8.2825     72.518    135.029  92.219519     1.1799      7.709   167.9087 1.4221e+02     2.6491      0.556      0.806     9.1302 0.0000e+00
      0.560     -0.017     8.3046     72.650    135.067  92.290119     1.1071      7.713   167.9337 1.4256e+02     2.6616      0.550      0.797     9.1188 0.0000e+00
      0.554     -0.013     8.3245     72.776    135.198  92.414382     1.0661      7.718   167.9720 1.4168e+02     2.6840      0.543      0.787     9.1127 0.0000e+00
      0.549     -0.007     8.3406     72.859    135.293  92.513027     1.0665      7.721   168.1993 1.4081e+02     2.7151      0.538      0.779     9.1238 0.0000e+00
      0.549     -0.001     8.3498     72.890    135.360  92.592045     1.0708      7.725   168.3598 1.4341e+02     2.6958      0.537      0.779     9.1476 0.0000e+00
      0.551      0.004     8.3614     72.875    135.339  92.606252     1.0598      7.729   168.3628 1.4468e+02     2.6220      0.540      0.784     9.1641 0.0000e+00
      0.555      0.008     8.3768     72.807    135.143  92.493947     1.0492      7.732   168.5798 1.4303e+02     2.5401      0.544      0.790     9.1748 0.0000e+00
      0.559      0.011     8.3830     72.690    134.957  92.379530     1.0509      7.734   169.0039 1.4429e+02     2.4909      0.549      0.797     9.1873 0.0000e+00
      0.561      0.013     8.3839     72.537    135.031  92.431833     1.0391      7.737   169.3613 1.4594e+02     2.5052      0.551      0.799     9.2008 0.0000e+00
      0.562      0.014     8.3804     72.358    135.306  92.617308     1.0396      7.740   169.5462 1.4414e+02     2.5765      0.550      0.798     9.2113 0.0000e+00
      0.565      0.014     8.3712     72.173    135.542  92.776803     1.0830      7.743   169.6046 1.4278e+02     2.6699      0.552      0.801     9.2196 0.0000e+00
      0.571      0.012     8.3552     71.989    135.632  92.833120     1.1216      7.744   169.6362 1.4185e+02     2.7123      0.560      0.813     9.2256 0.0000e+00
      0.577      0.007     8.3381     71.784    135.573  92.789179     1.1323      7.746   169.7572 1.4024e+02     2.7140      0.568      0.824     9.2245 0.0000e+00
      0.581      0.000     8.3172     71.570    135.322  92.627297     1.1540      7.749   169.8626 1.3949e+02     2.6898      0.572      0.829     9.2217 0.0000e+00
      0.581     -0.008     8.2943     71.352    134.969  92.402967     1.1920      7.752   169.8778 1.4012e+02     2.6593      0.572      0.830     9.2232 0.0000e+00
      0.576     -0.014     8.2763     71.101    134.812  92.303912     1.2094      7.756   170.0269 1.4082e+02     2.6863      0.566      0.821     9.2205 0.0000e+00
      0.568     -0.017     8.2524     70.832    134.932  92.384102     1.2064      7.758   170.2898 1.4101e+02     2.7083      0.557      0.808     9.2162 0.0000e+00
      0.559     -0.016     8.2252     70.578    135.164  92.545342     1.2471      7.762   170.3890 1.4187e+02     2.6529      0.547      0.794     9.2209 0.0000e+00
      0.553     -0.012     8.2020     70.324    135.414  92.726317     1.3439      7.767   170.4510 1.4242e+02     2.6319      0.541      0.785     9.2307 0.0000e+00
      0.551     -0.006     8.1709     70.067    135.593  92.854239     1.4113      7.771   170.6956 1.4371e+02     2.6921      0.540      0.783     9.2340 0.0000e+00
      0.553     -0.001     8.1377     69.818    135.639  92.883053     1.4375      7.776   170.9385 1.4501e+02     2.7657      0.541      0.785     9.2303 0.0000e+00
      0.557      0.003     8.1117     69.613    135.544  92.820170     1.4936      7.781   171.0643 1.4317e+02     2.8049      0.546      0.792     9.2302 0.0000e+00
      0.560      0.004     8.0794     69.447    135.295  92.666610     1.5742      7.784   171.1846 1.4244e+02     2.7564      0.550      0.798     9.2368 0.0000e+00
      0.561      0.004     8.0505     69.248    135.003  92.489906     1.6123      7.786   171.2746 1.4430e+02     2.6913      0.551      0.799     9.2399 0.0000e+00
      0.560      0.005     8.0202     69.010    134.854  92.401706     1.6056      7.790   171.2920 1.4480e+02     2.6678      0.550      0.798     9.2362 0.0000e+00
      0.559      0.007     7.9953     68.764    134.982  92.491040     1.5849      7.793   171.5667 1.4354e+02     2.6430      0.548      0.795     9.2347 0.0000e+00
      0.559      0.011     7.9814     68.509    135.350  92.742831     1.5783      7.796   172.0149 1.4167e+02     2.6297      0.547      0.793     9.2424 0.0000e+00
      0.562      0.012     7.9546     68.245    135.675  92.964485     1.6000      7.799   172.1514 1.3972e+02     2.6433      0.550      0.796     9.2543 0.0000e+00
      0.569      0.012     7.9245     68.000    135.614  92.943930     1.6228      7.801   172.0975 1.3822e+02     2.7054      0.557      0.808     9.2601 0.0000e+00
      0.579      0.008     7.8972     67.803    135.129  92.685222     1.6289      7.804   172.1376 1.3886e+02     2.7656      0.569      0.825     9.2571 0.0000e+00
      0.584      0.003     7.8685     67.673    134.567  92.381797     1.6158      7.808   172.2068 1.4077e+02     2.7568      0.576      0.834     9.2589 0.0000e+00
      0.581     -0.001     7.8361     67.585    134.358  92.265980     1.5973      7.813   172.2462 1.4117e+02     2.7352      0.572      0.829     9.2570 0.0000e+00
      0.574     -0.004     7.8084     67.495    134.609  92.430260     1.5887      7.817   172.3548 1.4137e+02     2.7099      0.562      0.815     9.2542 0.0000e+00
      0.567     -0.006     7.7771     67.411    135.015  92.713686     1.5703      7.819   172.4023 1.4327e+02     2.6553      0.554      0.804     9.2906 0.0000e+00
      0.566     -0.006     7.7548     67.354    135.215  92.893114     1.5245      7.821   172.3893 1.4492e+02     2.5879      0.552      0.801     9.3355 0.0000e+00
      0.569     -0.007     7.7484     67.313    134.961  92.818084     1.4764      7.823   172.4567 1.4405e+02     2.5097      0.558      0.809     9.3382 0.0000e+00
      0.574     -0.010     7.7375     67.272    134.356  92.506557     1.4554      7.827   172.4425 1.4423e+02     2.4612      0.565      0.820     9.3270 0.0000e+00
      0.573     -0.013     7.7270     67.241    133.844  92.180856     1.4439      7.831   172.4763 1.4543e+02     2.4458      0.564      0.819     9.3294 0.0000e+00
      0.565     -0.015     7.7194     67.229    133.737  92.061591     1.3957      7.833   172.6929 1.4632e+02     2.4608      0.555      0.805     9.3368 0.0000e+00
      0.554     -0.015     7.7083     67.226    134.027  92.209813     1.3230      7.835   172.9100 1.4736e+02     2.5395      0.542      0.787     9.3815 0.0000e+00
      0.545     -0.010     7.6916     67.236    134.498  92.509453     1.2894      7.838   173.2077 1.4726e+02     2.5778      0.532      0.772     9.4395 0.0000e+00
      0.542     -0.004     7.6865     67.269    134.846  92.757516     1.2888      7.840   173.5393 1.4753e+02     2.5821      0.529      0.767     9.4443 0.0000e+00
      0.546      0.001     7.6915     67.314    134.807  92.791152     1.2405      7.843   173.5646 1.4755e+02     2.6256      0.534      0.776     9.4156 0.0000e+00
      0.554      0.004     7.6951     67.369    134.394  92.598060     1.1468      7.846   173.3415 1.4838e+02     2.5909      0.544      0.790     9.3921 0.0000e+00
      0.559      0.004     7.6967     67.454    133.938  92.331883     1.0959      7.849   173.2501 1.4919e+02     2.5042      0.551      0.799     9.3863 0.0000e+00
      0.559      0.003     7.7015     67.576    133.740  92.181715     1.0749      7.852   173.3211 1.4860e+02     2.4653      0.549      0.797     9.3833 0.0000e+00
      0.555      0.001     7.7032     67.719    133.879  92.245868     0.9839      7.856   173.4249 1.4954e+02     2.3942      0.544      0.789     9.4063 0.0000e+00
      0.551      0.001     7.6984     67.862    134.224  92.471209     0.8449      7.860   173.5586 1.5198e+02     2.3277      0.539      0.782     9.4574 0.0000e+00
      0.549      0.002     7.7044     68.012    134.519  92.679236     0.7756      7.863   173.5616 1.5287e+02     2.3441      0.537      0.778     9.4764 0.0000e+00
      0.553      0.003     7.7220     68.187    134.572  92.724941     0.7700      7.865   173.4603 1.5229e+02     2.3873      0.542      0.786     9.4621 0.0000e+00
      0.559      0.003     7.7423     68.368    134.337  92.578406     0.7942      7.867   173.5387 1.5232e+02     2.4407      0.550      0.797     9.4451 0.0000e+00
      0.563      0.001     7.7594     68.509    134.008  92.371022     0.8428      7.869   173.6491 1.5125e+02     2.4780      0.554      0.804     9.4415 0.0000e+00
      0.563     -0.002     7.7736     68.619    133.828  92.253668     0.8670      7.871   173.5901 1.5136e+02     2.4621      0.553      0.803     9.4471 0.0000e+00
      0.558     -0.006     7.7946     68.739    133.822  92.241207     0.8614      7.875   173.6865 1.5283e+02     2.3852      0.548      0.795     9.4479 0.0000e+00
      0.553     -0.007     7.8172     68.850    133.984  92.347605     0.8669      7.879   173.9539 1.5239e+02     2.2996      0.541      0.785     9.4536 0.0000e+00
      0.549     -0.005     7.8309     68.945    134.221  92.522031     0.8925      7.880   174.0701 1.5244e+02     2.2809      0.538      0.780     9.4650 0.0000e+00
      0.548     -0.002     7.8390     69.040    134.354  92.632176     0.9044      7.882   174.0590 1.5384e+02     2.3646      0.537      0.778     9.4680 0.0000e+00
      0.550      0.001     7.8567     69.108    134.192  92.534036     0.8940      7.885   174.0780 1.5358e+02     2.4913      0.539      0.781     9.4609 0.0000e+00
      0.553      0.003     7.8708     69.118    132.844  91.589961     0.8918      7.888   174.0417 1.5352e+02     2.5147      0.544      0.788     9.4571 0.0000e+00
      0.556      0.004     7.8777     68.994    130.574  89.806935     0.9110      7.892   173.9639 1.5552e+02     2.4766      0.546      0.791     9.4620 0.0000e+00
      0.556      0.003     7.8896     68.589    129.748  88.535780     0.9189      7.895   174.0835 1.5495e+02     2.4747      0.545      0.790     9.4734 0.0000e+00
      0.556      0.001     7.8973     68.029    130.770  88.180851     0.9031      7.900   174.1980 1.5325e+02     2.4574      0.545      0.790     9.4756 0.0000e+00
      0.555      0.001     7.8983     68.045    132.050  88.122777     0.8870      7.904   174.2303 1.5275e+02     2.4040      0.544      0.789     9.4839 0.0000e+00
      0.554      0.001     7.8959     69.372    132.885  88.087150     0.8820      7.907   174.3874 1.5180e+02     2.3750      0.543      0.788     9.4710 0.0000e+00
      0.554      0.002     7.9066     72.070    133.372  88.067594     0.8926      7.909   174.5487 1.5259e+02     2.4149      0.544      0.788     9.1834 0.0000e+00
      0.555      0.002     7.9001     75.828    133.668  88.076844     0.9062      7.911   174.7179 1.5423e+02     2.4767      0.544      0.789     8.6779 0.0000e+00
      0.557      0.001     7.9285     80.184    133.803  88.071586     0.8980      7.914   174.9701 1.5207e+02     2.4730      0.547      0.793     8.3155 0.0000e+00
      0.558      0.000     8.1328     84.558    133.861  88.067561     0.8932      7.916   175.1029 1.5018e+02     2.4046      0.548      0.795     8.1128 0.0000e+00
      0.558     -0.002     8.4900     88.559    133.933  88.091746     0.9228      7.918   175.0336 1.5270e+02     2.3329      0.547      0.794     7.9933 0.0000e+00
      0.557     -0.004     8.9620     91.826    133.995  88.109525     0.9485      7.920   175.0785 1.5327e+02     2.3237      0.547      0.793     7.9344 0.0000e+00
      0.554     -0.005     9.5208     93.960    134.000  88.091648     0.9537      7.922   175.3012 1.5301e+02     2.3962      0.545      0.789     7.9017 0.0000e+00
      0.552     -0.006    10.0518     94.968    133.981  88.066421     0.9528      7.924   175.4035 1.5447e+02     2.4914      0.541      0.784     7.8916 0.0000e+00
      0.550     -0.006    10.5399     95.183    133.975  88.058970     0.9538      7.927   175.4556 1.5332e+02     2.5519      0.539      0.782     7.8856 0.0000e+00
      0.550     -0.005    10.9574     94.908    133.985  88.065170     0.9663      7.930   175.5003 1.5144e+02     2.5479      0.540      0.783     7.8762 0.0000e+00
