Data/DataNotYetUploadedToEDI/Raw_CTD/RawDownloads/121724_ccr50_S7809002.cnv
* Sea-Bird SBE19plus  Data File:
* FileName = C:\R\Reservoirs\Data\DataNotYetUploadedToEDI\Raw_CTD\RawDownloads\121624_fcr50_S7809_0002.hex
* Software version 2.8.0.119
* Temperature SN = 7809
* Conductivity SN = 7809
* System UpLoad Time = Dec 17 2024 18:08:08
* <ApplicationData>
* <Seaterm232>
# nquan = 15
# nvalues = 4110                        
# units = specified
# name 0 = depFM: Depth [fresh water, m]
# name 1 = dz/dtM: Descent Rate [m/s]
# name 2 = sbeox0Mg/L: Oxygen, SBE 43 [mg/l]
# name 3 = sbeox0PS: Oxygen, SBE 43 [% saturation]
# name 4 = specc: Specific Conductance [uS/cm]
# name 5 = c0uS/cm: Conductivity [uS/cm]
# name 6 = flECO-AFL: Fluorescence, WET Labs ECO-AFL/FL [mg/m^3]
# name 7 = ph: pH
# name 8 = orp: Oxidation Reduction Potential [mV]
# name 9 = par/sat/log: PAR/Logarithmic, Satlantic
# name 10 = turbWETntu0: Turbidity, WET Labs ECO [NTU]
# name 11 = prdM: Pressure, Strain Gauge [db]
# name 12 = prdE: Pressure, Strain Gauge [psi]
# name 13 = tv290C: Temperature [ITS-90, deg C]
# name 14 = flag:  0.000e+00
# span 0 =     -0.402,     19.562       
# span 1 =     -0.456,      0.172       
# span 2 =     3.7234,    12.0840       
# span 3 =     32.232,    102.741       
# span 4 =     23.514,    291.010       
# span 5 =  15.335353, 190.108803       
# span 6 =    -0.4595,   219.1827       
# span 7 =      5.703,      8.932       
# span 8 =    76.9595,   240.3650       
# span 9 = 1.2365e-01, 5.7203e+02       
# span 10 =    -0.3287,   687.4275      
# span 11 =     -0.395,     19.184      
# span 12 =     -0.572,     27.824      
# span 13 =     7.4539,     9.5523      
# span 14 = 0.0000e+00, 0.0000e+00      
# interval = seconds: 0.25
# start_time = Dec 17 2024 11:06:25 [Instrument's time stamp, header]
# bad_flag = -9.990e-29
*END*
[from data line 3470]
     17.457      0.038    10.4422     87.294    133.814  86.884775     3.0645      8.904   236.6675 1.2388e-01     4.3645     17.123     24.834     7.4701 0.0000e+00
     17.464      0.033    10.4473     87.229    133.825  86.890037     3.1549      8.905   236.5601 1.2393e-01     4.4414     17.127     24.841     7.4672 0.0000e+00
     17.468      0.028    10.4707     87.164    133.850  86.903699     3.1655      8.905   236.5571 1.2392e-01     4.4489     17.131     24.846     7.4646 0.0000e+00
     17.473      0.024    10.4792     87.144    133.883  86.922726     3.1185      8.905   236.7179 1.2387e-01     4.4548     17.135     24.852     7.4632 0.0000e+00
     17.479      0.022    10.4715     87.108    133.896  86.929253     3.0360      8.905   236.8697 1.2387e-01     4.4440     17.141     24.861     7.4629 0.0000e+00
     17.486      0.022    10.4664     87.007    133.881  86.918995     2.9830      8.904   236.7574 1.2387e-01     4.3875     17.149     24.872     7.4623 0.0000e+00
     17.493      0.022    10.4507     86.902    133.891  86.925926     2.9774      8.904   236.5646 1.2384e-01     4.3517     17.154     24.881     7.4611 0.0000e+00
     17.498      0.021    10.4562     86.876    133.926  86.949441     2.9595      8.905   236.5185 1.2383e-01     4.3190     17.160     24.888     7.4602 0.0000e+00
     17.502      0.020    10.4544     86.936    133.924  86.948868     2.9089      8.905   236.3716 1.2381e-01     4.2650     17.164     24.895     7.4598 0.0000e+00
     17.506      0.020    10.4376     87.005    133.877  86.919000     2.8902      8.905   236.3365 1.2379e-01     4.2798     17.168     24.900     7.4593 0.0000e+00
     17.511      0.022    10.4221     87.069    133.861  86.906369     2.9165      8.905   236.5242 1.2378e-01     4.3611     17.173     24.906     7.4595 0.0000e+00
     17.516      0.025    10.4159     87.134    133.895  86.923367     3.1179      8.904   236.5767 1.2376e-01     4.7696     17.176     24.911     7.4600 0.0000e+00
     17.521      0.028    10.4313     87.173    133.919  86.933674     3.4858      8.904   236.5412 1.2372e-01     5.4961     17.181     24.919     7.4602 0.0000e+00
     17.530      0.030    10.4373     87.197    133.975  86.967378     3.6859      8.904   236.5250 1.2374e-01     5.8695     17.190     24.933     7.4608 0.0000e+00
     17.541      0.033    10.4439     87.173    134.145  87.076422     3.6908      8.904   236.5530 1.2383e-01     5.8675     17.203     24.950     7.4601 0.0000e+00
     17.550      0.034    10.4568     87.074    134.388  87.234290     3.5524      8.904   236.6219 1.2388e-01     5.8824     17.211     24.964     7.4577 0.0000e+00
     17.557      0.033    10.4582     86.983    134.659  87.413020     3.2859      8.905   236.5830 1.2388e-01     5.9471     17.216     24.970     7.4557 0.0000e+00
     17.565      0.031    10.4636     86.981    134.914  87.583459     3.1407      8.905   236.5136 1.2385e-01     6.0007     17.223     24.981     7.4546 0.0000e+00
     17.575      0.027    10.4650     87.036    135.092  87.704669     3.1541      8.905   236.5572 1.2378e-01     6.0172     17.236     24.998     7.4539 0.0000e+00
     17.583      0.024    10.4465     87.037    135.129  87.733487     3.2974      8.905   236.5935 1.2375e-01     6.0448     17.246     25.011     7.4540 0.0000e+00
     17.588      0.021    10.4318     86.992    135.036  87.677434     3.5501      8.906   236.5223 1.2385e-01     6.0617     17.249     25.016     7.4550 0.0000e+00
     17.591      0.016    10.4307     86.961    134.911  87.599487     3.6874      8.906   236.4701 1.2392e-01     6.0159     17.251     25.020     7.4571 0.0000e+00
     17.594      0.012    10.4461     86.911    134.838  87.554430     3.6843      8.906   236.5647 1.2391e-01     6.0029     17.254     25.025     7.4596 0.0000e+00
     17.596      0.010    10.4444     86.819    134.873  87.577960     3.6116      8.905   236.6338 1.2390e-01     6.0078     17.256     25.028     7.4613 0.0000e+00
     17.598      0.010    10.4313     86.657    134.948  87.629530     3.4907      8.905   236.5318 1.2391e-01     5.9723     17.258     25.030     7.4627 0.0000e+00
     17.599      0.010    10.4347     86.466    135.003  87.669031     3.4302      8.904   236.4493 1.2389e-01     5.9495     17.259     25.031     7.4643 0.0000e+00
     17.602      0.010    10.4250     86.344    135.008  87.673878     3.4302      8.904   236.4117 1.2388e-01     5.9370     17.261     25.036     7.4648 0.0000e+00
     17.606      0.009    10.4183     86.276    134.934  87.624524     3.4150      8.904   236.3354 1.2388e-01     5.8897     17.265     25.041     7.4648 0.0000e+00
     17.610      0.008    10.3972     86.213    134.870  87.581218     3.3205      8.904   236.3864 1.2382e-01     5.8560     17.270     25.047     7.4658 0.0000e+00
     17.612      0.007    10.3654     86.169    134.894  87.595578     3.1784      8.904   236.5125 1.2377e-01     5.9400     17.272     25.051     7.4677 0.0000e+00
     17.613      0.005    10.3538     86.168    135.012  87.670905     3.1202      8.904   236.5688 1.2377e-01     6.0506     17.272     25.051     7.4687 0.0000e+00
     17.613      0.005    10.3491     86.195    135.296  87.855832     3.1327      8.905   236.6364 1.2380e-01     6.1005     17.273     25.052     7.4677 0.0000e+00
     17.613      0.008    10.3400     86.224    135.882  88.241116     3.1639      8.905   236.6422 1.2380e-01     6.1336     17.272     25.051     7.4668 0.0000e+00
     17.613      0.017    10.3332     86.238    137.462  89.275717     3.2140      8.905   236.4663 1.2378e-01     6.1434     17.272     25.050     7.4667 0.0000e+00
     17.615      0.029    10.3346     86.251    139.716  90.758267     3.2395      8.905   236.4031 1.2382e-01     6.1497     17.273     25.053     7.4660 0.0000e+00
     17.620      0.043    10.3388     86.283    141.056  91.660484     3.2301      8.906   236.5662 1.2382e-01     6.1766     17.278     25.059     7.4656 0.0000e+00
     17.633      0.054    10.3429     86.308    141.594  92.040461     3.1505      8.907   236.6320 1.2375e-01     6.3658     17.289     25.075     7.4677 0.0000e+00
     17.655      0.063    10.3434     86.273    142.942  92.934667     3.0177      8.906   236.5962 1.2378e-01     6.7640     17.313     25.111     7.4700 0.0000e+00
     17.680      0.071    10.3415     86.166    145.841  94.836247     2.9565      8.906   236.6497 1.2386e-01     7.0275     17.341     25.151     7.4752 0.0000e+00
     17.699      0.076    10.3431     85.936    148.957  96.895952     2.9439      8.905   236.6767 1.2386e-01     7.0924     17.359     25.176     7.4895 0.0000e+00
     17.713      0.077    10.3467     85.531    150.845  98.173533     2.8485      8.905   236.5786 1.2381e-01     7.3097     17.369     25.190     7.5022 0.0000e+00
     17.730      0.074    10.3398     84.972    151.385  98.572640     2.6936      8.905   236.5813 1.2375e-01     7.6399     17.384     25.213     7.5063 0.0000e+00
     17.753      0.068    10.3284     84.271    151.187  98.475524     2.6102      8.905   236.6239 1.2372e-01     7.7373     17.411     25.251     7.5093 0.0000e+00
     17.775      0.062    10.3031     83.421    150.947  98.335991     2.5978      8.905   236.4915 1.2375e-01     7.7016     17.435     25.287     7.5201 0.0000e+00
     17.792      0.054    10.2453     82.447    150.760  98.222214     2.6186      8.905   236.3575 1.2378e-01     7.6519     17.450     25.310     7.5400 0.0000e+00
     17.803      0.044    10.1743     81.382    150.595  98.118239     2.6702      8.905   236.2935 1.2382e-01     7.5128     17.460     25.323     7.5574 0.0000e+00
     17.811      0.034    10.0895     80.294    150.561  98.097223     2.7056      8.905   236.2336 1.2384e-01     7.4533     17.467     25.333     7.5675 0.0000e+00
     17.816      0.027     9.9839     79.283    150.561  98.095403     2.7217      8.904   236.2361 1.2379e-01     7.5486     17.473     25.342     7.5722 0.0000e+00
     17.821      0.024     9.8672     78.408    150.371  97.968939     2.8069      8.904   236.3233 1.2374e-01     7.6747     17.476     25.348     7.5744 0.0000e+00
     17.825      0.024     9.7358     77.686    150.084  97.777475     2.9614      8.904   236.4276 1.2374e-01     7.7822     17.479     25.352     7.5756 0.0000e+00
     17.829      0.026     9.6013     77.168    149.859  97.626211     3.0508      8.904   236.4649 1.2373e-01     7.8577     17.484     25.358     7.5754 0.0000e+00
     17.836      0.029     9.4769     76.888    149.444  97.349315     3.0549      8.904   236.3440 1.2376e-01     7.8703     17.491     25.368     7.5749 0.0000e+00
     17.845      0.031     9.3741     76.812    148.687  96.848083     2.9703      8.904   236.2563 1.2379e-01     7.6950     17.499     25.381     7.5742 0.0000e+00
     17.856      0.031     9.2850     76.897    147.925  96.339236     2.8268      8.904   236.4377 1.2378e-01     7.4121     17.511     25.397     7.5727 0.0000e+00
     17.866      0.029     9.2200     77.077    147.087  95.779254     2.7592      8.905   236.5580 1.2378e-01     7.3201     17.521     25.413     7.5709 0.0000e+00
     17.873      0.026     9.1915     77.298    145.972  95.041412     2.7515      8.906   236.5070 1.2380e-01     7.3681     17.529     25.424     7.5688 0.0000e+00
     17.878      0.023     9.1824     77.565    144.934  94.354782     2.7002      8.905   236.5084 1.2379e-01     7.2739     17.533     25.430     7.5666 0.0000e+00
     17.882      0.022     9.1979     77.871    144.558  94.095623     2.6058      8.905   236.4893 1.2379e-01     7.0007     17.536     25.434     7.5621 0.0000e+00
     17.886      0.023     9.2237     78.198    145.327  94.580665     2.5594      8.905   236.4480 1.2383e-01     6.8327     17.539     25.439     7.5559 0.0000e+00
     17.891      0.027     9.2490     78.542    146.575  95.382903     2.5554      8.905   236.4394 1.2378e-01     6.8482     17.544     25.446     7.5530 0.0000e+00
     17.897      0.032     9.2825     78.911    147.764  96.158813     2.5320      8.905   236.3859 1.2372e-01     6.8463     17.551     25.456     7.5497 0.0000e+00
     17.906      0.038     9.3218     79.336    149.368  97.216131     2.5016      8.906   236.3164 1.2372e-01     7.0143     17.559     25.468     7.5440 0.0000e+00
     17.918      0.043     9.3615     79.808    150.908  98.238286     2.4876      8.906   236.3730 1.2372e-01     7.4791     17.571     25.484     7.5384 0.0000e+00
     17.931      0.046     9.4047     80.264    151.804  98.843357     2.4868      8.904   236.6403 1.2377e-01     7.8205     17.585     25.504     7.5339 0.0000e+00
     17.944      0.048     9.4460     80.659    152.594  99.376421     2.4751      8.903   237.1389 1.2383e-01     7.8966     17.597     25.523     7.5345 0.0000e+00
     17.958      0.048     9.4950     80.921    153.782 100.164231     2.4211      8.903   237.6695 1.2383e-01     7.9559     17.610     25.542     7.5404 0.0000e+00
     17.971      0.050     9.5554     81.004    155.122 101.048496     2.3251      8.903   237.9797 1.2380e-01     8.0248     17.625     25.562     7.5471 0.0000e+00
     17.981      0.054     9.6071     80.908    156.053 101.665376     2.2551      8.902   238.1367 1.2373e-01     7.9779     17.634     25.576     7.5546 0.0000e+00
     17.990      0.059     9.6576     80.625    156.393 101.893653     2.2323      8.901   238.1912 1.2372e-01     7.9364     17.640     25.585     7.5614 0.0000e+00
     18.005      0.063     9.6906     80.210    156.492 101.962456     2.2828      8.900   238.1227 1.2378e-01     8.2057     17.653     25.604     7.5656 0.0000e+00
     18.025      0.067     9.6972     79.735    156.627 102.051641     2.4079      8.899   237.9967 1.2382e-01     8.7053     17.675     25.636     7.5690 0.0000e+00
     18.048      0.069     9.6880     79.238    156.770 102.144397     2.4794      8.899   237.8718 1.2381e-01     8.9902     17.700     25.671     7.5722 0.0000e+00
     18.068      0.069     9.6498     78.800    156.845 102.192705     2.4734      8.898   237.8163 1.2377e-01     9.0205     17.720     25.701     7.5748 0.0000e+00
     18.084      0.067     9.5955     78.473    156.844 102.190096     2.4359      8.897   237.8428 1.2380e-01     8.8324     17.735     25.722     7.5759 0.0000e+00
     18.099      0.063     9.5398     78.223    156.924 102.240176     2.3754      8.895   237.8478 1.2385e-01     8.3898     17.749     25.743     7.5762 0.0000e+00
     18.113      0.061     9.4753     78.057    157.100 102.352580     2.3323      8.894   237.7903 1.2386e-01     8.0417     17.763     25.763     7.5760 0.0000e+00
     18.128      0.061     9.4190     77.997    157.281 102.466915     2.3062      8.892   237.7498 1.2392e-01     7.9366     17.777     25.783     7.5757 0.0000e+00
     18.143      0.061     9.3847     77.997    157.401 102.540326     2.3182      8.891   237.7033 1.2393e-01     7.9386     17.791     25.804     7.5752 0.0000e+00
     18.160      0.061     9.3543     78.026    157.406 102.539901     2.3767      8.891   237.6578 1.2390e-01     7.9639     17.808     25.828     7.5745 0.0000e+00
     18.178      0.060     9.3309     78.086    157.389 102.525434     2.4066      8.890   237.6289 1.2393e-01     7.9691     17.827     25.856     7.5740 0.0000e+00
     18.193      0.060     9.3286     78.183    157.443 102.556382     2.4128      8.888   237.6985 1.2389e-01     8.0021     17.842     25.878     7.5729 0.0000e+00
     18.206      0.060     9.3300     78.316    157.609 102.659444     2.4018      8.888   237.9838 1.2380e-01     8.0550     17.855     25.895     7.5711 0.0000e+00
     18.218      0.059     9.3323     78.460    157.861 102.816601     2.3572      8.887   238.3251 1.2374e-01     8.0625     17.866     25.912     7.5699 0.0000e+00
     18.233      0.058     9.3412     78.608    158.050 102.928629     2.3304      8.887   238.6418 1.2374e-01     8.0577     17.879     25.932     7.5690 0.0000e+00
     18.251      0.057     9.3510     78.762    158.070 102.931675     2.3274      8.887   238.8868 1.2380e-01     8.0650     17.898     25.959     7.5676 0.0000e+00
     18.268      0.054     9.3707     78.911    157.958 102.853424     2.3798      8.886   238.9653 1.2384e-01     7.9461     17.917     25.986     7.5663 0.0000e+00
     18.282      0.050     9.3873     79.065    157.794 102.746449     2.4980      8.884   239.0742 1.2387e-01     7.6798     17.930     26.005     7.5644 0.0000e+00
     18.293      0.045     9.4054     79.218    157.652 102.656872     2.5666      8.884   239.2577 1.2388e-01     7.5429     17.940     26.020     7.5603 0.0000e+00
     18.302      0.040     9.4267     79.369    157.556 102.597979     2.5676      8.883   239.3771 1.2388e-01     7.5558     17.949     26.032     7.5562 0.0000e+00
     18.311      0.035     9.4428     79.503    157.567 102.607345     2.4934      8.882   239.4856 1.2387e-01     7.5626     17.957     26.043     7.5548 0.0000e+00
     18.320      0.034     9.4629     79.593    157.718 102.706449     2.3440      8.882   239.5364 1.2379e-01     7.5901     17.965     26.057     7.5551 0.0000e+00
     18.327      0.035     9.4800     79.643    157.926 102.841296     2.2595      8.881   239.4756 1.2373e-01     7.6149     17.973     26.068     7.5563 0.0000e+00
     18.334      0.038     9.4984     79.658    158.119 102.964502     2.2540      8.881   239.4384 1.2376e-01     7.5889     17.979     26.076     7.5576 0.0000e+00
     18.343      0.040     9.5165     79.642    158.255 103.050170     2.2522      8.880   239.4304 1.2382e-01     7.5489     17.987     26.089     7.5582 0.0000e+00
     18.355      0.042     9.5260     79.593    158.358 103.113139     2.3378      8.879   239.3798 1.2387e-01     7.8149     17.999     26.105     7.5584 0.0000e+00
     18.368      0.042     9.5321     79.523    158.427 103.152866     2.5309      8.878   239.3421 1.2388e-01     8.4139     18.013     26.125     7.5583 0.0000e+00
