Data/DataNotYetUploadedToEDI/Raw_CTD/RawDownloads/121724_ccr88_S7809003.cnv
* Sea-Bird SBE19plus  Data File:
* FileName = C:\R\Reservoirs\Data\DataNotYetUploadedToEDI\Raw_CTD\RawDownloads\121624_fcr50_S7809_0003.hex
* Software version 2.8.0.119
* Temperature SN = 7809
* Conductivity SN = 7809
* System UpLoad Time = Dec 17 2024 18:08:42
* <ApplicationData>
* <Seaterm232>
# nquan = 15
# nvalues = 1252                        
# units = specified
# name 0 = depFM: Depth [fresh water, m]
# name 1 = dz/dtM: Descent Rate [m/s]
# name 2 = sbeox0Mg/L: Oxygen, SBE 43 [mg/l]
# name 3 = sbeox0PS: Oxygen, SBE 43 [% saturation]
# name 4 = specc: Specific Conductance [uS/cm]
# name 5 = c0uS/cm: Conductivity [uS/cm]
# name 6 = flECO-AFL: Fluorescence, WET Labs ECO-AFL/FL [mg/m^3]
# name 7 = ph: pH
# name 8 = orp: Oxidation Reduction Potential [mV]
# name 9 = par/sat/log: PAR/Logarithmic, Satlantic
# name 10 = turbWETntu0: Turbidity, WET Labs ECO [NTU]
# name 11 = prdM: Pressure, Strain Gauge [db]
# name 12 = prdE: Pressure, Strain Gauge [psi]
# name 13 = tv290C: Temperature [ITS-90, deg C]
# name 14 = flag:  0.000e+00
# span 0 =     -0.415,     10.355       
# span 1 =     -0.372,      0.239       
# span 2 =     7.6865,    11.7635       
# span 3 =     67.226,    100.464       
# span 4 =     13.435,    137.749       
# span 5 =   9.231864,  92.964485       
# span 6 =    -0.6114,    11.6423       
# span 7 =      6.172,      8.758       
# span 8 =   150.9392,   246.2035       
# span 9 = 1.2368e-01, 1.9576e+03       
# span 10 =     0.8747,    49.8514      
# span 11 =     -0.409,     10.154      
# span 12 =     -0.593,     14.728      
# span 13 =     7.5558,    13.7252      
# span 14 = 0.0000e+00, 0.0000e+00      
# interval = seconds: 0.25
# start_time = Dec 17 2024 11:47:05 [Instrument's time stamp, header]
# bad_flag = -9.990e-29
*END*
[from data line 482]
      2.934      0.057    10.5265     88.018    134.445  87.611940     2.0640      8.362   198.0151 3.0572e+01     2.8325      2.876      4.172     7.5806 0.0000e+00
      2.953      0.062    10.5271     87.991    134.442  87.608398     2.0757      8.363   197.9964 3.0070e+01     2.8803      2.895      4.199     7.5809 0.0000e+00
      2.974      0.062    10.5293     87.977    134.418  87.592916     2.0850      8.365   198.0273 2.9552e+01     2.9785      2.916      4.230     7.5813 0.0000e+00
      2.995      0.058    10.5279     88.000    134.452  87.615592     2.0848      8.365   198.1313 2.9184e+01     3.0294      2.940      4.264     7.5813 0.0000e+00
      3.010      0.052    10.5296     88.007    134.469  87.628111     2.0814      8.366   198.2217 2.9022e+01     2.9489      2.954      4.284     7.5809 0.0000e+00
      3.019      0.045    10.5244     87.985    134.451  87.617049     2.0861      8.367   198.3449 2.8924e+01     2.8596      2.961      4.295     7.5805 0.0000e+00
      3.025      0.038    10.5193     87.982    134.439  87.609075     2.1001      8.367   198.5024 2.8835e+01     2.8391      2.966      4.302     7.5803 0.0000e+00
      3.032      0.032    10.5272     87.985    134.419  87.595320     2.1166      8.368   198.5775 2.8726e+01     2.8714      2.972      4.310     7.5807 0.0000e+00
      3.042      0.028    10.5288     87.960    134.393  87.577961     2.1284      8.369   198.5647 2.8573e+01     2.9080      2.983      4.326     7.5815 0.0000e+00
      3.052      0.026    10.5211     87.935    134.413  87.590034     2.1176      8.370   198.5195 2.8494e+01     2.8720      2.994      4.343     7.5815 0.0000e+00
      3.058      0.025    10.5228     87.938    134.450  87.614061     2.0941      8.370   198.5468 2.8623e+01     2.7775      3.000      4.352     7.5812 0.0000e+00
      3.061      0.027    10.5258     87.923    134.448  87.614014     2.0936      8.371   198.6372 2.8863e+01     2.6871      3.002      4.354     7.5813 0.0000e+00
      3.064      0.031    10.5210     87.876    134.409  87.589461     2.1036      8.372   198.5788 2.9139e+01     2.6683      3.005      4.358     7.5809 0.0000e+00
      3.069      0.037    10.5150     87.853    134.383  87.571655     2.0910      8.373   198.5296 2.9484e+01     2.7210      3.008      4.362     7.5805 0.0000e+00
      3.079      0.042    10.5194     87.853    134.412  87.589575     2.0732      8.374   198.6451 2.9819e+01     2.7779      3.017      4.375     7.5806 0.0000e+00
      3.096      0.043    10.5195     87.836    134.452  87.615277     2.0798      8.375   198.6841 3.0100e+01     2.8433      3.036      4.404     7.5810 0.0000e+00
      3.115      0.038    10.5081     87.827    134.472  87.627952     2.0877      8.376   198.6572 3.0370e+01     2.9313      3.057      4.434     7.5815 0.0000e+00
      3.129      0.030    10.5063     87.847    134.452  87.615594     2.0684      8.377   198.6644 3.0718e+01     2.9195      3.071      4.455     7.5813 0.0000e+00
      3.135      0.024    10.5102     87.864    134.417  87.593088     2.0388      8.379   198.6849 3.1198e+01     2.7692      3.077      4.464     7.5806 0.0000e+00
      3.132      0.024    10.5057     87.899    134.442  87.610290     2.0211      8.379   198.8195 3.1790e+01     2.6507      3.073      4.457     7.5805 0.0000e+00
      3.126      0.034    10.5020     87.978    134.477  87.632745     2.0205      8.380   199.0010 3.2454e+01     2.6480      3.063      4.443     7.5806 0.0000e+00
      3.126      0.048    10.5090     88.048    134.445  87.610121     2.0321      8.382   199.0727 3.2883e+01     2.7028      3.059      4.436     7.5804 0.0000e+00
      3.143      0.060    10.5087     88.086    134.418  87.591206     2.0449      8.384   199.1698 3.2719e+01     2.7323      3.074      4.459     7.5808 0.0000e+00
      3.176      0.068    10.5096     88.100    134.425  87.594891     2.0588      8.384   199.2294 3.2239e+01     2.7319      3.114      4.517     7.5812 0.0000e+00
      3.211      0.069    10.5243     88.100    134.420  87.591051     2.0835      8.384   199.1045 3.2007e+01     2.7654      3.156      4.577     7.5811 0.0000e+00
      3.231      0.062    10.5331     88.102    134.447  87.608389     2.0933      8.385   199.1221 3.2177e+01     2.7620      3.173      4.602     7.5803 0.0000e+00
      3.238      0.047    10.5370     88.116    134.454  87.613688     2.0688      8.385   199.2704 3.2627e+01     2.7255      3.176      4.607     7.5796 0.0000e+00
      3.241      0.031    10.5387     88.110    134.419  87.591508     2.0463      8.385   199.2629 3.3315e+01     2.7679      3.178      4.610     7.5794 0.0000e+00
      3.244      0.021    10.5378     88.062    134.422  87.594665     2.0454      8.386   199.2890 3.4324e+01     2.8302      3.182      4.615     7.5791 0.0000e+00
      3.247      0.017    10.5374     88.024    134.412  87.588255     2.0499      8.388   199.5006 3.5682e+01     2.8632      3.184      4.619     7.5792 0.0000e+00
      3.251      0.015    10.5401     88.021    134.396  87.577614     2.0343      8.390   199.7559 3.7198e+01     2.9280      3.187      4.622     7.5794 0.0000e+00
      3.258      0.014    10.5425     88.003    134.421  87.593232     1.9978      8.390   199.8810 3.8707e+01     2.9986      3.195      4.634     7.5797 0.0000e+00
      3.265      0.014    10.5324     87.958    134.411  87.586249     1.9753      8.391   199.8944 4.0287e+01     3.0005      3.202      4.646     7.5802 0.0000e+00
      3.267      0.014    10.5252     87.923    134.366  87.556801     1.9623      8.392   199.9187 4.1812e+01     2.9505      3.204      4.648     7.5805 0.0000e+00
      3.266      0.014    10.5303     87.935    134.364  87.555246     1.9395      8.393   199.9163 4.2909e+01     2.8386      3.202      4.644     7.5801 0.0000e+00
      3.268      0.018    10.5279     87.993    134.382  87.567452     1.9332      8.395   199.8656 4.3360e+01     2.7065      3.203      4.645     7.5796 0.0000e+00
      3.273      0.028    10.5203     88.050    134.396  87.577156     1.9528      8.396   199.8226 4.3295e+01     2.6856      3.210      4.655     7.5797 0.0000e+00
      3.279      0.044    10.5143     88.083    134.444  87.608952     1.9596      8.397   199.8258 4.2996e+01     2.7216      3.216      4.665     7.5796 0.0000e+00
      3.286      0.064    10.5152     88.091    134.484  87.633820     1.9487      8.398   199.9045 4.2488e+01     2.7662      3.219      4.670     7.5794 0.0000e+00
      3.302      0.082    10.5261     88.079    134.470  87.623364     1.9548      8.398   199.9995 4.1688e+01     2.8839      3.232      4.688     7.5796 0.0000e+00
      3.332      0.097    10.5329     88.064    134.451  87.609750     1.9744      8.399   200.0283 4.0868e+01     2.9493      3.265      4.736     7.5801 0.0000e+00
      3.367      0.104    10.5366     88.043    134.431  87.596451     1.9779      8.400   200.0795 4.0345e+01     2.8729      3.302      4.790     7.5803 0.0000e+00
      3.401      0.103    10.5379     88.004    134.421  87.589796     1.9888      8.401   200.2747 4.0069e+01     2.7458      3.334      4.837     7.5796 0.0000e+00
      3.431      0.095    10.5352     87.978    134.426  87.592901     2.0316      8.402   200.4105 4.0194e+01     2.6433      3.369      4.885     7.5790 0.0000e+00
      3.454      0.084    10.5337     87.997    134.391  87.570380     2.0623      8.403   200.3443 4.0770e+01     2.6248      3.391      4.919     7.5787 0.0000e+00
      3.467      0.073    10.5328     88.040    134.393  87.571953     2.0767      8.403   200.4203 4.1214e+01     2.6920      3.400      4.932     7.5784 0.0000e+00
      3.478      0.066    10.5264     88.080    134.454  87.611914     2.0897      8.404   200.6408 4.1098e+01     2.8070      3.410      4.944     7.5783 0.0000e+00
      3.492      0.061    10.5204     88.108    134.448  87.608231     2.0862      8.405   200.6874 4.0527e+01     2.8880      3.424      4.966     7.5784 0.0000e+00
      3.510      0.057    10.5254     88.128    134.421  87.591039     2.0762      8.405   200.7261 3.9807e+01     2.8510      3.441      4.991     7.5785 0.0000e+00
      3.529      0.053    10.5312     88.155    134.426  87.594894     2.0769      8.406   200.8512 3.9139e+01     2.8043      3.462      5.020     7.5787 0.0000e+00
      3.545      0.048    10.5361     88.178    134.420  87.591225     2.1112      8.407   200.9096 3.8651e+01     2.8698      3.479      5.045     7.5788 0.0000e+00
      3.557      0.040    10.5397     88.175    134.448  87.610296     2.1662      8.408   200.9153 3.8417e+01     2.9591      3.490      5.060     7.5788 0.0000e+00
      3.564      0.034    10.5405     88.155    134.484  87.634641     2.1922      8.408   200.9201 3.8313e+01     2.9963      3.496      5.070     7.5790 0.0000e+00
      3.568      0.029    10.5445     88.130    134.477  87.631115     2.2015      8.409   201.0537 3.8248e+01     3.0113      3.500      5.077     7.5791 0.0000e+00
      3.571      0.026    10.5490     88.101    134.476  87.631271     2.2038      8.410   201.1537 3.8137e+01     2.9701      3.502      5.079     7.5793 0.0000e+00
      3.576      0.026    10.5472     88.063    134.485  87.636531     2.2202      8.411   201.0105 3.7833e+01     2.9085      3.505      5.084     7.5796 0.0000e+00
      3.585      0.030    10.5447     88.045    134.478  87.631100     2.2658      8.412   200.9576 3.7469e+01     2.8814      3.517      5.100     7.5798 0.0000e+00
      3.595      0.034    10.5409     88.065    134.476  87.629212     2.2890      8.413   200.9440 3.7246e+01     2.8474      3.527      5.115     7.5802 0.0000e+00
      3.602      0.038    10.5388     88.087    134.453  87.613707     2.2926      8.414   200.8462 3.7009e+01     2.8731      3.531      5.122     7.5808 0.0000e+00
      3.612      0.042    10.5326     88.101    134.388  87.570866     2.3181      8.414   200.8937 3.6677e+01     2.9524      3.540      5.136     7.5806 0.0000e+00
      3.625      0.048    10.5278     88.109    134.366  87.556527     2.3649      8.414   201.0022 3.6423e+01     2.9872      3.556      5.157     7.5801 0.0000e+00
      3.636      0.055    10.5350     88.111    134.384  87.567557     2.3910      8.414   201.1258 3.6147e+01     2.9859      3.566      5.171     7.5799 0.0000e+00
      3.648      0.061    10.5359     88.090    134.400  87.577003     2.3760      8.416   201.1831 3.5737e+01     2.9373      3.576      5.186     7.5796 0.0000e+00
      3.665      0.066    10.5388     88.053    134.448  87.607118     2.3085      8.418   201.1786 3.5208e+01     2.8088      3.591      5.209     7.5794 0.0000e+00
      3.687      0.070    10.5384     88.027    134.458  87.613593     2.2155      8.418   201.3300 3.4568e+01     2.6966      3.615      5.243     7.5793 0.0000e+00
      3.709      0.076    10.5406     88.008    134.424  87.591679     2.1762      8.419   201.3790 3.4063e+01     2.7079      3.641      5.281     7.5794 0.0000e+00
      3.727      0.082    10.5382     88.008    134.430  87.596611     2.1907      8.419   201.2547 3.3762e+01     2.7738      3.656      5.303     7.5789 0.0000e+00
      3.742      0.087    10.5309     88.034    134.448  87.609612     2.2572      8.419   201.2897 3.3257e+01     2.8791      3.665      5.317     7.5785 0.0000e+00
      3.764      0.091    10.5301     88.085    134.463  87.621649     2.3567      8.420   201.4575 3.2440e+01     3.0588      3.689      5.350     7.5783 0.0000e+00
      3.792      0.093    10.5256     88.148    134.451  87.614914     2.3949      8.422   201.6495 3.1691e+01     3.1711      3.721      5.397     7.5783 0.0000e+00
      3.820      0.092    10.5263     88.211    134.415  87.591795     2.3704      8.422   201.7184 3.1002e+01     3.1433      3.744      5.430     7.5789 0.0000e+00
      3.848      0.091    10.5282     88.249    134.422  87.596575     2.2928      8.422   201.6016 3.0242e+01     2.9622      3.773      5.472     7.5796 0.0000e+00
      3.873      0.088    10.5359     88.258    134.442  87.609098     2.1804      8.424   201.6137 2.9704e+01     2.7569      3.803      5.515     7.5803 0.0000e+00
      3.889      0.083    10.5430     88.280    134.452  87.615977     2.1354      8.426   201.8649 2.9440e+01     2.7454      3.815      5.533     7.5805 0.0000e+00
      3.903      0.075    10.5515     88.310    134.451  87.616122     2.1479      8.426   202.0584 2.9037e+01     2.7883      3.822      5.544     7.5808 0.0000e+00
      3.924      0.064    10.5584     88.320    134.442  87.610858     2.1488      8.426   202.0599 2.8387e+01     2.7633      3.844      5.576     7.5809 0.0000e+00
      3.950      0.052    10.5542     88.329    134.449  87.615951     2.1383      8.426   202.0555 2.7889e+01     2.7158      3.878      5.623     7.5808 0.0000e+00
      3.966      0.041    10.5582     88.352    134.445  87.614083     2.1286      8.427   202.0908 2.7731e+01     2.6578      3.895      5.649     7.5809 0.0000e+00
      3.971      0.032    10.5648     88.369    134.404  87.588279     2.1236      8.429   202.0564 2.7772e+01     2.6432      3.896      5.650     7.5811 0.0000e+00
      3.969      0.027    10.5634     88.365    134.357  87.558412     2.1511      8.430   202.0694 2.7847e+01     2.7450      3.892      5.645     7.5814 0.0000e+00
      3.967      0.028    10.5634     88.329    134.376  87.571038     2.2119      8.432   202.1619 2.7840e+01     2.9317      3.888      5.639     7.5814 0.0000e+00
      3.970      0.034    10.5682     88.266    134.445  87.613710     2.2512      8.432   202.1428 2.7661e+01     3.0221      3.889      5.641     7.5816 0.0000e+00
      3.982      0.043    10.5700     88.207    134.474  87.629044     2.2605      8.432   202.0965 2.7260e+01     2.9500      3.903      5.660     7.5820 0.0000e+00
      4.002      0.052    10.5702     88.155    134.479  87.629199     2.2497      8.433   202.1188 2.6779e+01     2.8460      3.926      5.694     7.5826 0.0000e+00
      4.022      0.059    10.5663     88.115    134.462  87.615586     2.2454      8.433   202.1545 2.6384e+01     2.8235      3.945      5.722     7.5828 0.0000e+00
      4.037      0.065    10.5558     88.087    134.428  87.591672     2.2670      8.434   202.2697 2.6115e+01     2.8829      3.960      5.744     7.5817 0.0000e+00
      4.049      0.071    10.5505     88.063    134.433  87.594518     2.2778      8.436   202.3933 2.5902e+01     2.9146      3.972      5.760     7.5803 0.0000e+00
      4.061      0.078    10.5444     88.073    134.423  87.586373     2.2845      8.437   202.4448 2.5571e+01     2.8998      3.979      5.773     7.5790 0.0000e+00
      4.079      0.084    10.5384     88.104    134.382  87.556804     2.2816      8.437   202.4614 2.5013e+01     2.9433      3.997      5.797     7.5780 0.0000e+00
      4.107      0.087    10.5386     88.121    134.383  87.555074     2.2431      8.437   202.5074 2.4352e+01     2.9968      4.025      5.837     7.5774 0.0000e+00
      4.140      0.087    10.5315     88.141    134.400  87.565455     2.2015      8.438   202.5710 2.3801e+01     2.9658      4.062      5.891     7.5775 0.0000e+00
      4.168      0.081    10.5334     88.141    134.384  87.555092     2.1774      8.439   202.6287 2.3416e+01     2.8753      4.091      5.933     7.5769 0.0000e+00
      4.187      0.070    10.5419     88.118    134.386  87.557011     2.2103      8.441   202.7743 2.3132e+01     2.7219      4.108      5.958     7.5754 0.0000e+00
      4.201      0.055    10.5399     88.136    134.433  87.588652     2.2913      8.441   202.9553 2.2921e+01     2.5800      4.121      5.977     7.5746 0.0000e+00
      4.211      0.041    10.5451     88.157    134.478  87.619577     2.3331      8.442   203.0965 2.2806e+01     2.5945      4.131      5.991     7.5744 0.0000e+00
      4.216      0.032    10.5472     88.116    134.465  87.612853     2.3493      8.442   203.1042 2.2770e+01     2.6922      4.136      5.998     7.5744 0.0000e+00
