Data/DataNotYetUploadedToEDI/Raw_CTD/RawDownloads/121724_ccr88_S7809003.cnv
* Sea-Bird SBE19plus  Data File:
* FileName = C:\R\Reservoirs\Data\DataNotYetUploadedToEDI\Raw_CTD\RawDownloads\121624_fcr50_S7809_0003.hex
* Software version 2.8.0.119
* Temperature SN = 7809
* Conductivity SN = 7809
* System UpLoad Time = Dec 17 2024 18:08:42
* <ApplicationData>
* <Seaterm232>
# nquan = 15
# nvalues = 1252                        
# units = specified
# name 0 = depFM: Depth [fresh water, m]
# name 1 = dz/dtM: Descent Rate [m/s]
# name 2 = sbeox0Mg/L: Oxygen, SBE 43 [mg/l]
# name 3 = sbeox0PS: Oxygen, SBE 43 [% saturation]
# name 4 = specc: Specific Conductance [uS/cm]
# name 5 = c0uS/cm: Conductivity [uS/cm]
# name 6 = flECO-AFL: Fluorescence, WET Labs ECO-AFL/FL [mg/m^3]
# name 7 = ph: pH
# name 8 = orp: Oxidation Reduction Potential [mV]
# name 9 = par/sat/log: PAR/Logarithmic, Satlantic
# name 10 = turbWETntu0: Turbidity, WET Labs ECO [NTU]
# name 11 = prdM: Pressure, Strain Gauge [db]
# name 12 = prdE: Pressure, Strain Gauge [psi]
# name 13 = tv290C: Temperature [ITS-90, deg C]
# name 14 = flag:  0.000e+00
# span 0 =     -0.415,     10.355       
# span 1 =     -0.372,      0.239       
# span 2 =     7.6865,    11.7635       
# span 3 =     67.226,    100.464       
# span 4 =     13.435,    137.749       
# span 5 =   9.231864,  92.964485       
# span 6 =    -0.6114,    11.6423       
# span 7 =      6.172,      8.758       
# span 8 =   150.9392,   246.2035       
# span 9 = 1.2368e-01, 1.9576e+03       
# span 10 =     0.8747,    49.8514      
# span 11 =     -0.409,     10.154      
# span 12 =     -0.593,     14.728      
# span 13 =     7.5558,    13.7252      
# span 14 = 0.0000e+00, 0.0000e+00      
# interval = seconds: 0.25
# start_time = Dec 17 2024 11:47:05 [Instrument's time stamp, header]
# bad_flag = -9.990e-29
*END*
[from data line 193]
      0.548     -0.003    11.3108     93.888    134.019  88.084055     0.9872      7.934   175.4355 1.4945e+02     2.4755      0.537      0.779     7.8618 0.0000e+00
      0.547     -0.003    11.3273     93.350    134.012  88.077568     0.9941      7.936   175.5979 1.5109e+02     2.4324      0.537      0.778     7.8618 0.0000e+00
      0.546     -0.002    11.2823     92.809    133.995  88.062957     0.9958      7.939   175.7560 1.5295e+02     2.3994      0.535      0.776     7.8626 0.0000e+00
      0.546      0.000    11.2129     92.328    133.961  88.034625     1.0081      7.942   175.8841 1.5221e+02     2.4181      0.535      0.775     7.8612 0.0000e+00
      0.545      0.002    11.1543     91.912    133.907  87.989464     1.0343      7.944   176.0291 1.5275e+02     2.5570      0.535      0.776     7.8604 0.0000e+00
      0.545      0.003    11.0907     91.539    133.888  87.962226     1.0455      7.947   176.1314 1.5351e+02     2.7112      0.534      0.775     7.8603 0.0000e+00
      0.547      0.004    11.0209     91.189    133.908  87.959742     1.0442      7.950   176.2604 1.5080e+02     2.7117      0.537      0.778     7.8588 0.0000e+00
      0.549      0.004    10.9661     90.854    133.925  87.959412     1.0435      7.952   176.4719 1.5014e+02     2.6309      0.540      0.783     7.8569 0.0000e+00
      0.551      0.003    10.9186     90.571    133.930  87.958234     1.0861      7.954   176.5373 1.5103e+02     2.5206      0.541      0.784     7.8540 0.0000e+00
      0.552      0.001    10.8751     90.335    133.906  87.945499     1.1852      7.955   176.5340 1.4956e+02     2.4030      0.541      0.785     7.8474 0.0000e+00
      0.552     -0.001    10.8394     90.140    133.876  87.932660     1.2435      7.957   176.6045 1.4999e+02     2.3704      0.541      0.785     7.8407 0.0000e+00
      0.551     -0.001    10.7943     89.972    133.869  87.930242     1.2582      7.958   176.6153 1.5075e+02     2.4329      0.540      0.783     7.8367 0.0000e+00
      0.549     -0.001    10.7648     89.786    133.858  87.916267     1.3049      7.961   176.6643 1.4905e+02     2.5781      0.538      0.779     7.8341 0.0000e+00
      0.547      0.000    10.7359     89.620    133.848  87.890917     1.3672      7.963   176.9398 1.4864e+02     2.7255      0.536      0.777     7.8359 0.0000e+00
      0.547      0.001    10.7097     89.503    133.880  87.878187     1.3862      7.965   177.2780 1.4945e+02     2.7470      0.536      0.777     7.8401 0.0000e+00
      0.548      0.002    10.6969     89.404    133.953  87.889548     1.3688      7.968   177.3988 1.5005e+02     2.6670      0.537      0.779     7.8408 0.0000e+00
      0.551      0.003    10.6691     89.312    134.010  87.901012     1.3728      7.971   177.4536 1.5132e+02     2.5444      0.541      0.784     7.8392 0.0000e+00
      0.552      0.003    10.6504     89.259    134.015  87.889542     1.4015      7.972   177.5957 1.5254e+02     2.4595      0.542      0.786     7.8333 0.0000e+00
      0.552      0.003    10.6426     89.253    134.009  87.878081     1.4242      7.975   177.6546 1.5235e+02     2.4946      0.541      0.785     7.8186 0.0000e+00
      0.552      0.003    10.6361     89.277    134.029  87.889656     1.4395      7.977   177.6505 1.5209e+02     2.5248      0.542      0.786     7.8017 0.0000e+00
      0.552      0.002    10.6249     89.336    134.045  87.902265     1.4366      7.978   177.7176 1.5204e+02     2.4826      0.542      0.786     7.7932 0.0000e+00
      0.553      0.001    10.6189     89.397    134.040  87.903308     1.4145      7.979   177.8641 1.5069e+02     2.4966      0.542      0.787     7.7884 0.0000e+00
      0.555      0.000    10.6223     89.428    134.033  87.902264     1.4052      7.980   177.9583 1.5086e+02     2.5926      0.544      0.789     7.7851 0.0000e+00
      0.555      0.000    10.6218     89.429    134.013  87.889645     1.4160      7.983   177.9968 1.5163e+02     2.6176      0.545      0.790     7.7854 0.0000e+00
      0.554      0.000    10.6318     89.410    134.001  87.877966     1.4279      7.985   178.1577 1.5025e+02     2.5946      0.543      0.788     7.7864 0.0000e+00
      0.552      0.001    10.6403     89.397    134.026  87.888281     1.4242      7.988   178.3551 1.5017e+02     2.6897      0.542      0.786     7.7881 0.0000e+00
      0.552      0.001    10.6423     89.397    134.028  87.887124     1.4129      7.991   178.4042 1.5152e+02     2.8110      0.540      0.784     7.7901 0.0000e+00
      0.553      0.002    10.6432     89.400    133.992  87.863972     1.4087      7.992   178.4071 1.5127e+02     2.7977      0.541      0.786     7.7903 0.0000e+00
      0.555      0.002    10.6387     89.384    133.989  87.862824     1.4062      7.993   178.4770 1.5100e+02     2.7332      0.544      0.790     7.7882 0.0000e+00
      0.557      0.001    10.6391     89.356    134.007  87.873242     1.4241      7.995   178.5604 1.5156e+02     2.7145      0.546      0.792     7.7856 0.0000e+00
      0.557      0.001    10.6386     89.343    133.995  87.862709     1.4668      7.998   178.7273 1.4965e+02     2.7082      0.546      0.792     7.7839 0.0000e+00
      0.556      0.000    10.6406     89.345    134.004  87.862699     1.4898      8.000   178.8593 1.4782e+02     2.6915      0.545      0.791     7.7854 0.0000e+00
      0.555      0.000    10.6384     89.344    134.025  87.873118     1.4860      8.002   178.8665 1.5026e+02     2.6840      0.544      0.788     7.7860 0.0000e+00
      0.554      0.001    10.6330     89.309    134.005  87.861443     1.4537      8.004   178.9860 1.5120e+02     2.7190      0.542      0.786     7.7846 0.0000e+00
      0.555      0.003    10.6324     89.247    133.983  87.848763     1.3908      8.006   179.0995 1.4947e+02     2.7400      0.543      0.788     7.7846 0.0000e+00
      0.556      0.005    10.6334     89.204    133.984  87.847041     1.3423      8.006   178.9489 1.5043e+02     2.6977      0.545      0.790     7.7816 0.0000e+00
      0.559      0.005    10.6365     89.216    133.984  87.840627     1.3323      8.008   178.7999 1.4994e+02     2.6512      0.547      0.792     7.7790 0.0000e+00
      0.562      0.003    10.6312     89.259    133.985  87.834825     1.3779      8.010   178.9323 1.4823e+02     2.6565      0.551      0.799     7.7811 0.0000e+00
      0.563     -0.001    10.6211     89.277    134.000  87.840495     1.4445      8.012   179.0875 1.5016e+02     2.6930      0.554      0.803     7.7824 0.0000e+00
      0.563     -0.005    10.6141     89.272    134.012  87.845562     1.4635      8.012   179.2137 1.5078e+02     2.7173      0.553      0.802     7.7811 0.0000e+00
      0.560     -0.008    10.6171     89.258    133.998  87.832475     1.4661      8.014   179.5117 1.4965e+02     2.7458      0.550      0.798     7.7784 0.0000e+00
      0.554     -0.009    10.6279     89.233    133.970  87.809480     1.4671      8.017   179.7652 1.5169e+02     2.7641      0.544      0.789     7.7756 0.0000e+00
      0.549     -0.008    10.6283     89.212    133.991  87.821998     1.4351      8.019   179.8691 1.5286e+02     2.7338      0.537      0.779     7.7740 0.0000e+00
      0.546     -0.005    10.6270     89.195    134.041  87.856602     1.3955      8.020   179.9941 1.4999e+02     2.6868      0.534      0.774     7.7737 0.0000e+00
      0.547     -0.002    10.6275     89.170    134.021  87.846173     1.3700      8.022   180.1584 1.4902e+02     2.6401      0.537      0.777     7.7719 0.0000e+00
      0.550      0.000    10.6228     89.148    133.986  87.823135     1.3610      8.023   180.3068 1.5190e+02     2.6136      0.540      0.783     7.7695 0.0000e+00
      0.552      0.002    10.6212     89.132    134.008  87.832511     1.3614      8.024   180.4108 1.5125e+02     2.6386      0.542      0.787     7.7694 0.0000e+00
      0.552      0.002    10.6195     89.108    134.023  87.832304     1.3663      8.027   180.5562 1.4902e+02     2.7031      0.542      0.786     7.7703 0.0000e+00
      0.551      0.001    10.6154     89.093    134.019  87.820626     1.3788      8.029   180.6875 1.5119e+02     2.7447      0.541      0.784     7.7717 0.0000e+00
      0.549      0.000    10.6119     89.100    134.017  87.818531     1.3787      8.030   180.7080 1.5169e+02     2.6982      0.539      0.781     7.7719 0.0000e+00
      0.549     -0.000    10.6126     89.129    133.991  87.806972     1.3654      8.031   180.8054 1.5044e+02     2.5847      0.538      0.781     7.7704 0.0000e+00
      0.550     -0.000    10.6092     89.171    133.992  87.808119     1.3595      8.033   180.8318 1.5043e+02     2.5334      0.540      0.783     7.7661 0.0000e+00
      0.551     -0.001    10.6081     89.206    134.032  87.832398     1.3573      8.035   180.6832 1.4927e+02     2.5909      0.541      0.784     7.7607 0.0000e+00
      0.551     -0.003    10.6094     89.220    134.048  87.846058     1.3638      8.036   180.7296 1.4827e+02     2.6648      0.541      0.785     7.7609 0.0000e+00
      0.551     -0.006    10.6116     89.231    134.039  87.846052     1.3879      8.039   180.8764 1.4949e+02     2.7091      0.540      0.783     7.7656 0.0000e+00
      0.549     -0.007    10.6175     89.260    134.016  87.832327     1.3990      8.041   180.9084 1.5039e+02     2.7167      0.539      0.782     7.7652 0.0000e+00
      0.545     -0.005    10.6236     89.261    133.992  87.807352     1.3825      8.042   181.0319 1.5043e+02     2.6892      0.535      0.776     7.7625 0.0000e+00
      0.540     -0.001    10.6243     89.216    134.002  87.798537     1.3712      8.043   181.1651 1.5194e+02     2.6827      0.529      0.767     7.7646 0.0000e+00
      0.538      0.004    10.6212     89.161    134.011  87.789338     1.3786      8.045   181.1421 1.5294e+02     2.7072      0.526      0.762     7.7676 0.0000e+00
      0.542      0.009    10.6289     89.132    133.985  87.759730     1.3797      8.047   181.0981 1.5274e+02     2.7124      0.530      0.769     7.7693 0.0000e+00
      0.548      0.013    10.6311     89.132    133.999  87.758616     1.3763      8.049   181.2352 1.5249e+02     2.7106      0.539      0.781     7.7653 0.0000e+00
      0.555      0.014    10.6244     89.127    134.034  87.775861     1.3790      8.050   181.4230 1.5190e+02     2.7206      0.545      0.790     7.7572 0.0000e+00
      0.560      0.012    10.6186     89.117    134.034  87.777380     1.3957      8.051   181.4757 1.5000e+02     2.6963      0.549      0.797     7.7527 0.0000e+00
      0.563      0.009    10.6152     89.116    134.026  87.776988     1.4286      8.053   181.6143 1.4666e+02     2.6218      0.553      0.802     7.7476 0.0000e+00
      0.563      0.007    10.6195     89.124    134.017  87.771120     1.4436      8.054   181.8086 1.4439e+02     2.5373      0.552      0.801     7.7433 0.0000e+00
      0.562      0.008    10.6191     89.144    134.023  87.770047     1.4442      8.056   182.0176 1.4457e+02     2.4598      0.551      0.800     7.7409 0.0000e+00
      0.560      0.013    10.6158     89.167    134.022  87.764011     1.4448      8.058   182.3345 1.4456e+02     2.5049      0.548      0.797     7.7414 0.0000e+00
      0.561      0.017    10.6168     89.206    134.025  87.761752     1.4338      8.060   182.3710 1.4495e+02     2.6728      0.547      0.794     7.7458 0.0000e+00
      0.569      0.013    10.6153     89.266    134.099  87.806340     1.4278      8.061   181.8560 1.4739e+02     2.7481      0.556      0.807     7.7453 0.0000e+00
      0.582     -0.003    10.6210     89.296    134.171  87.857804     1.4307      8.061   181.1842 1.4685e+02     2.7317      0.570      0.827     7.7420 0.0000e+00
      0.594     -0.030    10.6230     89.284    134.165  87.875080     1.4102      8.059   180.7019 1.4540e+02     2.7139      0.585      0.849     7.7404 0.0000e+00
      0.594     -0.063    10.6260     89.286    134.139  87.888015     1.3634      8.059   180.3259 1.5043e+02     2.7038      0.592      0.859     7.7391 0.0000e+00
      0.569     -0.101    10.6380     89.308    134.103  87.887011     1.3232      8.059   179.9929 1.5569e+02     2.7122      0.568      0.824     7.7369 0.0000e+00
      0.521     -0.142    10.6427     89.303    134.049  87.862962     1.2977      8.058   179.6877 1.5995e+02     2.7123      0.511      0.740     7.7362 0.0000e+00
      0.471     -0.182    10.6348     89.276    134.024  87.851721     1.2641      8.057   179.3896 1.6886e+02     2.7735      0.456      0.662     7.7453 0.0000e+00
      0.428     -0.216    10.6301     89.253    134.060  87.878331     1.2157      8.057   179.1413 1.7744e+02     2.9055      0.423      0.613     7.7601 0.0000e+00
      0.377     -0.237    10.6358     89.230    134.124  87.930245     1.1961      8.060   178.9232 1.9466e+02     3.0108      0.379      0.548     7.7687 0.0000e+00
      0.308     -0.247    10.6323     89.207    134.147  87.970495     1.2096      8.061   178.7314 2.2761e+02     3.0215      0.305      0.442     7.7716 0.0000e+00
      0.228     -0.242    10.6268     89.192    134.117  87.983329     1.2038      8.062   178.5425 2.7720e+02     2.9325      0.222      0.322     7.7734 0.0000e+00
      0.153     -0.217    10.6257     89.181    134.043  87.958214     1.1260      8.065   178.4461 3.3652e+02     2.9593      0.148      0.214     7.7729 0.0000e+00
      0.086     -0.168    10.6215     89.171    133.981  87.921315     1.0096      8.069   178.4260 3.7728e+02     3.1400      0.079      0.115     7.7751 0.0000e+00
      0.037     -0.103    10.6162     89.165    133.989  87.918888     0.9543      8.073   178.2997 3.9600e+02     3.2386      0.024      0.034     7.7855 0.0000e+00
      0.021     -0.036    10.6101     89.153    134.014  87.928863     0.9652      8.075   178.2106 3.9957e+02     3.2640      0.008      0.011     7.8006 0.0000e+00
      0.036      0.024    10.6071     89.140    134.000  87.914681     0.9996      8.076   178.2942 3.9015e+02     3.1740      0.031      0.045     7.8112 0.0000e+00
      0.069      0.069    10.6044     89.135    133.958  87.874636     1.0281      8.079   178.4506 3.7306e+02     2.9024      0.068      0.098     7.8110 0.0000e+00
      0.106      0.098    10.6073     89.150    133.923  87.826367     1.0356      8.083   178.6377 3.5094e+02     2.7119      0.106      0.154     7.8054 0.0000e+00
      0.137      0.111    10.6049     89.176    133.899  87.776349     1.0312      8.086   178.8357 3.2691e+02     2.6810      0.138      0.201     7.8036 0.0000e+00
      0.161      0.116    10.6035     89.180    133.864  87.715152     1.0754      8.089   178.9525 2.9856e+02     2.7340      0.160      0.232     7.8036 0.0000e+00
      0.182      0.120    10.6039     89.181    133.837  87.658943     1.1717      8.092   179.1045 2.7151e+02     2.8747      0.176      0.255     7.7992 0.0000e+00
      0.210      0.127    10.6063     89.170    133.827  87.605622     1.2299      8.094   179.3823 2.5106e+02     3.0157      0.202      0.293     7.7895 0.0000e+00
      0.245      0.135    10.6188     89.136    133.879  87.579326     1.2541      8.096   179.5574 2.3211e+02     3.1067      0.240      0.349     7.7757 0.0000e+00
      0.285      0.140    10.6178     89.082    133.984  87.595401     1.3315      8.099   179.6732 2.1636e+02     3.1551      0.279      0.404     7.7605 0.0000e+00
      0.328      0.138    10.6245     89.005    134.047  87.609077     1.4496      8.101   179.9218 1.9921e+02     3.1223      0.319      0.462     7.7476 0.0000e+00
      0.371      0.125    10.6270     88.936    134.071  87.617427     1.5001      8.104   180.0682 1.7496e+02     3.0174      0.367      0.534     7.7323 0.0000e+00
      0.406      0.104    10.6289     88.894    134.090  87.632733     1.4924      8.106   180.0669 1.5867e+02     2.9466      0.404      0.587     7.7054 0.0000e+00
      0.428      0.078    10.6307     88.883    134.125  87.666915     1.4899      8.107   180.1647 1.4984e+02     3.1201      0.420      0.609     7.6821 0.0000e+00
