Data/DataNotYetUploadedToEDI/Raw_CTD/RawDownloads/121724_ccr50_S7809002.cnv
* Sea-Bird SBE19plus  Data File:
* FileName = C:\R\Reservoirs\Data\DataNotYetUploadedToEDI\Raw_CTD\RawDownloads\121624_fcr50_S7809_0002.hex
* Software version 2.8.0.119
* Temperature SN = 7809
* Conductivity SN = 7809
* System UpLoad Time = Dec 17 2024 18:08:08
* <ApplicationData>
* <Seaterm232>
# nquan = 15
# nvalues = 4110                        
# units = specified
# name 0 = depFM: Depth [fresh water, m]
# name 1 = dz/dtM: Descent Rate [m/s]
# name 2 = sbeox0Mg/L: Oxygen, SBE 43 [mg/l]
# name 3 = sbeox0PS: Oxygen, SBE 43 [% saturation]
# name 4 = specc: Specific Conductance [uS/cm]
# name 5 = c0uS/cm: Conductivity [uS/cm]
# name 6 = flECO-AFL: Fluorescence, WET Labs ECO-AFL/FL [mg/m^3]
# name 7 = ph: pH
# name 8 = orp: Oxidation Reduction Potential [mV]
# name 9 = par/sat/log: PAR/Logarithmic, Satlantic
# name 10 = turbWETntu0: Turbidity, WET Labs ECO [NTU]
# name 11 = prdM: Pressure, Strain Gauge [db]
# name 12 = prdE: Pressure, Strain Gauge [psi]
# name 13 = tv290C: Temperature [ITS-90, deg C]
# name 14 = flag:  0.000e+00
# span 0 =     -0.402,     19.562       
# span 1 =     -0.456,      0.172       
# span 2 =     3.7234,    12.0840       
# span 3 =     32.232,    102.741       
# span 4 =     23.514,    291.010       
# span 5 =  15.335353, 190.108803       
# span 6 =    -0.4595,   219.1827       
# span 7 =      5.703,      8.932       
# span 8 =    76.9595,   240.3650       
# span 9 = 1.2365e-01, 5.7203e+02       
# span 10 =    -0.3287,   687.4275      
# span 11 =     -0.395,     19.184      
# span 12 =     -0.572,     27.824      
# span 13 =     7.4539,     9.5523      
# span 14 = 0.0000e+00, 0.0000e+00      
# interval = seconds: 0.25
# start_time = Dec 17 2024 11:06:25 [Instrument's time stamp, header]
# bad_flag = -9.990e-29
*END*
[from data line 964]
      2.345      0.011    10.7665     90.020    135.420  88.259681     2.3561      8.409   203.6562 4.1683e+01     3.0286      2.300      3.335     7.5854 0.0000e+00
      2.348      0.011    10.7556     90.080    135.426  88.263796     2.3543      8.409   203.7006 4.1628e+01     3.0599      2.303      3.340     7.5852 0.0000e+00
      2.351      0.010    10.7557     90.111    135.380  88.234255     2.3611      8.409   203.7693 4.1557e+01     3.1012      2.306      3.345     7.5853 0.0000e+00
      2.354      0.008    10.7548     90.136    135.359  88.220585     2.3133      8.410   203.9702 4.1485e+01     3.1183      2.309      3.350     7.5855 0.0000e+00
      2.358      0.006    10.7667     90.147    135.368  88.225753     2.2005      8.411   204.1511 4.1451e+01     3.0610      2.312      3.355     7.5856 0.0000e+00
      2.359      0.004    10.7751     90.121    135.382  88.233114     2.1300      8.412   204.2362 4.1469e+01     2.9900      2.314      3.357     7.5855 0.0000e+00
      2.358      0.004    10.7764     90.093    135.404  88.245971     2.1189      8.412   204.2247 4.1502e+01     2.9768      2.313      3.355     7.5857 0.0000e+00
      2.357      0.004    10.7794     90.080    135.418  88.253961     2.1657      8.412   204.1836 4.1490e+01     3.0379      2.311      3.352     7.5860 0.0000e+00
      2.357      0.005    10.7846     90.060    135.436  88.266110     2.2543      8.412   204.2551 4.1442e+01     3.1139      2.311      3.351     7.5855 0.0000e+00
      2.359      0.006    10.7774     90.043    135.435  88.265633     2.3076      8.412   204.3161 4.1344e+01     3.1445      2.314      3.356     7.5848 0.0000e+00
      2.363      0.007    10.7734     90.053    135.407  88.248189     2.3274      8.412   204.3180 4.1219e+01     3.1349      2.319      3.362     7.5842 0.0000e+00
      2.367      0.007    10.7749     90.086    135.401  88.246047     2.3446      8.413   204.2782 4.1198e+01     3.1338      2.322      3.368     7.5839 0.0000e+00
      2.368      0.007    10.7708     90.101    135.389  88.239747     2.3568      8.415   204.0931 4.1264e+01     3.1656      2.323      3.369     7.5839 0.0000e+00
      2.368      0.006    10.7681     90.106    135.381  88.235633     2.3589      8.415   203.9727 4.1266e+01     3.2119      2.322      3.368     7.5840 0.0000e+00
      2.369      0.006    10.7676     90.116    135.417  88.259923     2.3533      8.415   204.0275 4.1202e+01     3.2491      2.323      3.369     7.5845 0.0000e+00
      2.370      0.007    10.7765     90.110    135.445  88.278961     2.3471      8.416   203.9812 4.1147e+01     3.2406      2.324      3.370     7.5850 0.0000e+00
      2.372      0.009    10.7758     90.086    135.437  88.274961     2.3260      8.416   203.9290 4.1052e+01     3.2109      2.326      3.374     7.5856 0.0000e+00
      2.375      0.011    10.7748     90.065    135.437  88.275178     2.2888      8.416   204.0847 4.0929e+01     3.1629      2.328      3.377     7.5860 0.0000e+00
      2.379      0.011    10.7787     90.045    135.447  88.281597     2.2643      8.417   204.2293 4.0869e+01     3.0703      2.333      3.384     7.5865 0.0000e+00
      2.384      0.010    10.7772     90.025    135.459  88.288956     2.2462      8.418   204.2146 4.0851e+01     3.0137      2.338      3.392     7.5866 0.0000e+00
      2.387      0.009    10.7734     90.028    135.477  88.300522     2.2443      8.418   204.2511 4.0828e+01     3.0255      2.341      3.395     7.5869 0.0000e+00
      2.387      0.009    10.7699     90.032    135.469  88.294216     2.2741      8.419   204.4120 4.0809e+01     3.0412      2.342      3.396     7.5875 0.0000e+00
      2.387      0.010    10.7701     90.024    135.443  88.276327     2.3067      8.419   204.4398 4.0787e+01     3.0680      2.340      3.395     7.5873 0.0000e+00
      2.389      0.012    10.7634     90.030    135.443  88.275075     2.3231      8.419   204.4150 4.0726e+01     3.1109      2.341      3.396     7.5868 0.0000e+00
      2.393      0.013    10.7670     90.045    135.449  88.279085     2.2895      8.419   204.5425 4.0576e+01     3.1150      2.345      3.402     7.5869 0.0000e+00
      2.399      0.013    10.7684     90.047    135.422  88.261186     2.2168      8.420   204.6041 4.0392e+01     3.0837      2.353      3.413     7.5868 0.0000e+00
      2.405      0.013    10.7647     90.045    135.402  88.249514     2.1762      8.422   204.5586 4.0312e+01     3.0394      2.359      3.422     7.5861 0.0000e+00
      2.408      0.012    10.7666     90.047    135.424  88.265195     2.1728      8.422   204.5944 4.0310e+01     2.9899      2.361      3.425     7.5858 0.0000e+00
      2.409      0.010    10.7697     90.020    135.414  88.259928     2.1930      8.422   204.6919 4.0333e+01     2.9973      2.362      3.426     7.5858 0.0000e+00
      2.409      0.009    10.7698     89.966    135.398  88.249452     2.2290      8.422   204.7918 4.0353e+01     3.0606      2.362      3.426     7.5856 0.0000e+00
      2.410      0.009    10.7668     89.913    135.423  88.265758     2.2491      8.423   204.8555 4.0304e+01     3.1061      2.363      3.428     7.5860 0.0000e+00
      2.413      0.010    10.7716     89.909    135.423  88.266235     2.2533      8.423   204.8592 4.0223e+01     3.1374      2.367      3.432     7.5868 0.0000e+00
      2.417      0.012    10.7660     89.935    135.407  88.255224     2.2464      8.423   204.8375 4.0142e+01     3.1310      2.370      3.438     7.5873 0.0000e+00
      2.420      0.012    10.7600     89.925    135.416  88.259851     2.2159      8.424   204.8505 4.0061e+01     3.0980      2.373      3.441     7.5869 0.0000e+00
      2.423      0.012    10.7496     89.896    135.417  88.258561     2.1765      8.424   204.8445 3.9975e+01     3.0800      2.377      3.447     7.5870 0.0000e+00
      2.427      0.012    10.7493     89.896    135.390  88.239634     2.1693      8.425   204.7655 3.9873e+01     3.0494      2.382      3.454     7.5873 0.0000e+00
      2.430      0.011    10.7592     89.919    135.363  88.221857     2.2197      8.427   204.7556 3.9793e+01     3.0359      2.384      3.457     7.5874 0.0000e+00
      2.432      0.011    10.7548     89.954    135.382  88.234475     2.2952      8.428   204.7243 3.9765e+01     3.0869      2.385      3.459     7.5868 0.0000e+00
      2.434      0.011    10.7489     89.970    135.429  88.264965     2.3335      8.428   204.6448 3.9718e+01     3.1544      2.387      3.462     7.5858 0.0000e+00
      2.437      0.012    10.7504     89.963    135.442  88.272417     2.3408      8.429   204.7409 3.9595e+01     3.1339      2.390      3.466     7.5852 0.0000e+00
      2.440      0.012    10.7536     90.001    135.427  88.260956     2.3336      8.429   204.8540 3.9450e+01     3.0449      2.392      3.470     7.5853 0.0000e+00
      2.444      0.011    10.7575     90.053    135.419  88.253618     2.3050      8.429   204.8085 3.9324e+01     3.0008      2.397      3.476     7.5855 0.0000e+00
      2.449      0.008    10.7645     90.067    135.412  88.247315     2.2785      8.430   204.7928 3.9239e+01     3.0103      2.402      3.484     7.5852 0.0000e+00
      2.451      0.005    10.7542     90.081    135.415  88.248367     2.2702      8.430   204.9222 3.9220e+01     3.0230      2.405      3.489     7.5849 0.0000e+00
      2.451      0.001    10.7632     90.100    135.444  88.266333     2.2795      8.430   205.0822 3.9227e+01     3.0171      2.405      3.488     7.5843 0.0000e+00
      2.450     -0.001    10.7745     90.121    135.455  88.273689     2.2829      8.431   205.0923 3.9266e+01     2.9733      2.402      3.484     7.5837 0.0000e+00
      2.447     -0.002    10.7699     90.137    135.454  88.273699     2.2694      8.431   205.0450 3.9343e+01     2.9377      2.400      3.481     7.5830 0.0000e+00
      2.445     -0.002    10.7748     90.132    135.442  88.266448     2.2580      8.431   205.1120 3.9353e+01     2.9283      2.398      3.477     7.5825 0.0000e+00
      2.444     -0.001    10.7759     90.118    135.416  88.249628     2.2459      8.431   205.2144 3.9288e+01     2.8601      2.396      3.475     7.5821 0.0000e+00
      2.446      0.000    10.7789     90.108    135.433  88.261186     2.2469      8.432   205.3360 3.9228e+01     2.7965      2.398      3.478     7.5822 0.0000e+00
      2.448 5.6214e-08    10.7820     90.065    135.459  88.278962     2.2788      8.433   205.4640 3.9212e+01     2.8418      2.401      3.483     7.5826 0.0000e+00
      2.448 6.1835e-07    10.7808     90.017    135.448  88.273705     2.3074      8.435   205.4716 3.9230e+01     2.9293      2.402      3.484     7.5826 0.0000e+00
      2.447      0.000    10.7765     90.012    135.425  88.261238     2.3183      8.435   205.4285 3.9212e+01     2.9663      2.400      3.479     7.5828 0.0000e+00
      2.446      0.000    10.7797     89.994    135.412  88.255463     2.3266      8.434   205.5441 3.9150e+01     2.9486      2.398      3.477     7.5829 0.0000e+00
      2.446      0.001    10.7734     89.949    135.427  88.267499     2.3323      8.435   205.6656 3.9117e+01     2.9197      2.398      3.478     7.5831 0.0000e+00
      2.446      0.003    10.7607     89.924    135.445  88.279535     2.3208      8.435   205.6070 3.9100e+01     2.8894      2.398      3.477     7.5838 0.0000e+00
      2.447      0.004    10.7678     89.937    135.437  88.273750     2.2966      8.436   205.6090 3.9080e+01     2.8561      2.398      3.479     7.5851 0.0000e+00
      2.449      0.004    10.7643     89.957    135.417  88.261177     2.3138      8.436   205.6043 3.9070e+01     2.8252      2.402      3.484     7.5863 0.0000e+00
      2.451      0.005    10.7551     89.935    135.406  88.254755     2.3796      8.436   205.3774 3.9045e+01     2.8228      2.404      3.487     7.5869 0.0000e+00
      2.452      0.005    10.7528     89.903    135.411  88.259715     2.4255      8.436   205.3610 3.9037e+01     2.8948      2.405      3.489     7.5870 0.0000e+00
      2.452      0.006    10.7537     89.893    135.408  88.257525     2.4279      8.437   205.5789 3.9031e+01     3.0131      2.405      3.488     7.5869 0.0000e+00
      2.453      0.007    10.7621     89.878    135.369  88.228278     2.3999      8.438   205.5166 3.8967e+01     3.1266      2.404      3.487     7.5868 0.0000e+00
      2.455      0.009    10.7557     89.863    135.370  88.224173     2.3621      8.439   205.3817 3.8880e+01     3.2074      2.407      3.490     7.5870 0.0000e+00
      2.458      0.009    10.7485     89.870    135.447  88.271501     2.3456      8.439   205.4112 3.8788e+01     3.2386      2.410      3.496     7.5879 0.0000e+00
      2.463      0.009    10.7519     89.912    135.480  88.291580     2.3411      8.440   205.3573 3.8704e+01     3.2312      2.415      3.503     7.5885 0.0000e+00
      2.466      0.008    10.7479     89.977    135.458  88.276100     2.3167      8.441   205.3326 3.8649e+01     3.1854      2.419      3.508     7.5867 0.0000e+00
      2.467      0.006    10.7467     90.027    135.456  88.275172     2.2756      8.441   205.4561 3.8614e+01     3.1294      2.420      3.510     7.5842 0.0000e+00
      2.467      0.005    10.7470     90.073    135.461  88.280357     2.2523      8.442   205.4741 3.8620e+01     3.1339      2.420      3.509     7.5831 0.0000e+00
      2.467      0.005    10.7515     90.098    135.450  88.275182     2.2427      8.442   205.3773 3.8633e+01     3.1380      2.419      3.508     7.5828 0.0000e+00
      2.468      0.005    10.7645     90.091    135.450  88.276224     2.2258      8.442   205.4043 3.8593e+01     3.0422      2.419      3.509     7.5823 0.0000e+00
      2.469      0.006    10.7663     90.102    135.476  88.292957     2.2151      8.443   205.5428 3.8530e+01     2.9664      2.421      3.511     7.5824 0.0000e+00
      2.472      0.008    10.7737     90.126    135.467  88.286644     2.2210      8.444   205.5903 3.8472e+01     3.0410      2.424      3.515     7.5832 0.0000e+00
      2.474      0.009    10.7788     90.122    135.430  88.263510     2.2302      8.444   205.6341 3.8419e+01     3.1247      2.426      3.518     7.5842 0.0000e+00
      2.476      0.009    10.7722     90.099    135.435  88.267711     2.2265      8.443   205.8141 3.8351e+01     3.0565      2.427      3.520     7.5847 0.0000e+00
      2.479      0.009    10.7748     90.049    135.443  88.273830     2.2434      8.443   205.8726 3.8251e+01     2.9680      2.431      3.525     7.5844 0.0000e+00
      2.483      0.008    10.7817     89.998    135.440  88.273877     2.2919      8.444   205.8264 3.8158e+01     3.0111      2.435      3.531     7.5841 0.0000e+00
      2.485      0.007    10.7781     90.004    135.429  88.268284     2.3148      8.444   205.9430 3.8121e+01     3.0648      2.438      3.535     7.5844 0.0000e+00
      2.486      0.005    10.7768     90.000    135.428  88.269821     2.3123      8.445   205.9919 3.8128e+01     3.0030      2.439      3.537     7.5848 0.0000e+00
      2.486      0.003    10.7719     89.951    135.461  88.292468     2.2777      8.446   205.9011 3.8123e+01     2.9120      2.438      3.537     7.5851 0.0000e+00
      2.486      0.003    10.7568     89.915    135.452  88.287631     2.2128      8.446   205.8777 3.8105e+01     2.8868      2.438      3.536     7.5858 0.0000e+00
      2.486      0.004    10.7654     89.894    135.431  88.274954     2.1852      8.446   205.8820 3.8065e+01     2.9035      2.437      3.535     7.5866 0.0000e+00
      2.487      0.006    10.7669     89.885    135.416  88.266436     2.1928      8.446   205.9527 3.7991e+01     2.9085      2.438      3.536     7.5875 0.0000e+00
      2.489      0.007    10.7541     89.910    135.388  88.248261     2.2303      8.447   206.1295 3.7923e+01     2.9484      2.439      3.538     7.5880 0.0000e+00
      2.492      0.009    10.7529     89.968    135.389  88.246054     2.2890      8.448   206.1265 3.7825e+01     3.0439      2.444      3.544     7.5880 0.0000e+00
      2.495      0.010    10.7497     90.027    135.387  88.239739     2.3115      8.449   205.9175 3.7678e+01     3.0726      2.447      3.549     7.5884 0.0000e+00
      2.497      0.011    10.7471     90.069    135.388  88.235520     2.2948      8.449   205.9253 3.7579e+01     2.9880      2.449      3.552     7.5894 0.0000e+00
      2.499      0.011    10.7495     90.071    135.429  88.258652     2.2524      8.449   206.0489 3.7527e+01     2.9430      2.451      3.555     7.5897 0.0000e+00
      2.501      0.011    10.7592     90.009    135.439  88.264957     2.2077      8.449   206.0349 3.7469e+01     3.0066      2.453      3.557     7.5883 0.0000e+00
      2.504      0.012    10.7678     89.966    135.412  88.248138     2.2035      8.449   206.1012 3.7408e+01     3.0743      2.456      3.562     7.5860 0.0000e+00
      2.508      0.014    10.7721     89.968    135.406  88.246147     2.2100      8.451   206.1619 3.7333e+01     3.1128      2.459      3.568     7.5840 0.0000e+00
      2.511      0.016    10.7787     89.937    135.396  88.240885     2.2197      8.451   206.0804 3.7228e+01     3.0962      2.463      3.572     7.5827 0.0000e+00
      2.516      0.017    10.7633     89.882    135.407  88.248139     2.2546      8.451   206.0623 3.7086e+01     3.0092      2.466      3.577     7.5825 0.0000e+00
      2.521      0.016    10.7554     89.853    135.442  88.270229     2.2822      8.452   206.1143 3.6898e+01     2.9497      2.471      3.584     7.5831 0.0000e+00
      2.527      0.015    10.7651     89.904    135.417  88.253514     2.2866      8.452   206.1072 3.6745e+01     2.9581      2.479      3.595     7.5839 0.0000e+00
      2.532      0.013    10.7554     89.984    135.390  88.236887     2.2743      8.453   206.1489 3.6701e+01     3.0419      2.484      3.604     7.5846 0.0000e+00
      2.535      0.011    10.7503     89.995    135.422  88.260038     2.2585      8.453   206.2735 3.6684e+01     3.1431      2.486      3.606     7.5847 0.0000e+00
