Data/DataNotYetUploadedToEDI/Raw_CTD/RawDownloads/SBE19plus_01907809_062722_bvr50_0006.cnv
* Sea-Bird SBE19plus  Data File:
* FileName = C:\R\Reservoirs\Data\DataNotYetUploadedToEDI\Raw_CTD\RawDownloads\SBE19plus_01907809_062722_bvr50_0006.hex
* Software version 2.8.0.119
* Temperature SN = 7809
* Conductivity SN = 7809
* System UpLoad Time = Jun 29 2022 15:51:20
* <ApplicationData>
* <Seaterm232>
# nquan = 15
# nvalues = 2043                        
# units = specified
# name 0 = depFM: Depth [fresh water, m]
# name 1 = dz/dtM: Descent Rate [m/s]
# name 2 = sbeox0Mg/L: Oxygen, SBE 43 [mg/l]
# name 3 = sbeox0PS: Oxygen, SBE 43 [% saturation]
# name 4 = specc: Specific Conductance [uS/cm]
# name 5 = c0uS/cm: Conductivity [uS/cm]
# name 6 = flECO-AFL: Fluorescence, WET Labs ECO-AFL/FL [mg/m^3]
# name 7 = ph: pH
# name 8 = orp: Oxidation Reduction Potential [mV]
# name 9 = par/sat/log: PAR/Logarithmic, Satlantic
# name 10 = turbWETntu0: Turbidity, WET Labs ECO [NTU]
# name 11 = prdM: Pressure, Strain Gauge [db]
# name 12 = prdE: Pressure, Strain Gauge [psi]
# name 13 = tv290C: Temperature [ITS-90, deg C]
# name 14 = flag:  0.000e+00
# span 0 =     -0.728,      7.799       
# span 1 =     -0.344,      0.144       
# span 2 =     0.0178,     9.0399       
# span 3 =      0.198,    112.013       
# span 4 =      0.383,    100.214       
# span 5 =   0.407575,  69.546048       
# span 6 =    -0.1502,     5.6733       
# span 7 =      6.769,     10.135       
# span 8 = -1240.7455,   221.8360       
# span 9 = 1.2350e-01, 1.9419e+02       
# span 10 =    -0.3462,    72.6517      
# span 11 =     -0.714,      7.648      
# span 12 =     -1.035,     11.092      
# span 13 =     9.6666,    28.2375      
# span 14 = 0.0000e+00, 0.0000e+00      
# interval = seconds: 0.25
# start_time = Jun 27 2022 07:48:00 [Instrument's time stamp, header]
# bad_flag = -9.990e-29
*END*
[from data line 964]
      3.731      0.013     0.0485      0.467     46.367  34.759119     0.9787      7.326   -84.0395 1.2367e-01     1.8887      3.659      5.306    12.5784 0.0000e+00
      3.735      0.012     0.0466      0.476     46.322  34.738832     0.9864      7.325   -84.0292 1.2368e-01     1.7863      3.664      5.314    12.5765 0.0000e+00
      3.738      0.010     0.0474      0.463     46.256  34.702570     1.0016      7.325   -84.2143 1.2371e-01     1.7296      3.667      5.318    12.5365 0.0000e+00
      3.740      0.008     0.0475      0.449     46.247  34.701153     0.9964      7.323   -84.5559 1.2372e-01     1.6815      3.668      5.319    12.4737 0.0000e+00
      3.741      0.005     0.0498      0.442     46.276  34.721706     0.9819      7.321   -84.8899 1.2366e-01     1.6491      3.668      5.320    12.4686 0.0000e+00
      3.742      0.002     0.0526      0.439     46.255  34.697430     0.9510      7.320   -85.1554 1.2365e-01     1.6801      3.670      5.322    12.4976 0.0000e+00
      3.742      0.000     0.0487      0.436     46.213  34.661261     0.9061      7.318   -85.4434 1.2368e-01     1.7486      3.671      5.324    12.5116 0.0000e+00
      3.742      0.000     0.0475      0.427     46.206  34.664838     0.8794      7.317   -85.7054 1.2366e-01     1.7592      3.670      5.323    12.5160 0.0000e+00
      3.741      0.001     0.0470      0.427     46.208  34.677286     0.8616      7.315   -85.9139 1.2366e-01     1.7057      3.670      5.322    12.5158 0.0000e+00
      3.740      0.003     0.0465      0.437     46.231  34.684963     0.8572      7.314   -86.1579 1.2373e-01     1.7172      3.668      5.319    12.5038 0.0000e+00
      3.740      0.006     0.0472      0.444     46.276  34.694245     0.8932      7.314   -86.4183 1.2379e-01     1.8301      3.667      5.318    12.4897 0.0000e+00
      3.742      0.009     0.0449      0.444     46.332  34.726071     0.9298      7.314   -86.6534 1.2379e-01     1.9431      3.669      5.322    12.5065 0.0000e+00
      3.746      0.011     0.0448      0.447     46.443  34.816111     0.9335      7.313   -86.7631 1.2375e-01     1.9562      3.672      5.328    12.5314 0.0000e+00
      3.750      0.013     0.0467      0.460     46.632  34.958597     0.9225      7.312   -86.7978 1.2373e-01     1.8867      3.678      5.335    12.5187 0.0000e+00
      3.754      0.015     0.0475      0.470     46.859  35.117248     0.9210      7.312   -86.8150 1.2373e-01     1.8541      3.682      5.341    12.4754 0.0000e+00
      3.758      0.015     0.0473      0.469     47.088  35.275886     0.9320      7.312   -86.7134 1.2367e-01     1.9030      3.686      5.346    12.4611 0.0000e+00
      3.761      0.015     0.0469      0.464     47.376  35.481621     0.9395      7.312   -86.5155 1.2361e-01     1.9660      3.688      5.349    12.4862 0.0000e+00
      3.764      0.015     0.0492      0.462     47.695  35.702400     0.9534      7.312   -86.4011 1.2361e-01     1.9671      3.690      5.354    12.4875 0.0000e+00
      3.769      0.015     0.0507      0.464     48.029  35.916096     0.9740      7.311   -86.4491 1.2358e-01     1.9497      3.696      5.361    12.4656 0.0000e+00
      3.773      0.016     0.0500      0.466     48.599  36.289798     0.9895      7.309   -86.4922 1.2358e-01     1.9949      3.700      5.367    12.4525 0.0000e+00
      3.777      0.018     0.0495      0.469     49.280  36.732932     1.0080      7.309   -86.5789 1.2362e-01     2.0359      3.704      5.373    12.4478 0.0000e+00
      3.781      0.020     0.0488      0.461     49.595  36.898280     1.0143      7.309   -86.8952 1.2361e-01     1.9324      3.708      5.380    12.4326 0.0000e+00
      3.786      0.021     0.0499      0.437     49.418  36.703550     0.9988      7.308   -87.2197 1.2366e-01     1.7342      3.711      5.383    12.3936 0.0000e+00
      3.793      0.021     0.0495      0.437     48.994  36.344285     0.9790      7.307   -87.3182 1.2370e-01     1.6554      3.718      5.393    12.3389 0.0000e+00
      3.800      0.020     0.0503      0.453     48.770  36.169050     0.9749      7.305   -87.3127 1.2365e-01     1.6972      3.727      5.406    12.2700 0.0000e+00
      3.806      0.018     0.0517      0.453     48.825  36.233585     0.9823      7.304   -87.3251 1.2360e-01     1.6929      3.733      5.415    12.1934 0.0000e+00
      3.811      0.016     0.0445      0.442     48.883  36.300223     0.9684      7.303   -87.3813 1.2359e-01     1.6710      3.737      5.421    12.1276 0.0000e+00
      3.812      0.014     0.0463      0.425     48.912  36.340638     0.9316      7.302   -87.4758 1.2362e-01     1.7398      3.738      5.422    12.0740 0.0000e+00
      3.813      0.013     0.0502      0.414     48.971  36.405196     0.9045      7.301   -87.5213 1.2362e-01     1.8763      3.738      5.423    12.0606 0.0000e+00
      3.817      0.013     0.0485      0.417     49.102  36.510073     0.9066      7.300   -87.5014 1.2364e-01     1.9888      3.743      5.429    12.1097 0.0000e+00
      3.821      0.014     0.0485      0.431     49.225  36.594067     0.9323      7.300   -87.4934 1.2369e-01     1.9732      3.747      5.436    12.1304 0.0000e+00
      3.826      0.015     0.0448      0.432     49.242  36.596342     0.9563      7.299   -87.4243 1.2367e-01     1.8918      3.752      5.442    12.1391 0.0000e+00
      3.830      0.015     0.0442      0.420     49.257  36.600982     0.9638      7.297   -87.2692 1.2366e-01     1.8589      3.756      5.448    12.1769 0.0000e+00
      3.834      0.014     0.0439      0.415     49.329  36.650166     0.9648      7.295   -87.1670 1.2371e-01     1.8834      3.760      5.454    12.1800 0.0000e+00
      3.838      0.014     0.0470      0.423     49.386  36.683691     0.9601      7.294   -87.1348 1.2366e-01     1.9491      3.763      5.458    12.1676 0.0000e+00
      3.841      0.014     0.0474      0.440     49.416  36.689235     0.9403      7.293   -87.2234 1.2359e-01     1.9353      3.766      5.463    12.1552 0.0000e+00
      3.844      0.014     0.0441      0.454     49.486  36.717186     0.9176      7.293   -87.3786 1.2360e-01     1.8537      3.769      5.467    12.1480 0.0000e+00
      3.847      0.014     0.0445      0.458     49.587  36.767957     0.9102      7.293   -87.4625 1.2361e-01     1.8503      3.772      5.471    12.1482 0.0000e+00
      3.851      0.014     0.0445      0.451     49.646  36.795738     0.9172      7.292   -87.5494 1.2362e-01     1.8263      3.777      5.478    12.1390 0.0000e+00
      3.855      0.014     0.0479      0.440     49.665  36.799398     0.9362      7.292   -87.7404 1.2369e-01     1.7334      3.781      5.483    12.1240 0.0000e+00
      3.858      0.014     0.0492      0.440     49.698  36.812206     0.9480      7.291   -87.8794 1.2371e-01     1.6844      3.784      5.488    12.0966 0.0000e+00
      3.861      0.013     0.0497      0.442     49.725  36.823758     0.9347      7.290   -87.7675 1.2371e-01     1.6428      3.787      5.492    12.0660 0.0000e+00
      3.865      0.012     0.0491      0.436     49.715  36.812222     0.9256      7.288   -87.6790 1.2373e-01     1.6407      3.790      5.497    12.0523 0.0000e+00
      3.869      0.012     0.0465      0.430     49.704  36.799551     0.9378      7.288   -87.7550 1.2370e-01     1.7282      3.795      5.504    12.0467 0.0000e+00
      3.871      0.011     0.0472      0.436     49.709  36.797381     0.9489      7.288   -87.8258 1.2366e-01     1.7778      3.797      5.507    12.0321 0.0000e+00
      3.873      0.011     0.0483      0.450     49.697  36.785986     0.9439      7.287   -88.0183 1.2363e-01     1.7278      3.798      5.508    12.0208 0.0000e+00
      3.876      0.011     0.0472      0.450     49.697  36.788605     0.9350      7.286   -88.4488 1.2364e-01     1.7041      3.800      5.512    12.0202 0.0000e+00
      3.879      0.012     0.0454      0.432     49.753  36.829055     0.9331      7.285   -88.8146 1.2374e-01     1.7650      3.804      5.518    12.0177 0.0000e+00
      3.881      0.012     0.0468      0.432     49.862  36.894561     0.9288      7.284   -88.9132 1.2382e-01     1.7806      3.806      5.520    12.0093 0.0000e+00
      3.885      0.011     0.0489      0.441     49.961  36.946452     0.9254      7.284   -88.9525 1.2379e-01     1.7561      3.809      5.525    12.0025 0.0000e+00
      3.889      0.009     0.0502      0.421     49.984  36.949103     0.9165      7.283   -89.0317 1.2375e-01     1.7085      3.815      5.534    12.0117 0.0000e+00
      3.892      0.007     0.0453      0.408     49.967  36.926599     0.9043      7.282   -89.0966 1.2370e-01     1.6491      3.818      5.537    12.0171 0.0000e+00
      3.893      0.006     0.0451      0.410     49.989  36.928019     0.9194      7.281   -89.1341 1.2365e-01     1.6866      3.818      5.538    11.9952 0.0000e+00
      3.893      0.006     0.0506      0.415     50.065  36.966254     0.9410      7.280   -89.2272 1.2370e-01     1.7171      3.817      5.537    11.9683 0.0000e+00
      3.893      0.007     0.0440      0.430     50.143  37.008370     0.9407      7.278   -89.4480 1.2375e-01     1.6775      3.817      5.536    11.9560 0.0000e+00
      3.894      0.008     0.0432      0.439     50.222  37.056719     0.9159      7.276   -89.7395 1.2376e-01     1.6518      3.818      5.537    11.9514 0.0000e+00
      3.897      0.010     0.0454      0.439     50.294  37.106907     0.8824      7.275   -89.9985 1.2378e-01     1.6790      3.821      5.542    11.9355 0.0000e+00
      3.902      0.010     0.0428      0.441     50.296  37.107853     0.8766      7.274   -90.0840 1.2373e-01     1.7337      3.827      5.551    11.9129 0.0000e+00
      3.906      0.009     0.0478      0.450     50.246  37.068161     0.8792      7.273   -89.9989 1.2363e-01     1.7324      3.831      5.556    11.8990 0.0000e+00
      3.909      0.006     0.0474      0.457     50.168  37.007498     0.8805      7.272   -89.8298 1.2363e-01     1.7663      3.834      5.559    11.8861 0.0000e+00
      3.910      0.003     0.0472      0.451     50.078  36.945127     0.9003      7.271   -89.6744 1.2366e-01     1.8694      3.836      5.564    11.8867 0.0000e+00
      3.910      0.002     0.0476      0.447     50.062  36.948211     0.9189      7.271   -89.6685 1.2359e-01     1.9203      3.835      5.562    11.8886 0.0000e+00
      3.907      0.005     0.0478      0.440     50.171  37.044802     0.9303      7.271   -89.9307 1.2359e-01     1.9372      3.831      5.557    11.8827 0.0000e+00
      3.904      0.010     0.0513      0.432     50.671  37.415441     0.9306      7.271   -90.3492 1.2369e-01     1.9368      3.828      5.552    11.8795 0.0000e+00
      3.906      0.019     0.0475      0.434     51.686  38.131802     0.9139      7.269   -90.5996 1.2375e-01     1.9154      3.828      5.552    11.8778 0.0000e+00
      3.912      0.028     0.0488      0.434     52.522  38.666632     0.9032      7.268   -90.6350 1.2376e-01     1.8834      3.835      5.563    11.8991 0.0000e+00
      3.922      0.034     0.0479      0.429     52.685  38.681462     0.9094      7.267   -90.6051 1.2371e-01     1.8919      3.846      5.578    11.9221 0.0000e+00
      3.937      0.035     0.0456      0.432     52.380  38.374427     0.9226      7.266   -90.5824 1.2365e-01     1.9499      3.860      5.599    11.9261 0.0000e+00
      3.952      0.031     0.0475      0.440     52.085  38.125277     0.9216      7.265   -90.6174 1.2366e-01     1.9355      3.878      5.626    11.9070 0.0000e+00
      3.962      0.025     0.0472      0.444     52.185  38.205806     0.9056      7.263   -90.7712 1.2371e-01     1.8890      3.888      5.639    11.8174 0.0000e+00
      3.964      0.017     0.0462      0.448     52.337  38.333391     0.9028      7.262   -90.8931 1.2366e-01     1.8658      3.888      5.639    11.6965 0.0000e+00
      3.962      0.010     0.0465      0.444     52.249  38.272657     0.9135      7.261   -90.8871 1.2361e-01     1.8261      3.885      5.635    11.6100 0.0000e+00
      3.962      0.007     0.0486      0.441     52.279  38.295957     0.9183      7.260   -90.8698 1.2366e-01     1.7846      3.883      5.632    11.5780 0.0000e+00
      3.964      0.009     0.0477      0.441     52.886  38.741951     0.9113      7.259   -90.7705 1.2366e-01     1.7054      3.887      5.638    11.6034 0.0000e+00
      3.966      0.016     0.0494      0.439     53.661  39.288964     0.8958      7.258   -90.4602 1.2361e-01     1.6202      3.890      5.642    11.6260 0.0000e+00
      3.967      0.022     0.0481      0.443     53.780  39.328584     0.8965      7.257   -90.2160 1.2363e-01     1.6426      3.888      5.641    11.6229 0.0000e+00
      3.973      0.024     0.0476      0.443     53.503  39.094134     0.9207      7.255   -90.3992 1.2368e-01     1.7362      3.891      5.644    11.6199 0.0000e+00
      3.987      0.024     0.0486      0.430     53.440  39.054600     0.9384      7.254   -90.8685 1.2366e-01     1.7617      3.909      5.670    11.6319 0.0000e+00
      3.999      0.024     0.0467      0.415     53.831  39.357984     0.9351      7.255   -91.4162 1.2366e-01     1.6785      3.926      5.696    11.6220 0.0000e+00
      4.003      0.024     0.0487      0.410     54.676  39.971663     0.9223      7.255   -91.8591 1.2369e-01     1.6176      3.927      5.695    11.5542 0.0000e+00
      4.001      0.024     0.0490      0.417     55.385  40.449099     0.9084      7.255   -92.0076 1.2369e-01     1.6746      3.922      5.688    11.5112 0.0000e+00
      4.002      0.024     0.0470      0.421     56.236  41.007855     0.8921      7.255   -92.0927 1.2367e-01     1.7528      3.922      5.688    11.5369 0.0000e+00
      4.010      0.027     0.0447      0.424     57.638  41.970123     0.8830      7.254   -92.2857 1.2372e-01     1.7436      3.931      5.702    11.5617 0.0000e+00
      4.022      0.032     0.0437      0.441     58.715  42.695908     0.8734      7.253   -92.4490 1.2377e-01     1.6659      3.947      5.725    11.5643 0.0000e+00
      4.032      0.038     0.0458      0.451     59.647  43.313154     0.8596      7.252   -92.6043 1.2373e-01     1.6674      3.955      5.736    11.5233 0.0000e+00
      4.040      0.044     0.0465      0.441     60.899  44.167870     0.8580      7.252   -92.7861 1.2371e-01     1.7614      3.959      5.743    11.4524 0.0000e+00
      4.052      0.051     0.0449      0.431     61.992  44.910035     0.8621      7.251   -93.0131 1.2370e-01     1.8117      3.973      5.763    11.4065 0.0000e+00
      4.063      0.059     0.0485      0.422     62.700  45.371560     0.8760      7.249   -93.1983 1.2372e-01     1.7975      3.984      5.779    11.3582 0.0000e+00
      4.077      0.068     0.0513      0.425     63.197  45.687756     0.9009      7.248   -93.2187 1.2372e-01     1.7948      3.993      5.792    11.3013 0.0000e+00
      4.097      0.074     0.0473      0.442     63.587  45.941545     0.9309      7.247   -93.2590 1.2369e-01     1.8813      4.015      5.823    11.2606 0.0000e+00
      4.122      0.075     0.0479      0.456     63.740  46.029168     0.9555      7.245   -93.4274 1.2370e-01     1.9894      4.044      5.865    11.2217 0.0000e+00
      4.147      0.070     0.0456      0.464     63.622  45.922388     0.9568      7.242   -93.7063 1.2370e-01     2.0084      4.068      5.900    11.1766 0.0000e+00
      4.167      0.062     0.0457      0.459     63.197  45.602133     0.9383      7.239   -93.9634 1.2363e-01     1.9067      4.088      5.930    11.1385 0.0000e+00
      4.181      0.053     0.0496      0.451     62.729  45.265745     0.9144      7.236   -94.1271 1.2360e-01     1.7851      4.103      5.950    11.1221 0.0000e+00
      4.189      0.047     0.0495      0.439     62.639  45.217681     0.9092      7.233   -94.3095 1.2369e-01     1.8346      4.109      5.960    11.1057 0.0000e+00
      4.193      0.045     0.0525      0.421     62.955  45.465128     0.9174      7.230   -94.3615 1.2378e-01     1.9587      4.111      5.963    11.0836 0.0000e+00
