Data/DataNotYetUploadedToEDI/Raw_CTD/RawDownloads/SBE19plus_01907809_062722_fcr50_0007.cnv
* Sea-Bird SBE19plus  Data File:
* FileName = C:\R\Reservoirs\Data\DataNotYetUploadedToEDI\Raw_CTD\RawDownloads\SBE19plus_01907809_062722_bvr50_0007.hex
* Software version 2.8.0.119
* Temperature SN = 7809
* Conductivity SN = 7809
* System UpLoad Time = Jun 29 2022 15:52:00
* <ApplicationData>
* <Seaterm232>
# nquan = 15
# nvalues = 1524                        
# units = specified
# name 0 = depFM: Depth [fresh water, m]
# name 1 = dz/dtM: Descent Rate [m/s]
# name 2 = sbeox0Mg/L: Oxygen, SBE 43 [mg/l]
# name 3 = sbeox0PS: Oxygen, SBE 43 [% saturation]
# name 4 = specc: Specific Conductance [uS/cm]
# name 5 = c0uS/cm: Conductivity [uS/cm]
# name 6 = flECO-AFL: Fluorescence, WET Labs ECO-AFL/FL [mg/m^3]
# name 7 = ph: pH
# name 8 = orp: Oxidation Reduction Potential [mV]
# name 9 = par/sat/log: PAR/Logarithmic, Satlantic
# name 10 = turbWETntu0: Turbidity, WET Labs ECO [NTU]
# name 11 = prdM: Pressure, Strain Gauge [db]
# name 12 = prdE: Pressure, Strain Gauge [psi]
# name 13 = tv290C: Temperature [ITS-90, deg C]
# name 14 = flag:  0.000e+00
# span 0 =     -0.647,      9.629       
# span 1 =     -0.264,      0.120       
# span 2 =     0.0374,    11.1595       
# span 3 =      0.351,    136.466       
# span 4 =      1.158,    385.535       
# span 5 =   1.091151, 275.948021       
# span 6 =    -0.1386,     3.3735       
# span 7 =      6.691,     10.271       
# span 8 =  -105.2036,   197.9360       
# span 9 = 1.2360e-01, 9.7017e+02       
# span 10 =    -0.3526,   381.0358      
# span 11 =     -0.634,      9.443      
# span 12 =     -0.920,     13.696      
# span 13 =    10.2653,    25.7198      
# span 14 = 0.0000e+00, 0.0000e+00      
# interval = seconds: 0.25
# start_time = Jun 27 2022 09:50:44 [Instrument's time stamp, header]
# bad_flag = -9.990e-29
*END*
[from data line 579]
      4.524      0.017     0.0549      0.498     55.483  39.657710     0.7111      7.520   -85.4743 4.4195e-01     1.4188      4.436      6.434    10.6742 0.0000e+00
      4.524      0.020     0.0536      0.508     54.503  38.939432     0.7250      7.517   -85.1603 4.4643e-01     1.4563      4.437      6.435    10.6606 0.0000e+00
      4.526      0.024     0.0586      0.517     54.783  39.101628     0.7427      7.515   -84.8278 4.3717e-01     1.4778      4.438      6.435    10.6875 0.0000e+00
      4.535      0.029     0.0549      0.527     54.786  39.081852     0.7414      7.515   -84.8952 4.2498e-01     1.4399      4.444      6.444    10.7287 0.0000e+00
      4.550      0.036     0.0541      0.532     53.725  38.319699     0.7258      7.514   -85.2008 4.1729e-01     1.4076      4.464      6.475    10.7485 0.0000e+00
      4.561      0.042     0.0574      0.522     52.953  37.750873     0.7119      7.511   -85.3385 4.1523e-01     1.4281      4.477      6.493    10.7309 0.0000e+00
      4.567      0.045     0.0567      0.511     52.949  37.721921     0.7068      7.508   -85.1838 4.0850e-01     1.4501      4.475      6.490    10.6758 0.0000e+00
      4.578      0.043     0.0590      0.506     53.222  37.906191     0.7055      7.506   -85.0513 3.9968e-01     1.4001      4.485      6.505    10.6543 0.0000e+00
      4.596      0.038     0.0601      0.508     53.447  38.076269     0.7050      7.505   -85.1133 4.0156e-01     1.3355      4.507      6.539    10.6713 0.0000e+00
      4.611      0.033     0.0577      0.513     53.499  38.129400     0.7177      7.504   -85.3312 4.1031e-01     1.3860      4.525      6.563    10.6464 0.0000e+00
      4.617      0.026     0.0566      0.507     53.634  38.231518     0.7332      7.502   -85.6210 4.1338e-01     1.4984      4.531      6.571    10.6104 0.0000e+00
      4.618      0.018     0.0564      0.507     53.815  38.359644     0.7272      7.500   -85.7782 4.0462e-01     1.5329      4.529      6.568    10.6006 0.0000e+00
      4.619      0.011     0.0556      0.523     53.793  38.346717     0.7034      7.497   -85.6833 3.9297e-01     1.4963      4.530      6.570    10.6150 0.0000e+00
      4.620      0.006     0.0583      0.535     54.030  38.519169     0.6866      7.495   -85.5914 3.9359e-01     1.4318      4.532      6.573    10.6406 0.0000e+00
      4.621      0.006     0.0560      0.531     54.326  38.732329     0.6981      7.492   -85.7001 4.0942e-01     1.4020      4.530      6.571    10.6410 0.0000e+00
      4.623      0.008     0.0549      0.515     53.666  38.260272     0.7179      7.490   -85.8781 4.2075e-01     1.4434      4.533      6.575    10.6348 0.0000e+00
      4.626      0.012     0.0587      0.495     52.621  37.504712     0.7176      7.488   -85.9368 4.1190e-01     1.4882      4.538      6.581    10.6404 0.0000e+00
      4.627      0.017     0.0602      0.491     52.223  37.207382     0.7028      7.486   -85.8944 3.9164e-01     1.4651      4.538      6.581    10.6441 0.0000e+00
      4.630      0.022     0.0595      0.507     52.216  37.202049     0.6890      7.484   -85.8820 3.7914e-01     1.4034      4.539      6.583    10.6452 0.0000e+00
      4.638      0.027     0.0577      0.515     52.346  37.313391     0.7014      7.482   -85.9586 3.9021e-01     1.3915      4.548      6.596    10.6484 0.0000e+00
      4.647      0.032     0.0545      0.505     52.547  37.475516     0.7356      7.481   -86.0461 4.0391e-01     1.4240      4.559      6.612    10.6379 0.0000e+00
      4.656      0.037     0.0531      0.500     52.510  37.450012     0.7539      7.480   -85.9079 4.0128e-01     1.4541      4.565      6.621    10.6138 0.0000e+00
      4.666      0.041     0.0571      0.508     52.529  37.448961     0.7472      7.478   -85.7502 3.9877e-01     1.4477      4.574      6.633    10.6128 0.0000e+00
      4.677      0.041     0.0585      0.515     52.915  37.716455     0.7287      7.477   -85.7736 3.9344e-01     1.4837      4.587      6.653    10.6380 0.0000e+00
      4.690      0.038     0.0558      0.529     53.060  37.830385     0.7226      7.476   -85.7609 3.8492e-01     1.6167      4.598      6.669    10.6640 0.0000e+00
      4.703      0.036     0.0545      0.567     52.298  37.304437     0.7398      7.475   -85.6827 3.8256e-01     1.6897      4.612      6.691    10.6645 0.0000e+00
      4.712      0.035     0.0570      0.612     50.976  36.367272     0.7543      7.474   -85.5164 3.8277e-01     1.7164      4.623      6.706    10.6401 0.0000e+00
      4.715      0.035     0.0574      0.646     49.971  35.631216     0.7472      7.474   -85.2992 3.8481e-01     1.7349      4.623      6.704    10.6282 0.0000e+00
      4.719      0.036     0.0572      0.686     49.414  35.190220     0.7368      7.474   -85.1209 3.8821e-01     1.7081      4.626      6.710    10.6438 0.0000e+00
      4.729      0.039     0.0623      0.734     49.087  34.903334     0.7375      7.474   -84.9089 3.8787e-01     1.7339      4.638      6.726    10.6660 0.0000e+00
      4.742      0.044     0.0695      0.779     48.967  34.762303     0.7387      7.473   -84.7152 3.8291e-01     1.7398      4.650      6.745    10.6794 0.0000e+00
      4.755      0.049     0.0711      0.845     48.931  34.689770     0.7344      7.473   -84.6725 3.8318e-01     1.6768      4.663      6.764    10.6591 0.0000e+00
      4.770      0.053     0.0755      0.940     48.937  34.660386     0.7108      7.473   -84.7365 3.8368e-01     1.7570      4.677      6.784    10.6069 0.0000e+00
      4.784      0.055     0.0830      1.065     48.969  34.660633     0.6778      7.474   -84.6289 3.7046e-01     1.9921      4.692      6.806    10.5497 0.0000e+00
      4.798      0.055     0.0854      1.232     48.947  34.629319     0.6777      7.475   -84.4033 3.5921e-01     2.1624      4.705      6.824    10.4900 0.0000e+00
      4.811      0.053     0.0933      1.431     48.921  34.598799     0.6931      7.475   -84.2461 3.6134e-01     2.2104      4.718      6.843    10.4394 0.0000e+00
      4.826      0.050     0.1047      1.655     48.947  34.608664     0.6797      7.473   -84.1049 3.6075e-01     2.3338      4.732      6.863    10.4065 0.0000e+00
      4.840      0.045     0.1165      1.905     48.974  34.621761     0.6577      7.471   -84.0729 3.5197e-01     2.6302      4.748      6.886    10.3855 0.0000e+00
      4.852      0.040     0.1370      2.168     48.993  34.630322     0.6509      7.470   -84.2028 3.4823e-01     2.8559      4.761      6.904    10.3706 0.0000e+00
      4.860      0.037     0.1594      2.421     49.023  34.648767     0.6476      7.468   -84.3849 3.5338e-01     2.9449      4.767      6.914    10.3588 0.0000e+00
      4.866      0.037     0.1840      2.633     49.034  34.654546     0.6269      7.468   -84.3817 3.5518e-01     3.1604      4.773      6.922    10.3496 0.0000e+00
      4.872      0.039     0.2130      2.800     49.012  34.636782     0.5915      7.468   -84.1643 3.4808e-01     3.5144      4.777      6.929    10.3435 0.0000e+00
      4.881      0.044     0.2425      2.941     48.997  34.624205     0.5868      7.468   -83.9072 3.4109e-01     3.7405      4.783      6.939    10.3396 0.0000e+00
      4.894      0.050     0.2734      3.066     49.007  34.629298     0.6027      7.468   -83.9412 3.4059e-01     3.8450      4.799      6.960    10.3369 0.0000e+00
      4.909      0.055     0.2967      3.153     49.017  34.634955     0.6006      7.468   -84.2312 3.4219e-01     4.3673      4.814      6.982    10.3342 0.0000e+00
      4.925      0.057     0.3149      3.216     49.007  34.629191     0.5863      7.468   -84.2298 3.3611e-01     5.3082      4.827      7.002    10.3319 0.0000e+00
      4.944      0.055     0.3289      3.275     48.994  34.623021     0.5714      7.465   -83.9238 3.2390e-01     5.8268      4.849      7.033    10.3304 0.0000e+00
      4.961      0.050     0.3459      3.307     48.994  34.623757     0.5709      7.463   -83.4577 3.2641e-01     5.8903      4.867      7.059    10.3281 0.0000e+00
      4.972      0.043     0.3546      3.335     49.017  34.638102     0.5718      7.461   -83.0674 3.2752e-01     5.8703      4.877      7.073    10.3258 0.0000e+00
      4.981      0.037     0.3584      3.365     49.067  34.669636     0.5738      7.460   -83.4212 3.1100e-01     5.3808      4.885      7.085    10.3274 0.0000e+00
      4.988      0.034     0.3702      3.376     49.096  34.687978     0.5862      7.459   -84.2078 3.0704e-01     4.4807      4.892      7.095    10.3327 0.0000e+00
      4.993      0.034     0.3692      3.374     49.072  34.669638     0.5807      7.457   -84.4048 3.2103e-01     3.9709      4.897      7.102    10.3344 0.0000e+00
      4.998      0.038     0.3732      3.369     49.029  34.638114     0.5737      7.454   -84.0815 3.2481e-01     3.9305      4.898      7.104    10.3300 0.0000e+00
      5.008      0.044     0.3785      3.379     49.010  34.623873     0.5763      7.452   -83.6550 3.1228e-01     3.9583      4.907      7.117    10.3258 0.0000e+00
      5.023      0.050     0.3777      3.393     49.012  34.624268     0.5713      7.450   -83.2055 3.0330e-01     3.9315      4.927      7.145    10.3241 0.0000e+00
      5.038      0.054     0.3792      3.395     49.039  34.642902     0.5712      7.447   -83.0347 2.9979e-01     3.9130      4.941      7.167    10.3235 0.0000e+00
      5.053      0.054     0.3760      3.395     49.063  34.658937     0.5747      7.445   -83.2251 3.0584e-01     3.9742      4.952      7.183    10.3219 0.0000e+00
      5.071      0.050     0.3783      3.411     49.021  34.627913     0.5805      7.443   -83.2704 3.1547e-01     4.0901      4.973      7.213    10.3203 0.0000e+00
      5.086      0.045     0.3811      3.441     48.961  34.584841     0.5834      7.441   -82.9794 3.0768e-01     4.1877      4.990      7.238    10.3207 0.0000e+00
      5.094      0.040     0.3803      3.470     48.956  34.582025     0.5763      7.439   -82.5459 2.9692e-01     4.1982      4.996      7.245    10.3198 0.0000e+00
      5.099      0.036     0.3794      3.484     48.967  34.593864     0.5776      7.438   -81.9876 2.9957e-01     4.2167      4.999      7.251    10.3176 0.0000e+00
      5.106      0.034     0.3812      3.479     48.972  34.601176     0.5910      7.435   -81.3053 3.0491e-01     4.3764      5.006      7.261    10.3168 0.0000e+00
      5.114      0.034     0.3858      3.475     48.981  34.607026     0.6054      7.432   -80.6627 3.0066e-01     4.6264      5.015      7.274    10.3162 0.0000e+00
      5.124      0.035     0.3890      3.481     48.979  34.601190     0.6017      7.430   -80.3269 2.8611e-01     4.7464      5.024      7.288    10.3159 0.0000e+00
      5.134      0.036     0.3918      3.487     48.974  34.594020     0.5789      7.428   -80.0844 2.7633e-01     4.7339      5.034      7.302    10.3208 0.0000e+00
      5.144      0.036     0.3892      3.495     48.962  34.583730     0.5709      7.425   -79.6237 2.7512e-01     5.0216      5.045      7.318    10.3268 0.0000e+00
      5.154      0.035     0.3883      3.505     48.992  34.603594     0.5808      7.422   -78.8862 2.7438e-01     5.6289      5.056      7.332    10.3258 0.0000e+00
      5.162      0.034     0.3906      3.522     49.051  34.643961     0.5826      7.419   -78.1359 2.8176e-01     5.9621      5.062      7.342    10.3201 0.0000e+00
      5.169      0.033     0.3901      3.537     49.028  34.627933     0.5751      7.416   -77.6934 2.8362e-01     5.9763      5.067      7.350    10.3154 0.0000e+00
      5.178      0.032     0.3918      3.543     48.985  34.600032     0.5653      7.413   -77.2367 2.6272e-01     6.2103      5.078      7.365    10.3142 0.0000e+00
      5.187      0.031     0.3920      3.547     49.015  34.623670     0.5471      7.411   -76.8290 2.4072e-01     6.6739      5.088      7.379    10.3128 0.0000e+00
      5.195      0.032     0.3950      3.552     49.064  34.660094     0.5298      7.409   -76.6351 2.3367e-01     6.8687      5.094      7.388    10.3110 0.0000e+00
      5.203      0.036     0.3967      3.560     49.063  34.659977     0.5230      7.408   -75.7536 2.3480e-01     6.8567      5.103      7.401    10.3116 0.0000e+00
      5.209      0.041     0.3968      3.567     49.013  34.622253     0.5145      7.406   -74.2583 2.4139e-01     6.9037      5.109      7.409    10.3149 0.0000e+00
      5.216      0.044     0.3977      3.578     48.964  34.584436     0.5106      7.403   -73.4399 2.4273e-01     7.2672      5.112      7.413    10.3172 0.0000e+00
      5.230      0.044     0.3970      3.583     48.966  34.583189     0.5175      7.401   -73.2581 2.3625e-01     7.9721      5.126      7.435    10.3185 0.0000e+00
      5.250      0.043     0.3996      3.573     49.002  34.607172     0.5228      7.400   -73.0069 2.3360e-01     8.3551      5.150      7.470    10.3201 0.0000e+00
      5.266      0.042     0.3990      3.565     49.023  34.620768     0.5246      7.397   -72.5542 2.3044e-01     8.3119      5.168      7.496    10.3177 0.0000e+00
      5.273      0.041     0.4007      3.569     49.024  34.620758     0.5140      7.394   -71.5705 2.2535e-01     8.3044      5.173      7.503    10.3132 0.0000e+00
      5.275      0.038     0.4030      3.577     49.005  34.607047     0.4951      7.392   -70.1474 2.2234e-01     8.4345      5.170      7.499    10.3104 0.0000e+00
      5.282      0.035     0.3996      3.576     48.970  34.581808     0.5044      7.389   -69.1989 2.0897e-01     8.5530      5.177      7.509    10.3089 0.0000e+00
      5.294      0.034     0.3990      3.565     48.953  34.569236     0.5348      7.386   -68.8790 1.9391e-01     8.5750      5.192      7.530    10.3082 0.0000e+00
      5.306      0.035     0.3996      3.561     48.968  34.581865     0.5371      7.382   -68.6884 1.9823e-01     8.5985      5.204      7.547    10.3076 0.0000e+00
      5.316      0.036     0.4011      3.567     48.998  34.607685     0.5236      7.380   -68.2711 2.0170e-01     8.7004      5.215      7.564    10.3067 0.0000e+00
      5.324      0.034     0.4016      3.582     49.020  34.627788     0.5217      7.377   -67.4471 1.9287e-01     8.7489      5.221      7.573    10.3061 0.0000e+00
      5.330      0.030     0.3990      3.602     49.027  34.634706     0.5146      7.374   -66.4686 1.9438e-01     8.7403      5.226      7.579    10.3059 0.0000e+00
      5.339      0.026     0.3985      3.608     49.018  34.627912     0.5043      7.373   -65.7317 2.1108e-01     8.6980      5.236      7.593    10.3072 0.0000e+00
      5.347      0.024     0.3995      3.622     48.995  34.609057     0.4977      7.372   -65.1629 2.2153e-01     8.5793      5.246      7.608    10.3128 0.0000e+00
      5.352      0.024     0.4003      3.660     48.980  34.596947     0.5007      7.369   -64.7537 2.1324e-01     8.5352      5.250      7.614    10.3191 0.0000e+00
      5.354      0.025     0.4049      3.678     48.999  34.608320     0.5238      7.365   -64.5702 1.9406e-01     8.5746      5.250      7.614    10.3211 0.0000e+00
      5.358      0.028     0.4042      3.669     49.018  34.619750     0.5436      7.362   -64.1486 1.8150e-01     8.5767      5.253      7.618    10.3192 0.0000e+00
      5.365      0.032     0.4032      3.660     49.004  34.608316     0.5405      7.360   -63.3558 1.8099e-01     8.5275      5.260      7.629    10.3163 0.0000e+00
      5.376      0.037     0.4120      3.654     48.989  34.596891     0.5201      7.359   -62.5553 1.7854e-01     8.4580      5.271      7.645    10.3150 0.0000e+00
      5.389      0.042     0.4134      3.649     49.004  34.608429     0.5055      7.356   -61.9554 1.6753e-01     8.4530      5.285      7.664    10.3137 0.0000e+00
      5.401      0.044     0.4105      3.640     49.020  34.621006     0.5211      7.352   -61.5228 1.5421e-01     8.5359      5.297      7.682    10.3109 0.0000e+00
