Data/DataNotYetUploadedToEDI/Raw_CTD/RawDownloads/SBE19plus_01907809_062722_fcr50_0007.cnv
* Sea-Bird SBE19plus  Data File:
* FileName = C:\R\Reservoirs\Data\DataNotYetUploadedToEDI\Raw_CTD\RawDownloads\SBE19plus_01907809_062722_bvr50_0007.hex
* Software version 2.8.0.119
* Temperature SN = 7809
* Conductivity SN = 7809
* System UpLoad Time = Jun 29 2022 15:52:00
* <ApplicationData>
* <Seaterm232>
# nquan = 15
# nvalues = 1524                        
# units = specified
# name 0 = depFM: Depth [fresh water, m]
# name 1 = dz/dtM: Descent Rate [m/s]
# name 2 = sbeox0Mg/L: Oxygen, SBE 43 [mg/l]
# name 3 = sbeox0PS: Oxygen, SBE 43 [% saturation]
# name 4 = specc: Specific Conductance [uS/cm]
# name 5 = c0uS/cm: Conductivity [uS/cm]
# name 6 = flECO-AFL: Fluorescence, WET Labs ECO-AFL/FL [mg/m^3]
# name 7 = ph: pH
# name 8 = orp: Oxidation Reduction Potential [mV]
# name 9 = par/sat/log: PAR/Logarithmic, Satlantic
# name 10 = turbWETntu0: Turbidity, WET Labs ECO [NTU]
# name 11 = prdM: Pressure, Strain Gauge [db]
# name 12 = prdE: Pressure, Strain Gauge [psi]
# name 13 = tv290C: Temperature [ITS-90, deg C]
# name 14 = flag:  0.000e+00
# span 0 =     -0.647,      9.629       
# span 1 =     -0.264,      0.120       
# span 2 =     0.0374,    11.1595       
# span 3 =      0.351,    136.466       
# span 4 =      1.158,    385.535       
# span 5 =   1.091151, 275.948021       
# span 6 =    -0.1386,     3.3735       
# span 7 =      6.691,     10.271       
# span 8 =  -105.2036,   197.9360       
# span 9 = 1.2360e-01, 9.7017e+02       
# span 10 =    -0.3526,   381.0358      
# span 11 =     -0.634,      9.443      
# span 12 =     -0.920,     13.696      
# span 13 =    10.2653,    25.7198      
# span 14 = 0.0000e+00, 0.0000e+00      
# interval = seconds: 0.25
# start_time = Jun 27 2022 09:50:44 [Instrument's time stamp, header]
# bad_flag = -9.990e-29
*END*
[from data line 290]
      1.318      0.059     7.5588     83.067     33.902  31.447137     1.8439      9.777    92.0187 4.3122e+00     6.9713      1.295      1.878    21.6380 0.0000e+00
      1.328      0.061     7.5803     81.047     33.906  31.420581     1.8344      9.762    92.3941 4.1896e+00     6.8370      1.298      1.883    21.5477 0.0000e+00
      1.348      0.061     7.5553     78.657     33.904  31.400894     1.8519      9.750    92.9097 3.9942e+00     6.6861      1.317      1.911    21.4677 0.0000e+00
      1.375      0.056     7.4880     76.207     33.908  31.399273     1.8631      9.741    93.3479 3.8545e+00     6.3419      1.353      1.963    21.4233 0.0000e+00
      1.393      0.049     7.3709     73.867     33.910  31.400963     1.8537      9.732    93.1324 3.8125e+00     6.1253      1.371      1.988    21.3752 0.0000e+00
      1.401      0.042     7.1918     71.796     33.930  31.421338     1.8377      9.726    92.7137 3.7951e+00     6.0825      1.374      1.992    21.3195 0.0000e+00
      1.405      0.038     6.9706     70.224     33.966  31.455437     1.8279      9.719    93.4486 3.7834e+00     6.0635      1.378      2.001    21.2970 0.0000e+00
      1.407      0.039     6.7504     69.208     34.021  31.496260     1.8429      9.709    95.0482 3.7756e+00     6.3060      1.380      2.002    21.2937 0.0000e+00
      1.410      0.044     6.5407     68.639     34.098  31.534532     1.8786      9.699    96.3949 3.7356e+00     6.7591      1.380      2.000    21.2939 0.0000e+00
      1.422      0.053     6.3446     68.401     34.149  31.537743     1.8936      9.690    97.4277 3.6133e+00     6.9992      1.388      2.013    21.2995 0.0000e+00
      1.446      0.061     6.2040     68.296     34.188  31.535026     1.8911      9.680    97.9862 3.4677e+00     7.0236      1.419      2.059    21.3037 0.0000e+00
      1.470      0.066     6.1209     68.083     34.266  31.565022     1.8730      9.669    98.0706 3.3955e+00     6.7466      1.447      2.099    21.2991 0.0000e+00
      1.485      0.066     6.0776     67.624     34.338  31.583378     1.8242      9.660    98.1038 3.3560e+00     6.1768      1.455      2.112    21.2442 0.0000e+00
      1.500      0.061     6.0735     66.861     34.361  31.566711     1.7838      9.651    98.0439 3.3027e+00     5.8393      1.470      2.132    21.1594 0.0000e+00
      1.516      0.052     6.0783     65.806     34.375  31.553640     1.7671      9.643    97.8623 3.2547e+00     5.8083      1.490      2.161    21.1201 0.0000e+00
      1.530      0.042     6.0695     64.545     34.386  31.552103     1.7301      9.637    97.4569 3.2118e+00     5.4272      1.501      2.177    21.0608 0.0000e+00
      1.541      0.037     6.0405     63.165     34.381  31.548110     1.6696      9.632    97.0999 3.1783e+00     4.6122      1.512      2.193    20.9740 0.0000e+00
      1.548      0.035     5.9788     61.829     34.395  31.568755     1.6264      9.627    97.4175 3.1566e+00     4.1192      1.519      2.203    20.9228 0.0000e+00
      1.551      0.035     5.8848     60.789     34.434  31.611541     1.6081      9.620    98.1996 3.1422e+00     4.0093      1.521      2.207    20.8846 0.0000e+00
      1.556      0.035     5.7725     60.124     34.450  31.621654     1.6393      9.613    99.1568 3.1249e+00     3.8983      1.523      2.209    20.8660 0.0000e+00
      1.566      0.037     5.6453     59.760     34.481  31.627622     1.7123      9.606   100.1297 3.0710e+00     3.7680      1.532      2.222    20.8721 0.0000e+00
      1.583      0.041     5.5120     59.613     34.583  31.683670     1.7414      9.600   101.1004 3.0103e+00     3.6633      1.555      2.256    20.8853 0.0000e+00
      1.595      0.046     5.4157     59.533     34.758  31.792089     1.7256      9.593   102.2891 2.9894e+00     3.5890      1.568      2.274    20.9037 0.0000e+00
      1.601      0.051     5.3616     59.386     34.901  31.860661     1.7702      9.588   103.4033 2.9708e+00     3.6893      1.568      2.274    20.9005 0.0000e+00
      1.611      0.055     5.3330     59.136     34.910  31.815294     1.8899      9.581   103.7309 2.9195e+00     3.9530      1.577      2.288    20.8624 0.0000e+00
      1.626      0.060     5.3318     58.729     34.921  31.814070     1.9754      9.572   103.1532 2.8576e+00     4.1133      1.595      2.313    20.8098 0.0000e+00
      1.645      0.065     5.3378     58.060     35.081  31.972650     1.9870      9.562   103.1287 2.7941e+00     4.0904      1.611      2.337    20.7353 0.0000e+00
      1.665      0.070     5.3333     57.095     35.369  32.211129     1.9636      9.550   104.1240 2.7241e+00     3.9831      1.632      2.367    20.6427 0.0000e+00
      1.685      0.071     5.3239     55.943     35.682  32.415076     1.9507      9.535   105.1200 2.6614e+00     3.8407      1.654      2.399    20.5335 0.0000e+00
      1.703      0.070     5.2930     54.767     35.936  32.536431     1.9644      9.520   105.7070 2.6105e+00     3.6671      1.672      2.423    20.5240 0.0000e+00
      1.721      0.070     5.2270     53.586     36.256  32.727257     1.9790      9.501   105.7148 2.5601e+00     3.5584      1.687      2.446    20.5959 0.0000e+00
      1.739      0.070     5.1393     52.197     36.664  33.010362     1.9685      9.481   105.5585 2.5186e+00     3.5164      1.708      2.477    20.5643 0.0000e+00
      1.752      0.069     5.0419     50.384     36.939  33.169611     1.8716      9.461   105.7105 2.4833e+00     3.4668      1.719      2.492    20.4343 0.0000e+00
      1.767      0.066     4.9519     48.176     37.052  33.194352     1.7146      9.444   105.6593 2.4261e+00     3.4376      1.726      2.504    20.2514 0.0000e+00
      1.792      0.061     4.8662     45.721     37.098  33.182597     1.6271      9.428   105.4555 2.3735e+00     3.4362      1.758      2.551    20.1182 0.0000e+00
      1.814      0.053     4.7595     43.093     37.104  33.154209     1.6117      9.416   105.8280 2.3521e+00     3.3817      1.785      2.587    20.0242 0.0000e+00
      1.827      0.047     4.6046     40.399     37.068  33.104694     1.5952      9.407   106.4631 2.3437e+00     3.1888      1.793      2.598    19.8829 0.0000e+00
      1.832      0.042     4.4052     37.834     37.054  33.091109     1.5688      9.397   106.9406 2.3387e+00     2.9825      1.799      2.608    19.7761 0.0000e+00
      1.834      0.038     4.1868     35.631     37.216  33.243565     1.5601      9.387   107.1263 2.3304e+00     2.9365      1.800      2.610    19.7132 0.0000e+00
      1.838      0.036     3.9468     33.964     37.504  33.489762     1.5566      9.377   106.9876 2.3092e+00     2.9398      1.799      2.609    19.6615 0.0000e+00
      1.850      0.036     3.6952     32.854     37.750  33.658497     1.5255      9.368   107.2426 2.2743e+00     2.8866      1.811      2.627    19.6428 0.0000e+00
      1.868      0.037     3.4530     32.278     37.944  33.761952     1.4844      9.361   108.1451 2.2484e+00     2.8401      1.834      2.660    19.6401 0.0000e+00
      1.882      0.037     3.2416     32.113     38.108  33.852867     1.4749      9.354   108.8647 2.2398e+00     2.8551      1.848      2.682    19.6643 0.0000e+00
      1.888      0.035     3.0907     32.015     38.236  33.933390     1.4947      9.347   109.0603 2.2323e+00     2.9318      1.851      2.685    19.6733 0.0000e+00
      1.892      0.031     2.9948     31.703     38.314  33.974642     1.4989      9.340   109.1338 2.2263e+00     2.9135      1.853      2.688    19.5840 0.0000e+00
      1.898      0.026     2.9487     31.115     38.350  33.971170     1.4834      9.334   109.2373 2.2158e+00     2.7700      1.859      2.698    19.4734 0.0000e+00
      1.908      0.026     2.9536     30.244     38.441  34.018177     1.4749      9.328   109.5371 2.1950e+00     2.6999      1.873      2.716    19.4007 0.0000e+00
      1.915      0.029     2.9573     29.133     38.572  34.099117     1.4787      9.320   110.0922 2.1710e+00     2.7153      1.880      2.727    19.3650 0.0000e+00
      1.919      0.032     2.9282     27.894     38.650  34.125481     1.4884      9.313   110.5278 2.1535e+00     2.6824      1.881      2.728    19.3444 0.0000e+00
      1.924      0.032     2.8796     26.660     38.710  34.146667     1.4588      9.306   110.6742 2.1446e+00     2.6443      1.885      2.732    19.2793 0.0000e+00
      1.936      0.034     2.8000     25.572     38.754  34.165009     1.3962      9.301   110.6574 2.1281e+00     2.7669      1.899      2.753    19.2408 0.0000e+00
      1.949      0.039     2.6943     24.671     38.831  34.220421     1.3716      9.293   110.5832 2.1076e+00     2.9346      1.916      2.777    19.2091 0.0000e+00
      1.957      0.046     2.5809     23.873     39.029  34.372788     1.3778      9.282   110.5520 2.0900e+00     2.9640      1.919      2.785    19.1305 0.0000e+00
      1.963      0.052     2.4622     23.132     39.229  34.485466     1.3124      9.270   110.7096 2.0711e+00     2.8487      1.921      2.787    19.0992 0.0000e+00
      1.977      0.055     2.3608     22.488     39.347  34.504791     1.1636      9.260   111.0270 2.0433e+00     2.6683      1.936      2.807    19.0703 0.0000e+00
      1.998      0.057     2.2831     21.938     39.387  34.479525     1.0689      9.250   111.2913 2.0203e+00     2.6274      1.959      2.842    19.0546 0.0000e+00
      2.018      0.057     2.2108     21.341     39.360  34.433520     1.0578      9.240   111.4100 2.0162e+00     2.6959      1.981      2.873    19.0616 0.0000e+00
      2.033      0.056     2.1434     20.515     39.241  34.328971     1.0301      9.230   111.1722 2.0027e+00     2.6422      1.995      2.893    18.9621 0.0000e+00
      2.044      0.054     2.0888     19.436     38.999  34.103132     0.9585      9.222   110.7385 1.9732e+00     2.4900      2.006      2.909    18.8228 0.0000e+00
      2.054      0.054     2.0459     18.265     38.868  33.922137     0.9067      9.212   110.9845 1.9502e+00     2.3940      2.016      2.923    18.7474 0.0000e+00
      2.064      0.057     1.9994     17.140     38.969  33.915866     0.8955      9.200   111.9091 1.9424e+00     2.4039      2.023      2.934    18.7272 0.0000e+00
      2.076      0.058     1.9230     16.010     39.091  33.963764     0.8904      9.185   112.8840 1.9188e+00     2.4725      2.034      2.951    18.7407 0.0000e+00
      2.096      0.058     1.8145     14.686     39.146  33.993946     0.8690      9.171   113.8235 1.8580e+00     2.4715      2.053      2.978    18.7491 0.0000e+00
      2.119      0.055     1.7023     13.026     39.214  34.027161     0.8454      9.159   114.1483 1.8053e+00     2.3929      2.080      3.016    18.6564 0.0000e+00
      2.138      0.050     1.6054     11.207     39.291  34.048305     0.8460      9.146   113.7997 1.7963e+00     2.3755      2.103      3.049    18.4843 0.0000e+00
      2.147      0.043     1.5090      9.632     39.342  34.059310     0.9013      9.134   113.7387 1.7983e+00     2.4660      2.108      3.056    18.4112 0.0000e+00
      2.151      0.035     1.3917      8.446     39.385  34.096773     0.9982      9.122   113.9270 1.7856e+00     2.5310      2.107      3.057    18.4260 0.0000e+00
      2.156      0.029     1.2319      7.526     39.460  34.184237     1.0432      9.110   114.1840 1.7741e+00     2.4788      2.113      3.064    18.3969 0.0000e+00
      2.163      0.025     1.0418      6.780     39.567  34.292575     1.0301      9.099   114.6954 1.7686e+00     2.4148      2.121      3.076    18.3171 0.0000e+00
      2.172      0.025     0.8916      6.203     39.693  34.392188     1.0151      9.089   114.9476 1.7617e+00     2.4061      2.131      3.091    18.2617 0.0000e+00
      2.178      0.026     0.7879      5.845     39.927  34.564343     0.9858      9.079   114.7380 1.7619e+00     2.4074      2.137      3.100    18.2701 0.0000e+00
      2.183      0.027     0.7025      5.694     40.235  34.788853     0.9415      9.068   114.5710 1.7648e+00     2.3968      2.142      3.106    18.3171 0.0000e+00
      2.188      0.026     0.6326      5.616     40.492  34.950781     0.9134      9.058   114.6483 1.7512e+00     2.3800      2.145      3.111    18.3435 0.0000e+00
      2.195      0.024     0.5758      5.523     40.730  35.063728     0.9039      9.049   115.1563 1.7322e+00     2.3753      2.151      3.120    18.3275 0.0000e+00
      2.205      0.024     0.5412      5.377     40.943  35.139818     0.9096      9.040   115.9818 1.7256e+00     2.4080      2.164      3.138    18.2840 0.0000e+00
      2.212      0.025     0.5353      5.131     41.151  35.236535     0.9241      9.032   116.6273 1.7273e+00     2.4682      2.171      3.149    18.2308 0.0000e+00
      2.215      0.026     0.5308      4.796     41.409  35.408690     0.9290      9.023   117.0247 1.7230e+00     2.5227      2.171      3.149    18.1719 0.0000e+00
      2.220      0.028     0.5230      4.408     41.638  35.572600     0.9193      9.013   117.1723 1.7126e+00     2.5205      2.176      3.156    18.0508 0.0000e+00
      2.227      0.028     0.5150      4.011     41.798  35.696460     0.9237      9.002   117.4661 1.6962e+00     2.5090      2.184      3.167    17.8934 0.0000e+00
      2.236      0.027     0.4903      3.651     41.863  35.764842     0.9568      8.991   118.0812 1.6777e+00     2.5545      2.191      3.177    17.7908 0.0000e+00
      2.246      0.026     0.4582      3.354     41.896  35.828711     0.9793      8.980   118.4147 1.6713e+00     2.5590      2.202      3.194    17.7480 0.0000e+00
      2.255      0.023     0.4202      3.109     41.944  35.898030     0.9783      8.970   118.2299 1.6699e+00     2.4953      2.214      3.211    17.7049 0.0000e+00
      2.259      0.021     0.3808      2.915     41.814  35.778656     0.9532      8.961   117.9972 1.6637e+00     2.4337      2.216      3.213    17.6855 0.0000e+00
      2.261      0.021     0.3450      2.796     41.669  35.653590     0.9170      8.951   118.0099 1.6610e+00     2.4280      2.217      3.215    17.6999 0.0000e+00
      2.262      0.021     0.3177      2.763     41.755  35.780917     0.9145      8.941   117.9537 1.6614e+00     2.4952      2.218      3.217    17.7519 0.0000e+00
      2.267      0.024     0.2940      2.795     42.064  36.113404     0.9239      8.933   117.9201 1.6475e+00     2.4944      2.220      3.219    17.8196 0.0000e+00
      2.277      0.032     0.2744      2.857     43.089  37.010432     0.8977      8.925   118.2059 1.6294e+00     2.3847      2.232      3.237    17.7762 0.0000e+00
      2.287      0.044     0.2632      2.969     44.794  38.382746     0.8556      8.917   118.7415 1.6235e+00     2.3295      2.245      3.256    17.7360 0.0000e+00
      2.294      0.055     0.2597      3.173     46.074  39.261223     0.8386      8.910   119.3205 1.6209e+00     2.3738      2.248      3.260    17.8385 0.0000e+00
      2.306      0.061     0.2648      3.434     46.541  39.387183     0.8420      8.901   119.9574 1.6038e+00     2.4420      2.256      3.273    17.9462 0.0000e+00
      2.328      0.062     0.2693      3.652     46.678  39.271147     0.8471      8.891   120.5054 1.5652e+00     2.4371      2.282      3.310    17.9816 0.0000e+00
      2.354      0.061     0.2774      3.706     46.695  39.126422     0.8761      8.880   120.7842 1.5326e+00     2.3145      2.311      3.351    17.9086 0.0000e+00
      2.374      0.060     0.3003      3.519     46.322  38.715314     0.9258      8.869   121.0050 1.5246e+00     2.1893      2.332      3.382    17.6250 0.0000e+00
      2.384      0.060     0.3312      3.139     45.761  38.169039     0.9569      8.857   121.0246 1.5305e+00     2.1876      2.341      3.397    17.2843 0.0000e+00
      2.389      0.060     0.3581      2.671     46.256  38.482890     0.9775      8.843   121.0219 1.5324e+00     2.2598      2.342      3.396    17.0341 0.0000e+00
