Data/DataNotYetUploadedToEDI/Raw_CTD/RawDownloads/SBE19plus_01907809_062722_fcr50_0007.cnv
* Sea-Bird SBE19plus  Data File:
* FileName = C:\R\Reservoirs\Data\DataNotYetUploadedToEDI\Raw_CTD\RawDownloads\SBE19plus_01907809_062722_bvr50_0007.hex
* Software version 2.8.0.119
* Temperature SN = 7809
* Conductivity SN = 7809
* System UpLoad Time = Jun 29 2022 15:52:00
* <ApplicationData>
* <Seaterm232>
# nquan = 15
# nvalues = 1524                        
# units = specified
# name 0 = depFM: Depth [fresh water, m]
# name 1 = dz/dtM: Descent Rate [m/s]
# name 2 = sbeox0Mg/L: Oxygen, SBE 43 [mg/l]
# name 3 = sbeox0PS: Oxygen, SBE 43 [% saturation]
# name 4 = specc: Specific Conductance [uS/cm]
# name 5 = c0uS/cm: Conductivity [uS/cm]
# name 6 = flECO-AFL: Fluorescence, WET Labs ECO-AFL/FL [mg/m^3]
# name 7 = ph: pH
# name 8 = orp: Oxidation Reduction Potential [mV]
# name 9 = par/sat/log: PAR/Logarithmic, Satlantic
# name 10 = turbWETntu0: Turbidity, WET Labs ECO [NTU]
# name 11 = prdM: Pressure, Strain Gauge [db]
# name 12 = prdE: Pressure, Strain Gauge [psi]
# name 13 = tv290C: Temperature [ITS-90, deg C]
# name 14 = flag:  0.000e+00
# span 0 =     -0.647,      9.629       
# span 1 =     -0.264,      0.120       
# span 2 =     0.0374,    11.1595       
# span 3 =      0.351,    136.466       
# span 4 =      1.158,    385.535       
# span 5 =   1.091151, 275.948021       
# span 6 =    -0.1386,     3.3735       
# span 7 =      6.691,     10.271       
# span 8 =  -105.2036,   197.9360       
# span 9 = 1.2360e-01, 9.7017e+02       
# span 10 =    -0.3526,   381.0358      
# span 11 =     -0.634,      9.443      
# span 12 =     -0.920,     13.696      
# span 13 =    10.2653,    25.7198      
# span 14 = 0.0000e+00, 0.0000e+00      
# interval = seconds: 0.25
# start_time = Jun 27 2022 09:50:44 [Instrument's time stamp, header]
# bad_flag = -9.990e-29
*END*
[from data line 772]
      6.468      0.075     0.4286      3.713     49.019  34.604422     0.5785      7.139   -21.4744 1.2374e-01     8.9356      6.344      9.200    10.2947 0.0000e+00
      6.491      0.072     0.4204      3.695     49.002  34.591835     0.5716      7.138   -21.8418 1.2376e-01     8.9313      6.366      9.233    10.2936 0.0000e+00
      6.509      0.066     0.4171      3.695     48.952  34.556200     0.5801      7.136   -21.7396 1.2377e-01     8.9224      6.385      9.263    10.2939 0.0000e+00
      6.522      0.057     0.4197      3.701     48.950  34.554019     0.5898      7.134   -21.1000 1.2374e-01     8.8614      6.396      9.277    10.2946 0.0000e+00
      6.535      0.047     0.4159      3.686     48.966  34.565462     0.5811      7.131   -20.3889 1.2370e-01     8.7753      6.407      9.294    10.2944 0.0000e+00
      6.548      0.040     0.4132      3.656     48.970  34.567739     0.5658      7.128   -19.8519 1.2371e-01     8.7688      6.425      9.318    10.2937 0.0000e+00
      6.557      0.037     0.4135      3.638     48.989  34.581554     0.5630      7.126   -19.8554 1.2376e-01     8.8177      6.432      9.328    10.2932 0.0000e+00
      6.561      0.035     0.4161      3.627     49.023  34.605679     0.5553      7.124   -20.1735 1.2379e-01     8.8202      6.432      9.328    10.2931 0.0000e+00
      6.568      0.032     0.4145      3.607     49.023  34.605794     0.5401      7.122   -20.0843 1.2380e-01     8.7644      6.438      9.338    10.2928 0.0000e+00
      6.578      0.031     0.4084      3.587     48.990  34.582934     0.5209      7.120   -19.6369 1.2383e-01     8.6901      6.451      9.357    10.2923 0.0000e+00
      6.589      0.030     0.4078      3.579     48.990  34.582934     0.5060      7.118   -19.1523 1.2385e-01     8.6728      6.464      9.375    10.2924 0.0000e+00
      6.597      0.028     0.4072      3.591     49.020  34.605794     0.5095      7.116   -18.8711 1.2385e-01     8.6919      6.471      9.385    10.2926 0.0000e+00
      6.602      0.023     0.4043      3.601     49.019  34.605691     0.5217      7.114   -18.9045 1.2382e-01     8.6469      6.474      9.390    10.2929 0.0000e+00
      6.608      0.019     0.4019      3.601     48.984  34.581689     0.5201      7.113   -18.8683 1.2381e-01     8.5390      6.481      9.399    10.2930 0.0000e+00
      6.613      0.015     0.3998      3.608     48.965  34.569229     0.5069      7.111   -18.6915 1.2384e-01     8.4468      6.487      9.407    10.2935 0.0000e+00
      6.614      0.013     0.4024      3.616     48.983  34.581859     0.5123      7.108   -18.4880 1.2383e-01     8.4549      6.486      9.408    10.2953 0.0000e+00
      6.616      0.012     0.4050      3.621     49.020  34.607578     0.5347      7.106   -18.1280 1.2381e-01     8.5347      6.486      9.407    10.2959 0.0000e+00
      6.620      0.011     0.4023      3.617     49.048  34.626548     0.5447      7.104   -17.6943 1.2379e-01     8.5568      6.492      9.416    10.2960 0.0000e+00
      6.624      0.011     0.4049      3.606     49.041  34.621002     0.5331      7.103   -17.4600 1.2371e-01     8.5174      6.497      9.423    10.2974 0.0000e+00
      6.626      0.010     0.4052      3.615     49.018  34.603927     0.5111      7.102   -17.3597 1.2373e-01     8.6049      6.498      9.424    10.2977 0.0000e+00
      6.629      0.009     0.4059      3.631     49.027  34.610325     0.5120      7.100   -17.0840 1.2384e-01     8.8285      6.501      9.429    10.2968 0.0000e+00
      6.631      0.007     0.4066      3.635     49.062  34.634950     0.5363      7.097   -16.7084 1.2384e-01     8.9667      6.504      9.433    10.2959 0.0000e+00
      6.633      0.006     0.4023      3.635     49.080  34.648029     0.5379      7.095   -16.5173 1.2380e-01     8.9432      6.504      9.434    10.2949 0.0000e+00
      6.633      0.006     0.4047      3.631     49.070  34.641640     0.5144      7.094   -16.3221 1.2383e-01     8.8183      6.505      9.434    10.2946 0.0000e+00
      6.634      0.007     0.4086      3.632     49.041  34.621105     0.5019      7.092   -15.8973 1.2385e-01     8.7202      6.506      9.436    10.2947 0.0000e+00
      6.636      0.008     0.4066      3.650     48.996  34.589978     0.5114      7.090   -15.5110 1.2387e-01     8.7482      6.507      9.438    10.2949 0.0000e+00
      6.638      0.011     0.4079      3.656     48.985  34.582337     0.5302      7.089   -15.2652 1.2388e-01     8.8155      6.509      9.441    10.2952 0.0000e+00
      6.641      0.014     0.4073      3.649     49.000  34.592132     0.5294      7.086   -14.9901 1.2385e-01     8.8157      6.512      9.445    10.2957 0.0000e+00
      6.644      0.018     0.4051      3.661     48.986  34.581579     0.5273      7.085   -14.7658 1.2381e-01     8.7511      6.515      9.450    10.2961 0.0000e+00
      6.648      0.023     0.4103      3.666     48.987  34.581565     0.5540      7.084   -14.6178 1.2380e-01     8.6489      6.519      9.456    10.2965 0.0000e+00
      6.655      0.027     0.4111      3.638     49.002  34.591960     0.5771      7.083   -14.4054 1.2381e-01     8.5702      6.525      9.464    10.2970 0.0000e+00
      6.664      0.030     0.4067      3.617     48.985  34.580441     0.5907      7.080   -14.1774 1.2379e-01     8.5521      6.534      9.478    10.2963 0.0000e+00
      6.673      0.032     0.4107      3.615     48.968  34.569112     0.5937      7.078   -13.9259 1.2371e-01     8.6005      6.544      9.492    10.2950 0.0000e+00
      6.683      0.033     0.4137      3.605     48.985  34.581801     0.5887      7.077   -13.6012 1.2368e-01     8.7105      6.553      9.505    10.2941 0.0000e+00
      6.691      0.033     0.4066      3.588     49.019  34.607051     0.5883      7.075   -13.2637 1.2371e-01     8.7892      6.562      9.518    10.2938 0.0000e+00
      6.698      0.032     0.4043      3.580     49.037  34.620762     0.5811      7.073   -12.9418 1.2374e-01     8.8008      6.568      9.526    10.2948 0.0000e+00
      6.706      0.030     0.4061      3.582     49.035  34.620762     0.5591      7.071   -12.6345 1.2376e-01     8.8856      6.576      9.537    10.2956 0.0000e+00
      6.715      0.027     0.4043      3.590     49.012  34.607057     0.5231      7.070   -12.3876 1.2378e-01     9.0630      6.586      9.551    10.2960 0.0000e+00
      6.723      0.024     0.4015      3.607     48.973  34.581870     0.5107      7.068   -12.1941 1.2376e-01     9.1694      6.593      9.562    10.2970 0.0000e+00
      6.728      0.022     0.4009      3.629     48.954  34.569875     0.5254      7.067   -11.9287 1.2376e-01     9.2159      6.599      9.571    10.2980 0.0000e+00
      6.732      0.020     0.4013      3.636     48.979  34.588845     0.5344      7.066   -11.7605 1.2373e-01     9.2153      6.604      9.577    10.2992 0.0000e+00
      6.735      0.019     0.4019      3.631     49.023  34.621002     0.5292      7.064   -11.7950 1.2369e-01     9.0931      6.606      9.580    10.3016 0.0000e+00
      6.739      0.019     0.4036      3.626     49.052  34.641639     0.5119      7.062   -11.6575 1.2373e-01     8.9691      6.607      9.583    10.3048 0.0000e+00
      6.744      0.020     0.4075      3.622     49.062  34.648142     0.5089      7.061   -11.2156 1.2374e-01     8.9448      6.613      9.590    10.3063 0.0000e+00
      6.751      0.022     0.4081      3.636     49.046  34.636208     0.5262      7.059   -10.7541 1.2374e-01     8.9016      6.621      9.602    10.3069 0.0000e+00
      6.757      0.025     0.4060      3.665     49.027  34.624170     0.5289      7.058   -10.4660 1.2379e-01     8.7884      6.627      9.612    10.3084 0.0000e+00
      6.762      0.029     0.4069      3.675     49.028  34.629416     0.5081      7.057   -10.3136 1.2378e-01     8.7037      6.630      9.616    10.3088 0.0000e+00
      6.768      0.032     0.4049      3.660     49.029  34.636229     0.4919      7.055   -10.1157 1.2372e-01     8.6970      6.635      9.623    10.3077 0.0000e+00
      6.778      0.036     0.4060      3.657     49.033  34.643137     0.4987      7.054    -9.7940 1.2371e-01     8.7410      6.646      9.640    10.3071 0.0000e+00
      6.788      0.037     0.4121      3.675     49.040  34.649534     0.5242      7.052    -9.5212 1.2375e-01     8.7584      6.658      9.656    10.3080 0.0000e+00
      6.798      0.037     0.4133      3.681     49.040  34.650165     0.5344      7.051    -9.3130 1.2374e-01     8.7366      6.665      9.667    10.3133 0.0000e+00
      6.811      0.035     0.4091      3.669     49.038  34.650769     0.5219      7.050    -8.9972 1.2374e-01     8.7503      6.679      9.687    10.3211 0.0000e+00
      6.823      0.030     0.4077      3.644     49.045  34.656843     0.5146      7.049    -8.6282 1.2375e-01     8.7537      6.694      9.709    10.3249 0.0000e+00
      6.828      0.025     0.4129      3.624     49.049  34.660198     0.5377      7.047    -8.3789 1.2374e-01     8.6750      6.696      9.712    10.3252 0.0000e+00
      6.830      0.022     0.4129      3.636     49.004  34.627927     0.5764      7.045    -8.2203 1.2373e-01     8.5501      6.697      9.713    10.3254 0.0000e+00
      6.834      0.021     0.4114      3.660     48.945  34.583697     0.5824      7.044    -8.0873 1.2378e-01     8.4391      6.703      9.722    10.3277 0.0000e+00
      6.837      0.021     0.4088      3.667     48.932  34.569282     0.5692      7.042    -8.0608 1.2385e-01     8.4596      6.706      9.726    10.3294 0.0000e+00
      6.841      0.022     0.4032      3.665     48.956  34.580455     0.5499      7.039    -7.7288 1.2384e-01     8.6274      6.707      9.729    10.3291 0.0000e+00
      6.849      0.023     0.4069      3.672     48.980  34.591961     0.5234      7.037    -6.9116 1.2381e-01     8.7599      6.717      9.742    10.3307 0.0000e+00
      6.859      0.023     0.4109      3.684     48.972  34.581575     0.5156      7.035    -6.4397 1.2382e-01     8.7644      6.729      9.759    10.3285 0.0000e+00
      6.866      0.021     0.4112      3.684     48.977  34.581692     0.5132      7.033    -6.5836 1.2384e-01     8.7497      6.734      9.766    10.3213 0.0000e+00
      6.871      0.018     0.4097      3.675     48.994  34.593377     0.5030      7.033    -6.6727 1.2380e-01     8.8896      6.738      9.771    10.3153 0.0000e+00
      6.875      0.014     0.4111      3.665     48.998  34.596037     0.5091      7.032    -6.5700 1.2377e-01     9.1584      6.742      9.780    10.3103 0.0000e+00
      6.876      0.013     0.4138      3.661     49.027  34.613855     0.5289      7.030    -6.2882 1.2382e-01     9.3004      6.744      9.781    10.3040 0.0000e+00
      6.877      0.013     0.4129      3.657     49.037  34.618580     0.5344      7.029    -5.6743 1.2387e-01     9.2408      6.743      9.779    10.2998 0.0000e+00
      6.880      0.015     0.4123      3.642     48.997  34.589750     0.5244      7.029    -5.1705 1.2385e-01     9.0529      6.746      9.784    10.3014 0.0000e+00
      6.884      0.019     0.4100      3.617     48.988  34.582319     0.5258      7.028    -4.9298 1.2378e-01     8.8393      6.751      9.793    10.3022 0.0000e+00
      6.889      0.024     0.4106      3.602     49.003  34.592142     0.5433      7.026    -4.9143 1.2377e-01     8.7413      6.754      9.796    10.2986 0.0000e+00
      6.895      0.028     0.4104      3.606     48.990  34.581695     0.5443      7.024    -5.0697 1.2387e-01     8.6870      6.760      9.805    10.2959 0.0000e+00
      6.905      0.030     0.4087      3.596     48.992  34.582833     0.5296      7.022    -4.6576 1.2392e-01     8.5592      6.772      9.823    10.2953 0.0000e+00
      6.915      0.031     0.4052      3.577     49.025  34.605899     0.5149      7.022    -3.7165 1.2389e-01     8.4603      6.782      9.837    10.2943 0.0000e+00
      6.922      0.031     0.4018      3.582     49.027  34.606939     0.5078      7.021    -3.0696 1.2387e-01     8.4819      6.788      9.845    10.2932 0.0000e+00
      6.930      0.031     0.4058      3.595     49.012  34.595411     0.5275      7.020    -2.7727 1.2387e-01     8.5120      6.796      9.857    10.2924 0.0000e+00
      6.938      0.032     0.4037      3.585     49.009  34.593332     0.5446      7.019    -2.8808 1.2380e-01     8.4833      6.805      9.871    10.2919 0.0000e+00
      6.944      0.035     0.3993      3.568     48.992  34.581803     0.5400      7.017    -3.1715 1.2370e-01     8.5445      6.810      9.877    10.2917 0.0000e+00
      6.950      0.040     0.4011      3.564     48.993  34.582833     0.5299      7.016    -2.8457 1.2369e-01     8.7063      6.814      9.884    10.2911 0.0000e+00
      6.960      0.043     0.4044      3.567     49.023  34.605787     0.5224      7.015    -2.1256 1.2375e-01     8.7993      6.825      9.899    10.2907 0.0000e+00
      6.975      0.045     0.4024      3.569     49.022  34.605692     0.5330      7.014    -1.6922 1.2377e-01     8.8150      6.840      9.920    10.2907 0.0000e+00
      6.991      0.048     0.3984      3.562     48.988  34.581691     0.5406      7.014    -1.5635 1.2372e-01     8.7937      6.856      9.944    10.2909 0.0000e+00
      7.005      0.052     0.4000      3.558     48.971  34.569226     0.5321      7.014    -1.6011 1.2375e-01     8.7811      6.873      9.969    10.2914 0.0000e+00
      7.014      0.057     0.3994      3.565     48.990  34.581803     0.5296      7.013    -1.5454 1.2380e-01     8.7986      6.880      9.979    10.2930 0.0000e+00
      7.023      0.061     0.4008      3.570     49.026  34.606939     0.5355      7.011    -1.3204 1.2382e-01     8.8006      6.883      9.982    10.2943 0.0000e+00
      7.038      0.062     0.3994      3.567     49.045  34.619508     0.5456      7.009    -0.9448 1.2383e-01     8.8056      6.899     10.006    10.2940 0.0000e+00
      7.061      0.060     0.3975      3.557     49.027  34.606944     0.5595      7.007    -0.2741 1.2383e-01     8.8241      6.924     10.042    10.2931 0.0000e+00
      7.085      0.055     0.4005      3.554     48.992  34.581852     0.5780      7.006     0.3359 1.2373e-01     8.8884      6.950     10.081    10.2924 0.0000e+00
      7.104      0.046     0.3999      3.567     48.974  34.569752     0.5953      7.004     0.6664 1.2360e-01     8.9683      6.972     10.111    10.2915 0.0000e+00
      7.110      0.034     0.4005      3.579     48.998  34.587475     0.5772      7.001     0.5384 1.2365e-01     8.9357      6.976     10.117    10.2911 0.0000e+00
      7.110      0.022     0.3983      3.582     49.023  34.605901     0.5176      6.999     0.1650 1.2376e-01     8.8012      6.971     10.111    10.2910 0.0000e+00
      7.112      0.015     0.3972      3.584     49.015  34.602318     0.4741      6.999     0.3678 1.2371e-01     8.7095      6.974     10.114    10.2911 0.0000e+00
      7.114      0.016     0.4001      3.584     49.018  34.607572     0.4676      6.999     0.9261 1.2366e-01     8.7488      6.978     10.120    10.2913 0.0000e+00
      7.115      0.026     0.4017      3.582     49.013  34.606014     0.4891      6.998     1.4945 1.2372e-01     8.7983      6.976     10.118    10.2915 0.0000e+00
      7.119      0.042     0.4014      3.576     48.979  34.583476     0.5172      6.997     2.1638 1.2372e-01     8.7617      6.978     10.122    10.2929 0.0000e+00
      7.129      0.058     0.4017      3.564     48.987  34.588711     0.5153      6.996     2.1343 1.2370e-01     8.7166      6.988     10.137    10.2956 0.0000e+00
      7.146      0.068     0.4018      3.560     49.014  34.605900     0.5077      6.995     1.3966 1.2369e-01     8.6962      7.003     10.158    10.2980 0.0000e+00
      7.173      0.073     0.4014      3.557     49.009  34.601071     0.5083      6.993     1.2461 1.2369e-01     8.6854      7.032     10.199    10.3003 0.0000e+00
