Data/DataNotYetUploadedToEDI/Raw_CTD/RawDownloads/SBE19plus_01907809_062722_bvr50_0006.cnv
* Sea-Bird SBE19plus  Data File:
* FileName = C:\R\Reservoirs\Data\DataNotYetUploadedToEDI\Raw_CTD\RawDownloads\SBE19plus_01907809_062722_bvr50_0006.hex
* Software version 2.8.0.119
* Temperature SN = 7809
* Conductivity SN = 7809
* System UpLoad Time = Jun 29 2022 15:51:20
* <ApplicationData>
* <Seaterm232>
# nquan = 15
# nvalues = 2043                        
# units = specified
# name 0 = depFM: Depth [fresh water, m]
# name 1 = dz/dtM: Descent Rate [m/s]
# name 2 = sbeox0Mg/L: Oxygen, SBE 43 [mg/l]
# name 3 = sbeox0PS: Oxygen, SBE 43 [% saturation]
# name 4 = specc: Specific Conductance [uS/cm]
# name 5 = c0uS/cm: Conductivity [uS/cm]
# name 6 = flECO-AFL: Fluorescence, WET Labs ECO-AFL/FL [mg/m^3]
# name 7 = ph: pH
# name 8 = orp: Oxidation Reduction Potential [mV]
# name 9 = par/sat/log: PAR/Logarithmic, Satlantic
# name 10 = turbWETntu0: Turbidity, WET Labs ECO [NTU]
# name 11 = prdM: Pressure, Strain Gauge [db]
# name 12 = prdE: Pressure, Strain Gauge [psi]
# name 13 = tv290C: Temperature [ITS-90, deg C]
# name 14 = flag:  0.000e+00
# span 0 =     -0.728,      7.799       
# span 1 =     -0.344,      0.144       
# span 2 =     0.0178,     9.0399       
# span 3 =      0.198,    112.013       
# span 4 =      0.383,    100.214       
# span 5 =   0.407575,  69.546048       
# span 6 =    -0.1502,     5.6733       
# span 7 =      6.769,     10.135       
# span 8 = -1240.7455,   221.8360       
# span 9 = 1.2350e-01, 1.9419e+02       
# span 10 =    -0.3462,    72.6517      
# span 11 =     -0.714,      7.648      
# span 12 =     -1.035,     11.092      
# span 13 =     9.6666,    28.2375      
# span 14 = 0.0000e+00, 0.0000e+00      
# interval = seconds: 0.25
# start_time = Jun 27 2022 07:48:00 [Instrument's time stamp, header]
# bad_flag = -9.990e-29
*END*
[from data line 290]
      0.723      0.010     8.3199    103.201     32.360  33.253333     2.2597     10.065   105.5479 4.4376e+00    23.7392      0.709      1.029    26.3801 0.0000e+00
      0.725      0.007     8.3076    103.366     32.360  33.252188     2.2622     10.065   105.4489 4.4111e+00    23.8203      0.711      1.032    26.3763 0.0000e+00
      0.725      0.005     8.3007    103.565     32.348  33.239602     2.2684     10.065   105.4358 4.4220e+00    23.7753      0.712      1.033    26.3733 0.0000e+00
      0.725      0.004     8.3080    103.682     32.336  33.227961     2.2602     10.065   105.5616 4.4472e+00    23.2289      0.711      1.032    26.3736 0.0000e+00
      0.725      0.004     8.3130    103.726     32.345  33.238241     2.2376     10.064   105.5935 4.4585e+00    22.3379      0.711      1.031    26.3730 0.0000e+00
      0.726      0.006     8.3269    103.792     32.343  33.237088     2.2116     10.064   105.5635 4.4536e+00    21.9177      0.711      1.031    26.3706 0.0000e+00
      0.727      0.010     8.3496    103.924     32.322  33.214024     2.2037     10.064   105.5431 4.4294e+00    21.9743      0.713      1.034    26.3698 0.0000e+00
      0.730      0.015     8.3574    104.109     32.322  33.212985     2.2009     10.067   105.6048 4.3975e+00    22.1339      0.716      1.038    26.3721 0.0000e+00
      0.734      0.021     8.3560    104.262     32.335  33.224523     2.1939     10.072   105.7078 4.3338e+00    22.3447      0.718      1.041    26.3745 0.0000e+00
      0.739      0.027     8.3612    104.282     32.338  33.226715     2.2027     10.076   105.8415 4.2303e+00    22.4735      0.724      1.050    26.3751 0.0000e+00
      0.747      0.032     8.3714    104.162     32.351  33.239490     2.2154     10.077   106.1031 4.1224e+00    22.5982      0.733      1.063    26.3745 0.0000e+00
      0.757      0.037     8.3894    103.981     32.362  33.252179     2.2477     10.077   106.2896 3.9989e+00    23.1687      0.741      1.075    26.3721 0.0000e+00
      0.768      0.037     8.4066    103.826     32.362  33.253331     2.3021     10.077   106.2898 3.8549e+00    24.0437      0.752      1.091    26.3692 0.0000e+00
      0.781      0.032     8.4081    103.724     32.362  33.253425     2.3230     10.077   106.2773 3.7153e+00    24.4318      0.766      1.111    26.3669 0.0000e+00
      0.792      0.026     8.3961    103.657     32.362  33.253321     2.3257     10.077   106.3104 3.6170e+00    24.4117      0.780      1.130    26.3665 0.0000e+00
      0.798      0.018     8.3779    103.632     32.361  33.252074     2.3268     10.077   106.3461 3.5876e+00    23.9712      0.786      1.139    26.3680 0.0000e+00
      0.799      0.012     8.3644    103.656     32.348  33.238346     2.3033     10.078   106.3654 3.5941e+00    23.0342      0.785      1.138    26.3708 0.0000e+00
      0.797      0.007     8.3574    103.685     32.324  33.214140     2.2743     10.080   106.3711 3.6056e+00    22.4423      0.782      1.134    26.3720 0.0000e+00
      0.796      0.005     8.3519    103.714     32.324  33.212995     2.2591     10.081   106.4145 3.6144e+00    22.3487      0.780      1.131    26.3709 0.0000e+00
      0.796      0.006     8.3482    103.745     32.335  33.224512     2.2694     10.081   106.5462 3.6088e+00    22.7906      0.780      1.131    26.3700 0.0000e+00
      0.799      0.009     8.3537    103.747     32.337  33.226590     2.2981     10.080   106.6735 3.5819e+00    23.6860      0.783      1.136    26.3701 0.0000e+00
      0.804      0.010     8.3549    103.699     32.347  33.238117     2.3072     10.080   106.6625 3.5436e+00    24.1905      0.789      1.144    26.3707 0.0000e+00
      0.808      0.010     8.3566    103.611     32.346  33.237077     2.2873     10.079   106.5855 3.5151e+00    24.2451      0.793      1.150    26.3693 0.0000e+00
      0.811      0.009     8.3619    103.567     32.325  33.214024     2.2658     10.079   106.6031 3.4956e+00    24.1073      0.796      1.154    26.3680 0.0000e+00
      0.813      0.009     8.3606    103.597     32.323  33.212986     2.2718     10.081   106.7028 3.4797e+00    23.6857      0.798      1.157    26.3699 0.0000e+00
      0.813      0.010     8.3589    103.647     32.333  33.224522     2.2938     10.084   106.6726 3.4694e+00    23.1786      0.798      1.158    26.3719 0.0000e+00
      0.814      0.013     8.3468    103.683     32.334  33.226714     2.2988     10.087   106.5820 3.4426e+00    22.9296      0.798      1.157    26.3703 0.0000e+00
      0.817      0.018     8.3429    103.728     32.347  33.239489     2.2907     10.089   106.7260 3.3900e+00    22.8942      0.799      1.159    26.3681 0.0000e+00
      0.822      0.023     8.3480    103.808     32.360  33.252177     2.2961     10.089   107.0374 3.3208e+00    23.0581      0.805      1.167    26.3699 0.0000e+00
      0.830      0.026     8.3522    103.877     32.362  33.253322     2.3218     10.088   107.1630 3.2321e+00    23.4764      0.813      1.179    26.3731 0.0000e+00
      0.841      0.026     8.3548    103.890     32.363  33.253322     2.3435     10.086   106.9539 3.1296e+00    23.7853      0.823      1.194    26.3741 0.0000e+00
      0.851      0.024     8.3556    103.828     32.363  33.252179     2.3417     10.085   106.6604 3.0539e+00    23.7873      0.836      1.212    26.3739 0.0000e+00
      0.857      0.020     8.3655    103.731     32.350  33.239499     2.3259     10.086   106.6260 3.0226e+00    23.2952      0.843      1.222    26.3729 0.0000e+00
      0.859      0.018     8.3721    103.692     32.338  33.226819     2.3188     10.087   106.8818 3.0148e+00    22.4803      0.843      1.223    26.3705 0.0000e+00
      0.859      0.016     8.3742    103.690     32.337  33.225667     2.3306     10.087   107.0864 3.0138e+00    22.0991      0.841      1.220    26.3682 0.0000e+00
      0.861      0.016     8.3695    103.657     32.337  33.225572     2.3433     10.088   107.0349 2.9892e+00    22.1363      0.842      1.221    26.3669 0.0000e+00
      0.866      0.017     8.3559    103.662     32.337  33.225667     2.3232     10.088   107.0327 2.9231e+00    22.4170      0.848      1.231    26.3672 0.0000e+00
      0.874      0.018     8.3542    103.795     32.337  33.226819     2.2787     10.088   107.2313 2.8545e+00    22.9659      0.857      1.244    26.3679 0.0000e+00
      0.880      0.018     8.3588    103.997     32.350  33.239498     2.2544     10.088   107.2866 2.8258e+00    23.3077      0.864      1.253    26.3677 0.0000e+00
      0.883      0.017     8.3517    104.105     32.363  33.252168     2.2621     10.087   107.1850 2.8034e+00    23.3389      0.866      1.256    26.3680 0.0000e+00
      0.886      0.016     8.3487    104.065     32.364  33.253208     2.2889     10.087   107.1212 2.7593e+00    23.2745      0.869      1.259    26.3688 0.0000e+00
      0.890      0.015     8.3609    103.976     32.362  33.252065     2.3122     10.087   107.1176 2.7251e+00    23.1431      0.872      1.265    26.3690 0.0000e+00
      0.893      0.016     8.3840    103.885     32.348  33.238346     2.3189     10.087   107.2278 2.7038e+00    23.0829      0.875      1.271    26.3685 0.0000e+00
      0.896      0.019     8.3956    103.783     32.325  33.214139     2.3286     10.088   107.4208 2.6616e+00    23.1265      0.878      1.274    26.3676 0.0000e+00
      0.901      0.023     8.3858    103.643     32.325  33.212985     2.3463     10.089   107.5576 2.5961e+00    23.2611      0.882      1.279    26.3679 0.0000e+00
      0.907      0.026     8.3785    103.435     32.337  33.224399     2.3488     10.089   107.5061 2.5294e+00    23.4468      0.888      1.288    26.3696 0.0000e+00
      0.916      0.027     8.3717    103.230     32.339  33.225334     2.3344     10.088   107.4865 2.4629e+00    23.4929      0.897      1.303    26.3704 0.0000e+00
      0.925      0.027     8.3634    103.152     32.339  33.224284     2.3227     10.087   107.5775 2.3896e+00    23.4760      0.907      1.316    26.3691 0.0000e+00
      0.934      0.025     8.3552    103.184     32.326  33.211706     2.3241     10.084   107.4885 2.3327e+00    23.4825      0.916      1.329    26.3683 0.0000e+00
      0.940      0.020     8.3363    103.224     32.314  33.200065     2.3177     10.081   107.3571 2.3098e+00    23.0580      0.923      1.340    26.3665 0.0000e+00
      0.944      0.017     8.3144    103.289     32.325  33.210335     2.2953     10.081   107.2795 2.3095e+00    22.2378      0.926      1.343    26.3634 0.0000e+00
      0.945      0.016     8.3088    103.376     32.325  33.209068     2.2777     10.081   107.1517 2.3183e+00    21.7981      0.927      1.344    26.3632 0.0000e+00
      0.946      0.018     8.3174    103.366     32.302  33.184746     2.2709     10.084   107.1882 2.3080e+00    21.8409      0.927      1.344    26.3648 0.0000e+00
      0.949      0.023     8.3178    103.242     32.288  33.169874     2.2966     10.085   107.3780 2.2737e+00    22.1405      0.929      1.348    26.3657 0.0000e+00
      0.955      0.028     8.3212    103.123     32.277  33.156049     2.3388     10.086   107.4677 2.2208e+00    22.4829      0.934      1.355    26.3647 0.0000e+00
      0.965      0.032     8.3361    103.117     32.271  33.144399     2.3491     10.087   107.5842 2.1422e+00    22.5648      0.945      1.371    26.3617 0.0000e+00
      0.978      0.034     8.3354    103.258     32.287  33.155803     2.3375     10.088   107.7539 2.0640e+00    22.5505      0.959      1.391    26.3597 0.0000e+00
      0.989      0.034     8.3200    103.473     32.301  33.167120     2.3311     10.090   107.7124 2.0081e+00    22.8225      0.972      1.410    26.3608 0.0000e+00
      0.997      0.033     8.3082    103.623     32.290  33.154426     2.3383     10.095   107.5990 1.9738e+00    23.3254      0.979      1.420    26.3580 0.0000e+00
      1.002      0.033     8.3080    103.693     32.266  33.129121     2.3417     10.099   107.5874 1.9397e+00    23.5758      0.981      1.423    26.3468 0.0000e+00
      1.007      0.033     8.3223    103.738     32.254  33.114761     2.3310     10.102   107.6581 1.8844e+00    23.5258      0.987      1.431    26.3377 0.0000e+00
      1.016      0.034     8.3468    103.712     32.250  33.107604     2.3168     10.104   107.7655 1.8195e+00    23.3363      0.995      1.443    26.3343 0.0000e+00
      1.027      0.035     8.3595    103.602     32.190  33.042589     2.3028     10.107   107.8532 1.7614e+00    23.0613      1.006      1.459    26.3324 0.0000e+00
      1.038      0.035     8.3599    103.467     31.934  32.772470     2.2872     10.107   108.1167 1.7216e+00    22.8995      1.019      1.478    26.3315 0.0000e+00
      1.048      0.033     8.3684    103.310     31.512  32.314220     2.2695     10.104   108.4560 1.6836e+00    22.8145      1.029      1.492    26.3302 0.0000e+00
      1.056      0.030     8.3676    103.120     31.152  31.876487     2.2552     10.100   108.6004 1.6396e+00    22.6147      1.036      1.502    26.3243 0.0000e+00
      1.063      0.026     8.3555    102.861     30.807  31.410499     2.2473     10.098   108.5723 1.6072e+00    22.3627      1.042      1.511    26.3180 0.0000e+00
      1.068      0.023     8.3473    102.424     30.527  30.990796     2.2400     10.098   108.4599 1.5899e+00    22.2272      1.048      1.520    26.3130 0.0000e+00
      1.073      0.021     8.3368    101.594     30.575  30.922431     2.2336     10.099   108.4456 1.5789e+00    22.1708      1.052      1.526    26.2939 0.0000e+00
      1.078      0.020     8.3393    100.184     30.795  31.090892     2.2283     10.101   108.5716 1.5613e+00    22.1255      1.056      1.532    26.1833 0.0000e+00
      1.083      0.020     8.3513     98.245     31.009  31.315901     2.2351     10.102   108.6939 1.5382e+00    22.0204      1.062      1.540    25.9823 0.0000e+00
      1.088      0.020     8.3575     95.973     31.189  31.550935     2.2652     10.104   108.7195 1.5161e+00    21.8567      1.067      1.548    25.7487 0.0000e+00
      1.093      0.020     8.3347     93.737     31.147  31.587083     2.2845     10.105   108.7090 1.4976e+00    21.7518      1.072      1.555    25.5154 0.0000e+00
      1.098      0.020     8.2263     91.982     30.870  31.372708     2.2764     10.106   108.7379 1.4787e+00    21.6742      1.076      1.561    25.4346 0.0000e+00
      1.103      0.021     8.0580     90.916     30.472  30.987745     2.2669     10.107   108.7248 1.4582e+00    21.6022      1.081      1.568    25.4703 0.0000e+00
      1.108      0.021     7.8512     90.575     29.945  30.419305     2.2705     10.108   108.6363 1.4373e+00    21.5980      1.085      1.575    25.5484 0.0000e+00
      1.114      0.021     7.6270     90.816     29.389  29.761395     2.2782     10.110   108.6148 1.4100e+00    21.6584      1.091      1.583    25.7110 0.0000e+00
      1.120      0.021     7.4637     91.203     28.962  29.181933     2.2849     10.113   108.7236 1.3820e+00    21.7171      1.098      1.593    25.8436 0.0000e+00
      1.125      0.020     7.3726     91.212     28.799  28.864437     2.2851     10.116   108.8334 1.3626e+00    21.7611      1.105      1.602    25.8640 0.0000e+00
      1.130      0.019     7.3519     90.454     28.829  28.774868     2.2798     10.118   108.9098 1.3432e+00    21.8492      1.109      1.608    25.8228 0.0000e+00
      1.134      0.017     7.4073     88.678     28.805  28.669279     2.2790     10.119   109.0444 1.3216e+00    21.9286      1.112      1.613    25.6686 0.0000e+00
      1.138      0.015     7.4969     85.964     28.739  28.538475     2.2764     10.120   109.2559 1.3051e+00    21.9007      1.116      1.618    25.3707 0.0000e+00
      1.142      0.014     7.5463     82.789     28.729  28.460990     2.2734     10.119   109.4028 1.2860e+00    21.6146      1.121      1.624    25.0842 0.0000e+00
      1.146      0.013     7.5221     79.628     28.766  28.429579     2.2678     10.119   109.4440 1.2654e+00    21.1332      1.124      1.630    24.8735 0.0000e+00
      1.149      0.013     7.3930     76.766     28.812  28.412133     2.2667     10.119   109.4955 1.2565e+00    20.8972      1.127      1.634    24.7468 0.0000e+00
      1.151      0.013     7.1594     74.356     28.832  28.376732     2.2849     10.119   109.5093 1.2557e+00    20.9472      1.129      1.637    24.6548 0.0000e+00
      1.154      0.012     6.8990     72.501     28.871  28.381794     2.2882     10.118   109.5250 1.2472e+00    20.9855      1.131      1.641    24.5249 0.0000e+00
      1.157      0.009     6.6425     71.276     28.955  28.473279     2.2657     10.115   109.6851 1.2270e+00    20.9844      1.134      1.646    24.4049 0.0000e+00
      1.161      0.006     6.4117     70.616     29.025  28.595468     2.2533     10.112   109.8104 1.2100e+00    21.0366      1.139      1.652    24.2980 0.0000e+00
      1.164      0.001     6.2208     70.363     29.019  28.654886     2.2555     10.110   109.7494 1.2044e+00    21.1050      1.142      1.657    24.1930 0.0000e+00
      1.164     -0.003     6.0681     70.411     28.875  28.557914     2.2666     10.110   109.7214 1.2092e+00    21.1278      1.143      1.657    24.1209 0.0000e+00
      1.161     -0.004     5.9685     70.737     28.620  28.310491     2.2544     10.111   109.9024 1.2281e+00    20.7321      1.139      1.652    24.1255 0.0000e+00
      1.156     -0.003     5.9046     71.291     28.365  28.008649     2.2163     10.114   110.1308 1.2481e+00    19.9414      1.133      1.644    24.2503 0.0000e+00
      1.151      0.001     5.8728     71.888     28.219  27.760684     2.2061     10.117   110.1608 1.2509e+00    19.5612      1.127      1.635    24.3819 0.0000e+00
      1.151      0.007     5.8669     72.256     28.245  27.657489     2.2219     10.122   110.1793 1.2366e+00    19.6530      1.126      1.635    24.4674 0.0000e+00
