Data/DataNotYetUploadedToEDI/Raw_CTD/RawDownloads/SBE19plus_01908188_062722_fcr50_0003.cnv
* Sea-Bird SBE19plus  Data File:
* FileName = C:\R\Reservoirs\Data\DataNotYetUploadedToEDI\Raw_CTD\RawDownloads\SBE19plus_01908188_062722_fcr50_0003.hex
* Software version 2.8.0.119
* Temperature SN = 8188
* Conductivity SN = 8188
* System UpLoad Time = Jun 29 2022 16:04:39
* <ApplicationData>
* <Seaterm232>
# nquan = 13
# nvalues = 1593                        
# units = specified
# name 0 = depFM: Depth [fresh water, m]
# name 1 = dz/dtM: Descent Rate [m/s]
# name 2 = sbeox0Mg/L: Oxygen, SBE 43 [mg/l]
# name 3 = sbeox0PS: Oxygen, SBE 43 [% saturation]
# name 4 = specc: Specific Conductance [uS/cm]
# name 5 = c0uS/cm: Conductivity [uS/cm]
# name 6 = flECO-AFL: Fluorescence, WET Labs ECO-AFL/FL [mg/m^3]
# name 7 = par/sat/log: PAR/Logarithmic, Satlantic
# name 8 = turbWETntu0: Turbidity, WET Labs ECO [NTU]
# name 9 = prdM: Pressure, Strain Gauge [db]
# name 10 = prdE: Pressure, Strain Gauge [psi]
# name 11 = tv290C: Temperature [ITS-90, deg C]
# name 12 = flag:  0.000e+00
# span 0 =     -0.670,      9.543       
# span 1 =     -0.237,      0.212       
# span 2 =    -0.7445,    13.7868       
# span 3 =     -7.570,    164.293       
# span 4 =  -1552.769,    373.328       
# span 5 = -1.113e+03, 267.751339       
# span 6 =    -0.0076,     6.6580       
# span 7 = 1.1599e-01, 5.9533e+02       
# span 8 =     0.2728,     9.8126       
# span 9 =     -0.658,      9.358       
# span 10 =     -0.954,     13.573      
# span 11 =    10.2822,    25.9159      
# span 12 = 0.0000e+00, 0.0000e+00      
# interval = seconds: 0.25
# start_time = Jun 27 2022 12:00:56 [Instrument's time stamp, header]
# bad_flag = -9.990e-29
*END*
[from data line 1112]
      7.671     -0.112     0.4420      4.008     49.315  34.851169     0.9518 1.1602e-01     8.5043      7.522     10.908    10.3296 0.0000e+00
      7.636     -0.110     0.4441      4.005     49.322  34.853458     0.9619 1.1603e-01     8.4556      7.487     10.859    10.3271 0.0000e+00
      7.605     -0.103     0.4465      4.009     49.370  34.882931     0.9791 1.1607e-01     8.3670      7.456     10.814    10.3286 0.0000e+00
      7.580     -0.091     0.4498      4.008     49.356  34.869927     0.9872 1.1608e-01     8.3188      7.431     10.776    10.3327 0.0000e+00
      7.564     -0.077     0.4489      3.991     49.306  34.831267     0.9863 1.1611e-01     8.3154      7.417     10.757    10.3341 0.0000e+00
      7.550     -0.066     0.4479      3.978     49.293  34.820600     0.9818 1.1616e-01     8.3259      7.406     10.741    10.3298 0.0000e+00
      7.533     -0.060     0.4489      3.976     49.277  34.808470     0.9762 1.1618e-01     8.3458      7.386     10.713    10.3251 0.0000e+00
      7.517     -0.060     0.4505      3.986     49.293  34.819640     0.9737 1.1615e-01     8.3571      7.370     10.689    10.3220 0.0000e+00
      7.506     -0.063     0.4463      4.016     49.389  34.888130     0.9713 1.1614e-01     8.3623      7.362     10.677    10.3189 0.0000e+00
      7.493     -0.064     0.4449      4.042     49.493  34.961395     0.9515 1.1616e-01     8.4078      7.351     10.662    10.3169 0.0000e+00
      7.474     -0.065     0.4457      4.060     49.494  34.962770     0.9156 1.1621e-01     8.4907      7.332     10.634    10.3165 0.0000e+00
      7.451     -0.069     0.4446      4.082     49.412  34.904763     0.8957 1.1624e-01     8.5355      7.306     10.595    10.3166 0.0000e+00
      7.432     -0.076     0.4507      4.087     49.359  34.867707     0.8933 1.1620e-01     8.5337      7.286     10.566    10.3166 0.0000e+00
      7.419     -0.082     0.4536      4.075     49.336  34.852318     0.9024 1.1616e-01     8.4713      7.278     10.554    10.3169 0.0000e+00
      7.403     -0.085     0.4535      4.071     49.336  34.853733     0.9234 1.1615e-01     8.3573      7.264     10.536    10.3174 0.0000e+00
      7.378     -0.083     0.4585      4.063     49.377  34.884828     0.9362 1.1612e-01     8.2954      7.236     10.496    10.3177 0.0000e+00
      7.347     -0.078     0.4592      4.048     49.386  34.890685     0.9366 1.1607e-01     8.2899      7.204     10.448    10.3181 0.0000e+00
      7.319     -0.074     0.4548      4.048     49.340  34.857036     0.9337 1.1604e-01     8.2907      7.173     10.404    10.3187 0.0000e+00
      7.301     -0.073     0.4569      4.066     49.282  34.815573     0.9306 1.1606e-01     8.2932      7.154     10.377    10.3203 0.0000e+00
      7.295     -0.077     0.4556      4.084     49.251  34.794468     0.9291 1.1609e-01     8.2942      7.154     10.376    10.3232 0.0000e+00
      7.290     -0.086     0.4526      4.079     49.262  34.804412     0.9295 1.1611e-01     8.2894      7.154     10.377    10.3230 0.0000e+00
      7.271     -0.098     0.4523      4.053     49.253  34.800776     0.9410 1.1613e-01     8.2343      7.136     10.351    10.3203 0.0000e+00
      7.236     -0.112     0.4556      4.049     49.179  34.750508     0.9621 1.1614e-01     8.1331      7.099     10.296    10.3196 0.0000e+00
      7.193     -0.123     0.4585      4.072     49.158  34.736771     0.9730 1.1610e-01     8.0775      7.053     10.229    10.3206 0.0000e+00
      7.153     -0.128     0.4585      4.080     49.205  34.769722     0.9736 1.1606e-01     8.0709      7.009     10.166    10.3228 0.0000e+00
      7.121     -0.125     0.4529      4.079     49.169  34.743808     0.9790 1.1615e-01     8.0579      6.981     10.125    10.3261 0.0000e+00
      7.095     -0.112     0.4508      4.087     49.100  34.693528     0.9897 1.1629e-01     8.0349      6.959     10.093    10.3288 0.0000e+00
      7.068     -0.092     0.4587      4.119     49.116  34.701938     0.9954 1.1626e-01     8.0222      6.932     10.054    10.3295 0.0000e+00
      7.041     -0.071     0.4562      4.158     49.135  34.710443     0.9938 1.1616e-01     8.0226      6.903     10.012    10.3291 0.0000e+00
      7.019     -0.055     0.4572      4.180     49.072  34.661321     0.9751 1.1615e-01     8.0432      6.879      9.977    10.3284 0.0000e+00
      7.009     -0.048     0.4559      4.196     49.058  34.648149     0.9418 1.1616e-01     8.0810      6.869      9.962    10.3277 0.0000e+00
      7.013     -0.049     0.4608      4.199     49.113  34.686214     0.9246 1.1616e-01     8.1012      6.877      9.974    10.3251 0.0000e+00
      7.017     -0.057     0.4678      4.189     49.153  34.716450     0.9235 1.1613e-01     8.1026      6.888      9.991    10.3187 0.0000e+00
      7.005     -0.067     0.4673      4.186     49.186  34.743657     0.9240 1.1611e-01     8.0993      6.879      9.977    10.3137 0.0000e+00
      6.973     -0.082     0.4714      4.195     49.185  34.745103     0.9321 1.1610e-01     8.0597      6.842      9.923    10.3110 0.0000e+00
      6.934     -0.097     0.4708      4.201     49.168  34.733948     0.9476 1.1614e-01     7.9871      6.794      9.853    10.3088 0.0000e+00
      6.906     -0.105     0.4692      4.209     49.182  34.743823     0.9569 1.1617e-01     7.9481      6.768      9.817    10.3115 0.0000e+00
      6.887     -0.101     0.4677      4.214     49.162  34.729461     0.9595 1.1617e-01     7.9491      6.758      9.802    10.3171 0.0000e+00
      6.863     -0.089     0.4711      4.219     49.114  34.695338     0.9706 1.1616e-01     7.9966      6.732      9.764    10.3194 0.0000e+00
      6.834     -0.076     0.4697      4.232     49.174  34.736353     0.9907 1.1615e-01     8.0841      6.699      9.715    10.3195 0.0000e+00
      6.813     -0.068     0.4721      4.225     49.295  34.820256     1.0009 1.1615e-01     8.1312      6.677      9.685    10.3196 0.0000e+00
      6.801     -0.063     0.4724      4.199     49.314  34.832068     1.0003 1.1617e-01     8.1317      6.667      9.671    10.3190 0.0000e+00
      6.794     -0.058     0.4710      4.170     49.286  34.811643     0.9936 1.1620e-01     8.0944      6.664      9.665    10.3191 0.0000e+00
      6.783     -0.056     0.4759      4.155     49.332  34.843371     0.9804 1.1616e-01     8.0256      6.656      9.653    10.3183 0.0000e+00
      6.767     -0.056     0.4739      4.146     49.382  34.878097     0.9736 1.1615e-01     7.9882      6.635      9.623    10.3155 0.0000e+00
      6.749     -0.056     0.4707      4.141     49.406  34.893917     0.9746 1.1622e-01     7.9830      6.618      9.599    10.3141 0.0000e+00
      6.731     -0.055     0.4662      4.146     49.417  34.899621     0.9765 1.1616e-01     7.9605      6.603      9.577    10.3135 0.0000e+00
      6.713     -0.052     0.4653      4.161     49.391  34.879541     0.9791 1.1603e-01     7.9197      6.580      9.543    10.3123 0.0000e+00
      6.703     -0.047     0.4647      4.179     49.356  34.853681     0.9818 1.1603e-01     7.8974      6.570      9.528    10.3128 0.0000e+00
      6.698     -0.043     0.4633      4.185     49.361  34.857035     0.9817 1.1610e-01     7.8967      6.572      9.532    10.3120 0.0000e+00
      6.689     -0.040     0.4640      4.176     49.451  34.920095     0.9730 1.1612e-01     7.9172      6.562      9.517    10.3088 0.0000e+00
      6.676     -0.039     0.4661      4.176     49.576  35.008465     0.9588 1.1610e-01     7.9562      6.544      9.491    10.3066 0.0000e+00
      6.665     -0.040     0.4686      4.187     49.631  35.047763     0.9511 1.1612e-01     7.9776      6.534      9.477    10.3063 0.0000e+00
      6.656     -0.044     0.4701      4.189     49.548  34.990130     0.9507 1.1614e-01     7.9798      6.528      9.468    10.3060 0.0000e+00
      6.646     -0.049     0.4673      4.179     49.444  34.919292     0.9549 1.1614e-01     7.9837      6.517      9.453    10.3047 0.0000e+00
      6.636     -0.053     0.4671      4.178     49.459  34.933984     0.9616 1.1613e-01     7.9905      6.509      9.440    10.3046 0.0000e+00
      6.623     -0.057     0.4698      4.188     49.499  34.965222     0.9644 1.1613e-01     7.9939      6.499      9.426    10.3060 0.0000e+00
      6.602     -0.061     0.4702      4.201     49.489  34.959388     0.9651 1.1615e-01     7.9909      6.475      9.391    10.3065 0.0000e+00
      6.581     -0.063     0.4675      4.212     49.544  34.998489     0.9706 1.1613e-01     7.9555      6.449      9.353    10.3081 0.0000e+00
      6.567     -0.066     0.4675      4.197     49.593  35.032876     0.9781 1.1612e-01     7.8903      6.440      9.341    10.3145 0.0000e+00
      6.554     -0.070     0.4696      4.176     49.504  34.970042     0.9806 1.1615e-01     7.8546      6.431      9.328    10.3182 0.0000e+00
      6.537     -0.075     0.4696      4.172     49.423  34.913952     0.9802 1.1616e-01     7.8517      6.409      9.297    10.3170 0.0000e+00
      6.520     -0.080     0.4740      4.171     49.393  34.894852     0.9849 1.1615e-01     7.8560      6.393      9.273    10.3177 0.0000e+00
      6.500     -0.086     0.4705      4.159     49.362  34.874157     0.9950 1.1613e-01     7.8647      6.380      9.253    10.3182 0.0000e+00
      6.471     -0.091     0.4661      4.138     49.350  34.866283     1.0016 1.1615e-01     7.8697      6.348      9.206    10.3173 0.0000e+00
      6.440     -0.096     0.4677      4.120     49.350  34.867172     1.0026 1.1612e-01     7.8685      6.310      9.153    10.3180 0.0000e+00
      6.419     -0.100     0.4677      4.125     49.371  34.884909     1.0037 1.1610e-01     7.8477      6.293      9.128    10.3211 0.0000e+00
      6.400     -0.099     0.4661      4.139     49.454  34.945702     1.0062 1.1614e-01     7.8091      6.282      9.111    10.3226 0.0000e+00
      6.373     -0.093     0.4638      4.148     49.522  34.994547     1.0079 1.1614e-01     7.7882      6.252      9.068    10.3220 0.0000e+00
      6.340     -0.086     0.4600      4.170     49.534  35.002858     1.0087 1.1616e-01     7.7910      6.214      9.012    10.3234 0.0000e+00
      6.315     -0.079     0.4616      4.198     49.597  35.046195     1.0072 1.1624e-01     7.8445      6.188      8.975    10.3268 0.0000e+00
      6.300     -0.069     0.4648      4.216     49.694  35.113416     1.0029 1.1627e-01     7.9427      6.179      8.962    10.3303 0.0000e+00
      6.287     -0.058     0.4629      4.219     49.734  35.140427     1.0008 1.1618e-01     7.9964      6.166      8.944    10.3306 0.0000e+00
      6.274     -0.050     0.4671      4.208     49.682  35.102707     1.0013 1.1610e-01     8.0019      6.149      8.919    10.3292 0.0000e+00
      6.265     -0.046     0.4708      4.198     49.627  35.062458     1.0098 1.1614e-01     8.0062      6.144      8.912    10.3291 0.0000e+00
      6.256     -0.044     0.4727      4.193     49.624  35.058891     1.0266 1.1618e-01     8.0144      6.138      8.902    10.3273 0.0000e+00
      6.244     -0.043     0.4735      4.167     49.628  35.059573     1.0361 1.1618e-01     8.0202      6.123      8.881    10.3252 0.0000e+00
      6.230     -0.042     0.4712      4.124     49.647  35.070710     1.0360 1.1615e-01     8.0271      6.110      8.862    10.3252 0.0000e+00
      6.219     -0.044     0.4693      4.095     49.632  35.058511     1.0291 1.1611e-01     8.0939      6.098      8.844    10.3243 0.0000e+00
      6.210     -0.047     0.4712      4.095     49.616  35.047108     1.0176 1.1611e-01     8.2164      6.089      8.831    10.3217 0.0000e+00
      6.201     -0.048     0.4679      4.119     49.646  35.067878     1.0113 1.1614e-01     8.2829      6.083      8.823    10.3193 0.0000e+00
      6.189     -0.047     0.4608      4.136     49.606  35.039564     1.0093 1.1616e-01     8.2840      6.072      8.806    10.3173 0.0000e+00
      6.172     -0.046     0.4580      4.134     49.516  34.974835     1.0018 1.1615e-01     8.2279      6.053      8.779    10.3154 0.0000e+00
      6.157     -0.046     0.4570      4.137     49.497  34.960435     0.9894 1.1618e-01     8.1242      6.035      8.754    10.3150 0.0000e+00
      6.146     -0.046     0.4623      4.160     49.556  35.000500     0.9823 1.1625e-01     8.0679      6.026      8.740    10.3160 0.0000e+00
      6.139     -0.047     0.4643      4.180     49.633  35.054140     0.9811 1.1629e-01     8.0630      6.022      8.733    10.3159 0.0000e+00
      6.131     -0.048     0.4631      4.181     49.654  35.068837     0.9827 1.1627e-01     8.0671      6.015      8.723    10.3143 0.0000e+00
      6.118     -0.052     0.4618      4.185     49.617  35.043157     0.9860 1.1621e-01     8.0762      6.002      8.706    10.3125 0.0000e+00
      6.102     -0.058     0.4666      4.202     49.575  35.013736     0.9888 1.1613e-01     8.0811      5.986      8.682    10.3108 0.0000e+00
      6.084     -0.068     0.4698      4.213     49.529  34.983186     0.9911 1.1609e-01     8.0780      5.965      8.652    10.3104 0.0000e+00
      6.068     -0.076     0.4679      4.217     49.468  34.943853     1.0012 1.1609e-01     8.0355      5.949      8.629    10.3113 0.0000e+00
      6.052     -0.083     0.4678      4.212     49.365  34.875764     1.0201 1.1608e-01     7.9569      5.938      8.613    10.3117 0.0000e+00
      6.029     -0.089     0.4713      4.194     49.302  34.835115     1.0306 1.1610e-01     7.9143      5.915      8.579    10.3107 0.0000e+00
      6.001     -0.094     0.4726      4.191     49.330  34.857492     1.0297 1.1615e-01     7.9114      5.883      8.533    10.3123 0.0000e+00
      5.974     -0.096     0.4720      4.207     49.353  34.876252     1.0278 1.1611e-01     7.9213      5.859      8.498    10.3172 0.0000e+00
      5.949     -0.094     0.4737      4.231     49.327  34.859382     1.0268 1.1604e-01     7.9403      5.835      8.464    10.3225 0.0000e+00
      5.922     -0.090     0.4679      4.250     49.321  34.856079     1.0256 1.1608e-01     7.9508      5.805      8.421    10.3263 0.0000e+00
      5.900     -0.087     0.4688      4.263     49.388  34.903829     1.0249 1.1616e-01     7.9540      5.783      8.387    10.3285 0.0000e+00
      5.883     -0.087     0.4709      4.272     49.473  34.964097     1.0314 1.1616e-01     7.9840      5.771      8.369    10.3309 0.0000e+00
      5.865     -0.086     0.4739      4.270     49.490  34.977106     1.0440 1.1608e-01     8.0399      5.754      8.345    10.3326 0.0000e+00
      5.843     -0.084     0.4767      4.267     49.418  34.926088     1.0505 1.1608e-01     8.0707      5.732      8.313    10.3337 0.0000e+00
      5.816     -0.082     0.4765      4.267     49.363  34.887397     1.0491 1.1636e-01     8.0726      5.704      8.273    10.3338 0.0000e+00
      5.791     -0.078     0.4800      4.262     49.405  34.914406     1.0461 1.1854e-01     8.0634      5.675      8.232    10.3339 0.0000e+00
      5.771     -0.072     0.4774      4.251     49.507  34.982574     1.0438 1.2073e-01     8.0462      5.659      8.207    10.3360 0.0000e+00
      5.756     -0.064     0.4778      4.255     49.587  35.036420     1.0432 1.2175e-01     8.0366      5.645      8.187    10.3353 0.0000e+00
      5.743     -0.055     0.4780      4.265     49.576  35.025295     1.0439 1.2347e-01     8.0366      5.631      8.167    10.3358 0.0000e+00
      5.731     -0.049     0.4781      4.256     49.521  34.983100     1.0431 1.2505e-01     8.0439      5.622      8.153    10.3334 0.0000e+00
      5.719     -0.045     0.4754      4.258     49.452  34.931363     1.0392 1.2466e-01     8.0570      5.608      8.134    10.3275 0.0000e+00
      5.708     -0.043     0.4751      4.273     49.371  34.872370     1.0357 1.2074e-01     8.0642      5.597      8.118    10.3268 0.0000e+00
      5.698     -0.043     0.4802      4.273     49.379  34.877481     1.0349 1.2206e-01     8.0645      5.589      8.107    10.3231 0.0000e+00
