Data/DataNotYetUploadedToEDI/Raw_CTD/RawDownloads/SBE19plus_01908188_062722_fcr50_0003.cnv
* Sea-Bird SBE19plus  Data File:
* FileName = C:\R\Reservoirs\Data\DataNotYetUploadedToEDI\Raw_CTD\RawDownloads\SBE19plus_01908188_062722_fcr50_0003.hex
* Software version 2.8.0.119
* Temperature SN = 8188
* Conductivity SN = 8188
* System UpLoad Time = Jun 29 2022 16:04:39
* <ApplicationData>
* <Seaterm232>
# nquan = 13
# nvalues = 1593                        
# units = specified
# name 0 = depFM: Depth [fresh water, m]
# name 1 = dz/dtM: Descent Rate [m/s]
# name 2 = sbeox0Mg/L: Oxygen, SBE 43 [mg/l]
# name 3 = sbeox0PS: Oxygen, SBE 43 [% saturation]
# name 4 = specc: Specific Conductance [uS/cm]
# name 5 = c0uS/cm: Conductivity [uS/cm]
# name 6 = flECO-AFL: Fluorescence, WET Labs ECO-AFL/FL [mg/m^3]
# name 7 = par/sat/log: PAR/Logarithmic, Satlantic
# name 8 = turbWETntu0: Turbidity, WET Labs ECO [NTU]
# name 9 = prdM: Pressure, Strain Gauge [db]
# name 10 = prdE: Pressure, Strain Gauge [psi]
# name 11 = tv290C: Temperature [ITS-90, deg C]
# name 12 = flag:  0.000e+00
# span 0 =     -0.670,      9.543       
# span 1 =     -0.237,      0.212       
# span 2 =    -0.7445,    13.7868       
# span 3 =     -7.570,    164.293       
# span 4 =  -1552.769,    373.328       
# span 5 = -1.113e+03, 267.751339       
# span 6 =    -0.0076,     6.6580       
# span 7 = 1.1599e-01, 5.9533e+02       
# span 8 =     0.2728,     9.8126       
# span 9 =     -0.658,      9.358       
# span 10 =     -0.954,     13.573      
# span 11 =    10.2822,    25.9159      
# span 12 = 0.0000e+00, 0.0000e+00      
# interval = seconds: 0.25
# start_time = Jun 27 2022 12:00:56 [Instrument's time stamp, header]
# bad_flag = -9.990e-29
*END*
[from data line 778]
      7.481      0.024     0.5208      4.571     49.060  34.627264     1.0886 1.1622e-01     8.1123      7.339     10.644    10.2882 0.0000e+00
      7.481      0.020     0.5166      4.575     49.060  34.627164     1.0861 1.1623e-01     8.2521      7.336     10.638    10.2881 0.0000e+00
      7.486      0.016     0.5104      4.565     49.053  34.622516     1.0821 1.1614e-01     8.5083      7.339     10.644    10.2882 0.0000e+00
      7.493      0.015     0.5110      4.538     48.980  34.571071     1.0801 1.1608e-01     8.6484      7.350     10.660    10.2881 0.0000e+00
      7.498      0.017     0.5132      4.539     48.943  34.545282     1.0811 1.1612e-01     8.6609      7.356     10.669    10.2880 0.0000e+00
      7.499      0.020     0.5124      4.569     48.994  34.580780     1.0877 1.1617e-01     8.6629      7.353     10.665    10.2881 0.0000e+00
      7.502      0.022     0.5141      4.566     49.014  34.595167     1.0981 1.1614e-01     8.6652      7.354     10.666    10.2883 0.0000e+00
      7.508      0.023     0.5067      4.543     48.999  34.584198     1.1034 1.1610e-01     8.6658      7.363     10.679    10.2889 0.0000e+00
      7.517      0.026     0.5063      4.524     48.998  34.583191     1.1034 1.1611e-01     8.6566      7.371     10.692    10.2893 0.0000e+00
      7.526      0.030     0.5154      4.495     48.998  34.582998     1.0943 1.1614e-01     8.5510      7.381     10.704    10.2889 0.0000e+00
      7.533      0.032     0.5124      4.474     48.996  34.581863     1.0766 1.1610e-01     8.3575      7.389     10.715    10.2884 0.0000e+00
      7.540      0.032     0.5083      4.471     48.978  34.569467     1.0664 1.1608e-01     8.2516      7.394     10.724    10.2881 0.0000e+00
      7.547      0.031     0.5084      4.458     48.976  34.568148     1.0653 1.1612e-01     8.2343      7.400     10.733    10.2877 0.0000e+00
      7.556      0.031     0.5037      4.455     48.973  34.565918     1.0666 1.1615e-01     8.1468      7.410     10.747    10.2875 0.0000e+00
      7.566      0.030     0.4993      4.488     48.940  34.542502     1.0678 1.1616e-01     7.9877      7.421     10.763    10.2875 0.0000e+00
      7.574      0.028     0.5029      4.532     48.958  34.555101     1.0671 1.1613e-01     7.9010      7.428     10.773    10.2877 0.0000e+00
      7.580      0.024     0.4994      4.557     48.998  34.583213     1.0663 1.1613e-01     7.8954      7.433     10.781    10.2882 0.0000e+00
      7.587      0.020     0.4970      4.559     49.039  34.612330     1.0684 1.1613e-01     7.9197      7.441     10.792    10.2884 0.0000e+00
      7.592      0.015     0.5029      4.554     49.074  34.637085     1.0717 1.1612e-01     7.9653      7.447     10.801    10.2884 0.0000e+00
      7.593      0.011     0.5090      4.543     49.039  34.612451     1.0732 1.1615e-01     7.9902      7.446     10.800    10.2882 0.0000e+00
      7.595      0.008     0.5121      4.537     48.999  34.584561     1.0737 1.1616e-01     7.9897      7.448     10.801    10.2881 0.0000e+00
      7.597      0.007     0.5107      4.543     48.978  34.569931     1.0731 1.1611e-01     7.9614      7.451     10.806    10.2882 0.0000e+00
      7.598      0.007     0.5114      4.556     48.979  34.570604     1.0726 1.1608e-01     7.9092      7.451     10.807    10.2882 0.0000e+00
      7.598      0.011     0.5089      4.565     49.010  34.592692     1.0737 1.1610e-01     7.8822      7.450     10.805    10.2883 0.0000e+00
      7.600      0.019     0.5079      4.586     48.973  34.566922     1.0734 1.1613e-01     7.8988      7.452     10.809    10.2885 0.0000e+00
      7.603      0.029     0.5089      4.621     48.920  34.529098     1.0684 1.1618e-01     8.1118      7.456     10.815    10.2887 0.0000e+00
      7.608      0.036     0.5112      4.619     48.936  34.540469     1.0609 1.1621e-01     8.5024      7.459     10.818    10.2889 0.0000e+00
      7.621      0.040     0.5116      4.582     48.976  34.569364     1.0584 1.1617e-01     8.7139      7.469     10.833    10.2890 0.0000e+00
      7.642      0.041     0.5122      4.552     49.028  34.608404     1.0595 1.1614e-01     8.7155      7.496     10.871    10.2891 0.0000e+00
      7.660      0.038     0.5205      4.536     49.023  34.607397     1.0553 1.1615e-01     8.5197      7.518     10.904    10.2888 0.0000e+00
      7.665      0.033     0.5199      4.525     48.949  34.557188     1.0481 1.1619e-01     8.1583      7.518     10.904    10.2884 0.0000e+00
      7.665      0.028     0.5123      4.517     48.926  34.541473     1.0445 1.1619e-01     7.9614      7.513     10.898    10.2893 0.0000e+00
      7.670      0.025     0.5100      4.505     48.943  34.552422     1.0433 1.1618e-01     7.9428      7.523     10.911    10.2916 0.0000e+00
      7.676      0.025     0.5083      4.496     48.948  34.554535     1.0408 1.1620e-01     7.9323      7.529     10.920    10.2945 0.0000e+00
      7.681      0.027     0.5069      4.507     48.968  34.567011     1.0366 1.1620e-01     7.9157      7.528     10.919    10.2966 0.0000e+00
      7.691      0.032     0.5065      4.530     48.971  34.568239     1.0346 1.1617e-01     7.9062      7.541     10.937    10.2971 0.0000e+00
      7.704      0.037     0.5052      4.540     48.973  34.569376     1.0360 1.1617e-01     7.9049      7.560     10.963    10.2967 0.0000e+00
      7.711      0.042     0.5025      4.553     48.991  34.580756     1.0420 1.1617e-01     7.9039      7.563     10.969    10.2941 0.0000e+00
      7.716      0.044     0.5045      4.573     48.978  34.570804     1.0518 1.1616e-01     7.9027      7.563     10.968    10.2924 0.0000e+00
      7.731      0.044     0.5091      4.574     48.998  34.584085     1.0568 1.1614e-01     7.9021      7.579     10.992    10.2924 0.0000e+00
      7.750      0.047     0.5086      4.566     49.029  34.606291     1.0573 1.1612e-01     7.9017      7.605     11.030    10.2912 0.0000e+00
      7.761      0.051     0.5095      4.563     48.977  34.569225     1.0563 1.1613e-01     7.9005      7.615     11.043    10.2900 0.0000e+00
      7.767      0.052     0.5140      4.551     48.937  34.541033     1.0536 1.1613e-01     7.8989      7.613     11.042    10.2892 0.0000e+00
      7.780      0.053     0.5132      4.524     48.930  34.535489     1.0519 1.1610e-01     7.8979      7.626     11.061    10.2892 0.0000e+00
      7.799      0.058     0.5109      4.498     48.883  34.502192     1.0529 1.1607e-01     7.8980      7.652     11.097    10.2891 0.0000e+00
      7.812      0.063     0.5124      4.490     48.941  34.543545     1.0613 1.1603e-01     7.9040      7.664     11.115    10.2889 0.0000e+00
      7.824      0.064     0.5109      4.491     49.063  34.630388     1.0748 1.1603e-01     7.9150      7.666     11.120    10.2886 0.0000e+00
      7.846      0.060     0.5073      4.492     49.027  34.606952     1.0819 1.1606e-01     7.9212      7.690     11.154    10.2884 0.0000e+00
      7.872      0.053     0.5031      4.488     48.917  34.530261     1.0826 1.1611e-01     7.9245      7.726     11.206    10.2884 0.0000e+00
      7.886      0.047     0.5028      4.478     48.892  34.513336     1.0739 1.1616e-01     7.9515      7.739     11.225    10.2882 0.0000e+00
      7.889      0.042     0.5040      4.486     48.927  34.537346     1.0556 1.1616e-01     8.0008      7.736     11.219    10.2889 0.0000e+00
      7.892      0.039     0.5029      4.501     48.947  34.550488     1.0446 1.1614e-01     8.0276      7.738     11.224    10.2912 0.0000e+00
      7.898      0.041     0.5045      4.507     48.930  34.537206     1.0437 1.1616e-01     8.0269      7.745     11.233    10.2927 0.0000e+00
      7.908      0.047     0.5004      4.522     48.896  34.511789     1.0463 1.1616e-01     7.9929      7.752     11.243    10.2933 0.0000e+00
      7.924      0.055     0.5020      4.538     48.899  34.513239     1.0504 1.1611e-01     7.9299      7.768     11.267    10.2930 0.0000e+00
      7.944      0.061     0.5064      4.547     48.959  34.554734     1.0519 1.1609e-01     7.8955      7.790     11.299    10.2915 0.0000e+00
      7.964      0.061     0.5036      4.547     49.035  34.608395     1.0508 1.1609e-01     7.8925      7.811     11.329    10.2899 0.0000e+00
      7.979      0.056     0.5076      4.531     49.054  34.621910     1.0487 1.1613e-01     7.8900      7.825     11.349    10.2886 0.0000e+00
      7.993      0.046     0.5091      4.508     48.999  34.583102     1.0462 1.1616e-01     7.8857      7.837     11.367    10.2877 0.0000e+00
      8.007      0.038     0.5096      4.493     48.944  34.544276     1.0452 1.1612e-01     7.8834      7.855     11.393    10.2874 0.0000e+00
      8.013      0.035     0.5108      4.482     48.962  34.557578     1.0470 1.1610e-01     7.8839      7.862     11.404    10.2871 0.0000e+00
      8.013      0.038     0.5083      4.481     49.035  34.608893     1.0589 1.1612e-01     7.8966      7.856     11.395    10.2869 0.0000e+00
      8.017      0.048     0.5047      4.496     49.058  34.624588     1.0779 1.1613e-01     7.9200      7.858     11.397    10.2872 0.0000e+00
      8.028      0.058     0.5038      4.504     49.041  34.612301     1.0873 1.1611e-01     7.9330      7.871     11.415    10.2876 0.0000e+00
      8.047      0.067     0.5023      4.494     49.017  34.595366     1.0877 1.1614e-01     7.9375      7.889     11.441    10.2877 0.0000e+00
      8.075      0.070     0.5012      4.474     48.959  34.554867     1.0827 1.1618e-01     7.9680      7.917     11.483    10.2876 0.0000e+00
      8.105      0.068     0.5045      4.436     48.920  34.527740     1.0729 1.1616e-01     8.0226      7.953     11.535    10.2873 0.0000e+00
      8.124      0.063     0.5061      4.393     48.933  34.537450     1.0678 1.1616e-01     8.0524      7.974     11.564    10.2871 0.0000e+00
      8.130      0.055     0.5037      4.378     48.933  34.537227     1.0678 1.1622e-01     8.0538      7.973     11.564    10.2868 0.0000e+00
      8.135      0.045     0.5023      4.361     48.916  34.525052     1.0653 1.1623e-01     8.0373      7.974     11.566    10.2869 0.0000e+00
      8.147      0.036     0.4987      4.345     48.916  34.525273     1.0608 1.1620e-01     8.0072      7.988     11.586    10.2875 0.0000e+00
      8.161      0.029     0.4892      4.361     48.936  34.539903     1.0593 1.1620e-01     7.9907      8.004     11.609    10.2876 0.0000e+00
      8.171      0.025     0.4922      4.388     48.972  34.566900     1.0592 1.1617e-01     7.9878      8.015     11.625    10.2875 0.0000e+00
      8.176      0.021     0.4897      4.416     48.992  34.581632     1.0549 1.1615e-01     7.9744      8.020     11.632    10.2877 0.0000e+00
      8.176      0.018     0.4840      4.440     48.992  34.582982     1.0474 1.1613e-01     7.9508      8.018     11.629    10.2877 0.0000e+00
      8.176      0.019     0.4894      4.439     48.990  34.583224     1.0434 1.1612e-01     7.9389      8.016     11.626    10.2887 0.0000e+00
      8.178      0.025     0.4917      4.419     48.992  34.584563     1.0439 1.1617e-01     7.9413      8.020     11.632    10.2900 0.0000e+00
      8.182      0.034     0.4951      4.416     49.014  34.599172     1.0515 1.1622e-01     7.9756      8.022     11.635    10.2906 0.0000e+00
      8.192      0.043     0.4987      4.424     49.053  34.624823     1.0659 1.1622e-01     8.0388      8.030     11.646    10.2921 0.0000e+00
      8.211      0.050     0.4994      4.431     49.055  34.624632     1.0741 1.1618e-01     8.0733      8.052     11.679    10.2944 0.0000e+00
      8.231      0.056     0.4933      4.440     49.016  34.596861     1.0748 1.1612e-01     8.0750      8.075     11.712    10.2950 0.0000e+00
      8.244      0.059     0.4948      4.455     48.963  34.559118     1.0726 1.1607e-01     8.0601      8.086     11.727    10.2926 0.0000e+00
      8.254      0.059     0.4963      4.490     48.984  34.573383     1.0691 1.1607e-01     8.0323      8.092     11.736    10.2903 0.0000e+00
      8.269      0.058     0.4960      4.509     49.071  34.634299     1.0674 1.1609e-01     8.0173      8.108     11.759    10.2893 0.0000e+00
      8.286      0.058     0.4983      4.491     49.052  34.620470     1.0678 1.1612e-01     8.0180      8.129     11.789    10.2887 0.0000e+00
      8.301      0.059     0.4973      4.469     48.940  34.541225     1.0770 1.1612e-01     8.0363      8.142     11.809    10.2882 0.0000e+00
      8.314      0.055     0.5045      4.470     48.862  34.486357     1.0938 1.1614e-01     8.0696      8.150     11.822    10.2879 0.0000e+00
      8.332      0.047     0.5076      4.490     48.878  34.497205     1.1024 1.1618e-01     8.0878      8.169     11.849    10.2876 0.0000e+00
      8.350      0.037     0.5034      4.510     48.934  34.537352     1.1027 1.1613e-01     8.0918      8.193     11.883    10.2873 0.0000e+00
      8.357      0.029     0.4995      4.514     48.974  34.566668     1.0910 1.1608e-01     8.1201      8.200     11.893    10.2871 0.0000e+00
      8.357      0.023     0.5007      4.522     48.994  34.581599     1.0675 1.1614e-01     8.1726      8.193     11.884    10.2871 0.0000e+00
      8.357      0.020     0.5027      4.563     48.995  34.582846     1.0549 1.1623e-01     8.2011      8.194     11.885    10.2872 0.0000e+00
      8.360      0.022     0.5070      4.614     48.994  34.581744     1.0559 1.1622e-01     8.1976      8.199     11.892    10.2874 0.0000e+00
      8.364      0.029     0.5061      4.637     48.976  34.568271     1.0754 1.1617e-01     8.1291      8.201     11.894    10.2881 0.0000e+00
      8.372      0.037     0.5046      4.638     48.958  34.554990     1.1109 1.1616e-01     8.0031      8.209     11.904    10.2894 0.0000e+00
      8.387      0.046     0.5112      4.646     48.960  34.556190     1.1308 1.1620e-01     7.9342      8.225     11.928    10.2901 0.0000e+00
      8.403      0.053     0.5187      4.648     48.998  34.582782     1.1317 1.1619e-01     7.9299      8.242     11.954    10.2895 0.0000e+00
      8.415      0.057     0.5213      4.643     49.032  34.606438     1.1202 1.1607e-01     7.9524      8.252     11.969    10.2888 0.0000e+00
      8.429      0.056     0.5185      4.645     48.984  34.572145     1.1004 1.1601e-01     7.9937      8.263     11.986    10.2880 0.0000e+00
      8.447      0.051     0.5216      4.652     48.986  34.573251     1.0900 1.1606e-01     8.0158      8.284     12.014    10.2875 0.0000e+00
      8.466      0.045     0.5217      4.647     49.051  34.619809     1.0892 1.1614e-01     8.0158      8.306     12.045    10.2873 0.0000e+00
      8.476      0.038     0.5201      4.647     49.016  34.594935     1.0877 1.1619e-01     7.9909      8.316     12.060    10.2870 0.0000e+00
      8.480      0.030     0.5202      4.661     48.941  34.542565     1.0830 1.1616e-01     7.9449      8.315     12.060    10.2868 0.0000e+00
      8.485      0.024     0.5226      4.674     48.918  34.526756     1.0792 1.1612e-01     7.9194      8.320     12.067    10.2867 0.0000e+00
      8.491      0.022     0.5206      4.682     48.936  34.538821     1.0784 1.1613e-01     7.9156      8.329     12.079    10.2867 0.0000e+00
      8.493      0.023     0.5198      4.680     48.957  34.553412     1.0721 1.1611e-01     7.9022      8.329     12.080    10.2869 0.0000e+00
      8.496      0.023     0.5232      4.663     48.978  34.568131     1.0588 1.1608e-01     7.8779      8.330     12.081    10.2875 0.0000e+00
      8.506      0.025     0.5237      4.632     48.997  34.581756     1.0513 1.1613e-01     7.8648      8.340     12.096    10.2878 0.0000e+00
      8.517      0.030     0.5257      4.604     48.998  34.583115     1.0514 1.1616e-01     7.8655      8.355     12.118    10.2876 0.0000e+00
      8.523      0.039     0.5248      4.580     49.000  34.584556     1.0556 1.1615e-01     7.8876      8.360     12.125    10.2872 0.0000e+00
