Data/DataNotYetUploadedToEDI/Raw_CTD/RawDownloads/SBE19plus_01907809_062722_bvr50_0006.cnv
* Sea-Bird SBE19plus  Data File:
* FileName = C:\R\Reservoirs\Data\DataNotYetUploadedToEDI\Raw_CTD\RawDownloads\SBE19plus_01907809_062722_bvr50_0006.hex
* Software version 2.8.0.119
* Temperature SN = 7809
* Conductivity SN = 7809
* System UpLoad Time = Jun 29 2022 15:51:20
* <ApplicationData>
* <Seaterm232>
# nquan = 15
# nvalues = 2043                        
# units = specified
# name 0 = depFM: Depth [fresh water, m]
# name 1 = dz/dtM: Descent Rate [m/s]
# name 2 = sbeox0Mg/L: Oxygen, SBE 43 [mg/l]
# name 3 = sbeox0PS: Oxygen, SBE 43 [% saturation]
# name 4 = specc: Specific Conductance [uS/cm]
# name 5 = c0uS/cm: Conductivity [uS/cm]
# name 6 = flECO-AFL: Fluorescence, WET Labs ECO-AFL/FL [mg/m^3]
# name 7 = ph: pH
# name 8 = orp: Oxidation Reduction Potential [mV]
# name 9 = par/sat/log: PAR/Logarithmic, Satlantic
# name 10 = turbWETntu0: Turbidity, WET Labs ECO [NTU]
# name 11 = prdM: Pressure, Strain Gauge [db]
# name 12 = prdE: Pressure, Strain Gauge [psi]
# name 13 = tv290C: Temperature [ITS-90, deg C]
# name 14 = flag:  0.000e+00
# span 0 =     -0.728,      7.799       
# span 1 =     -0.344,      0.144       
# span 2 =     0.0178,     9.0399       
# span 3 =      0.198,    112.013       
# span 4 =      0.383,    100.214       
# span 5 =   0.407575,  69.546048       
# span 6 =    -0.1502,     5.6733       
# span 7 =      6.769,     10.135       
# span 8 = -1240.7455,   221.8360       
# span 9 = 1.2350e-01, 1.9419e+02       
# span 10 =    -0.3462,    72.6517      
# span 11 =     -0.714,      7.648      
# span 12 =     -1.035,     11.092      
# span 13 =     9.6666,    28.2375      
# span 14 = 0.0000e+00, 0.0000e+00      
# interval = seconds: 0.25
# start_time = Jun 27 2022 07:48:00 [Instrument's time stamp, header]
# bad_flag = -9.990e-29
*END*
[from data line 386]
      1.164      0.018     5.9551     71.212     28.415  27.647252     2.2899     10.128   110.4664 1.2043e+00    21.2932      1.142      1.656    24.3975 0.0000e+00
      1.171      0.020     6.0331     69.681     28.461  27.646898     2.2874     10.128   110.5919 1.1725e+00    21.7999      1.149      1.666    24.2071 0.0000e+00
      1.176      0.019     6.1066     67.764     28.482  27.643781     2.2848     10.127   110.7534 1.1365e+00    21.8492      1.153      1.673    23.9328 0.0000e+00
      1.181      0.016     6.1202     65.823     28.452  27.609529     2.2913     10.127   110.7829 1.1325e+00    22.0598      1.159      1.681    23.7332 0.0000e+00
      1.184      0.014     6.0554     64.116     28.391  27.549677     2.2915     10.128   110.7771 1.1432e+00    22.3998      1.162      1.685    23.6394 0.0000e+00
      1.186      0.014     5.9277     62.788     28.338  27.490581     2.2869     10.130   110.8552 1.1282e+00    22.5778      1.162      1.685    23.5473 0.0000e+00
      1.188      0.015     5.7554     61.900     28.276  27.402067     2.2685     10.130   111.0393 1.0939e+00    22.6063      1.165      1.689    23.5111 0.0000e+00
      1.192      0.017     5.5839     61.399     28.227  27.303420     2.2526     10.131   111.1967 1.0761e+00    22.8468      1.168      1.695    23.5131 0.0000e+00
      1.198      0.017     5.4344     61.123     28.239  27.248540     2.2447     10.131   111.2948 1.0636e+00    23.2649      1.173      1.702    23.5130 0.0000e+00
      1.204      0.017     5.3195     60.852     28.309  27.245490     2.2308     10.132   111.4523 1.0411e+00    23.4608      1.181      1.713    23.5145 0.0000e+00
      1.210      0.016     5.2505     60.434     28.389  27.266438     2.2266     10.134   111.6382 1.0210e+00    23.5079      1.188      1.723    23.4660 0.0000e+00
      1.214      0.016     5.2224     59.837     28.399  27.248199     2.2434     10.135   112.0791 1.0027e+00    23.6285      1.191      1.728    23.3665 0.0000e+00
      1.216      0.017     5.2189     59.134     28.313  27.151699     2.2676     10.132   112.9976 9.9586e-01    23.7579      1.192      1.729    23.2457 0.0000e+00
      1.217      0.018     5.2140     58.474     28.234  27.050403     2.2772     10.124   113.8812 1.0034e+00    23.8085      1.193      1.730    23.1081 0.0000e+00
      1.219      0.019     5.1896     57.959     28.255  27.037535     2.2687     10.114   114.2452 9.9416e-01    23.7957      1.193      1.730    22.9972 0.0000e+00
      1.226      0.020     5.1410     57.609     28.285  27.059446     2.2652     10.105   114.3862 9.5507e-01    23.8091      1.201      1.741    22.9530 0.0000e+00
      1.236      0.021     5.0737     57.353     28.275  27.061786     2.2759     10.096   114.5544 9.1610e-01    23.9705      1.215      1.762    22.9595 0.0000e+00
      1.244      0.022     5.0190     57.068     28.278  27.065844     2.2896     10.087   114.7307 8.9508e-01    24.2090      1.222      1.773    22.9104 0.0000e+00
      1.247      0.022     4.9835     56.770     28.273  27.045129     2.2906     10.077   115.0549 8.7998e-01    24.2676      1.223      1.773    22.8139 0.0000e+00
      1.249      0.022     4.9546     56.570     28.245  27.001454     2.2794     10.065   115.4625 8.6507e-01    24.1676      1.225      1.777    22.8124 0.0000e+00
      1.253      0.023     4.9346     56.446     28.244  26.981439     2.2944     10.052   115.8735 8.5094e-01    23.8186      1.228      1.781    22.8638 0.0000e+00
      1.259      0.026     4.9090     56.296     28.286  26.993240     2.3396     10.039   116.3250 8.3519e-01    23.2251      1.234      1.790    22.8638 0.0000e+00
      1.268      0.028     4.8807     56.085     28.346  27.017330     2.3596     10.025   116.7915 8.2249e-01    22.8670      1.244      1.804    22.8219 0.0000e+00
      1.278      0.028     4.8683     55.844     28.374  27.019136     2.3449     10.012   117.2123 8.1158e-01    22.7688      1.253      1.818    22.7924 0.0000e+00
      1.287      0.024     4.8642     55.568     28.383  27.015042     2.3203     10.000   117.4548 7.8579e-01    22.4134      1.262      1.830    22.7691 0.0000e+00
      1.294      0.019     4.8576     55.237     28.401  27.031195     2.2947      9.988   117.4856 7.4692e-01    21.8148      1.271      1.843    22.7128 0.0000e+00
      1.298      0.013     4.8433     54.904     28.388  27.024289     2.2850      9.978   117.3268 7.2098e-01    21.5098      1.275      1.849    22.6449 0.0000e+00
      1.299      0.008     4.8274     54.653     28.352  26.994937     2.2863      9.968   117.0838 7.2525e-01    21.4576      1.274      1.848    22.5974 0.0000e+00
      1.298      0.005     4.8073     54.521     28.348  26.993228     2.2944      9.958   116.9560 7.4848e-01    21.5939      1.273      1.846    22.5766 0.0000e+00
      1.298      0.004     4.7759     54.486     28.360  27.003619     2.3154      9.949   116.9860 7.6357e-01    21.9615      1.272      1.845    22.5787 0.0000e+00
      1.298      0.005     4.7428     54.518     28.355  26.993805     2.3317      9.940   117.1034 7.5039e-01    22.1446      1.273      1.846    22.5952 0.0000e+00
      1.299      0.006     4.7186     54.591     28.370  27.001329     2.3423      9.932   117.2567 7.2652e-01    22.1349      1.274      1.848    22.6042 0.0000e+00
      1.302      0.008     4.7091     54.684     28.399  27.031195     2.3439      9.923   117.3771 7.2298e-01    22.1518      1.277      1.852    22.6049 0.0000e+00
      1.305      0.009     4.7065     54.805     28.388  27.038003     2.3180      9.914   117.4411 7.1873e-01    22.2115      1.280      1.857    22.6049 0.0000e+00
      1.309      0.009     4.7105     54.940     28.345  27.020286     2.2874      9.905   117.5136 7.0271e-01    22.3450      1.283      1.861    22.5963 0.0000e+00
      1.311      0.008     4.7205     55.040     28.317  27.007162     2.2812      9.896   117.5652 6.9542e-01    22.3994      1.286      1.865    22.5766 0.0000e+00
      1.313      0.006     4.7270     55.102     28.319  27.006116     2.2847      9.889   117.5492 6.9754e-01    22.2886      1.287      1.867    22.5752 0.0000e+00
      1.313      0.006     4.7345     55.156     28.330  27.007628     2.2710      9.883   117.4912 7.0429e-01    21.8590      1.287      1.867    22.6133 0.0000e+00
      1.314      0.006     4.7441     55.186     28.346  27.025427     2.2406      9.875   117.3806 7.0077e-01    21.1675      1.288      1.869    22.6645 0.0000e+00
      1.315      0.006     4.7496     55.153     28.338  27.031177     2.2251      9.866   117.2443 6.8360e-01    20.7931      1.289      1.870    22.6958 0.0000e+00
      1.317      0.007     4.7545     55.065     28.313  27.013795     2.2255      9.858   117.2203 6.6722e-01    20.7486      1.291      1.873    22.6807 0.0000e+00
      1.319      0.007     4.7627     54.961     28.319  27.005420     2.2290      9.849   117.1766 6.5327e-01    20.9716      1.293      1.876    22.6499 0.0000e+00
      1.321      0.007     4.7670     54.870     28.330  26.993275     2.2503      9.840   116.9733 6.4396e-01    21.5077      1.295      1.878    22.6550 0.0000e+00
      1.324      0.007     4.7598     54.777     28.350  26.993684     2.2747      9.832   116.9995 6.4205e-01    21.8680      1.298      1.883    22.6948 0.0000e+00
      1.326      0.007     4.7488     54.665     28.384  27.010339     2.2913      9.824   117.3210 6.4325e-01    21.9465      1.301      1.887    22.7170 0.0000e+00
      1.326      0.009     4.7418     54.532     28.399  27.004475     2.3090      9.815   117.6779 6.4399e-01    22.1488      1.302      1.888    22.6809 0.0000e+00
      1.326      0.014     4.7397     54.385     28.412  26.986136     2.3230      9.805   118.5612 6.4111e-01    22.5043      1.300      1.886    22.6286 0.0000e+00
      1.328      0.019     4.7350     54.229     28.439  26.978713     2.3361      9.793   120.6017 6.3679e-01    22.7258      1.301      1.887    22.5992 0.0000e+00
      1.334      0.023     4.7265     54.027     28.470  26.978056     2.3511      9.780   123.1625 6.3101e-01    22.8450      1.306      1.894    22.5813 0.0000e+00
      1.344      0.026     4.7186     53.731     28.494  26.978154     2.3122      9.767   125.1742 6.1769e-01    22.9894      1.317      1.911    22.5464 0.0000e+00
      1.354      0.026     4.7101     53.307     28.510  26.979865     2.2151      9.755   126.1684 5.9756e-01    23.1739      1.330      1.928    22.4867 0.0000e+00
      1.364      0.022     4.7040     52.767     28.535  26.998723     2.1595      9.745   126.1497 5.7251e-01    23.2997      1.338      1.941    22.4238 0.0000e+00
      1.369      0.017     4.6929     52.216     28.547  27.016008     2.1558      9.735   125.9806 5.5230e-01    23.2809      1.345      1.951    22.3697 0.0000e+00
      1.370      0.012     4.6716     51.779     28.518  26.998720     2.1542      9.726   126.1882 5.5310e-01    23.1851      1.345      1.951    22.3307 0.0000e+00
      1.369      0.010     4.6377     51.514     28.497  26.979863     2.1485      9.716   126.6807 5.6778e-01    22.5172      1.343      1.947    22.3044 0.0000e+00
      1.368      0.012     4.5876     51.398     28.507  26.978155     2.1452      9.705   127.6327 5.6807e-01    21.3544      1.341      1.943    22.2944 0.0000e+00
      1.370      0.016     4.5336     51.362     28.525  26.978054     2.1558      9.694   128.5792 5.5122e-01    20.7735      1.340      1.945    22.3115 0.0000e+00
      1.376      0.020     4.4920     51.348     28.544  26.978615     2.1766      9.684   129.0915 5.3574e-01    20.5835      1.347      1.955    22.3379 0.0000e+00
      1.385      0.021     4.4689     51.293     28.564  26.984911     2.1721      9.674   129.4395 5.1872e-01    19.0915      1.359      1.970    22.3407 0.0000e+00
      1.395      0.021     4.4647     51.163     28.577  26.990779     2.1347      9.664   129.8609 4.9813e-01    16.4318      1.370      1.987    22.3146 0.0000e+00
      1.401      0.018     4.4652     51.016     28.571  26.986169     2.0989      9.655   130.3149 4.8852e-01    14.9663      1.375      1.994    22.2821 0.0000e+00
      1.403      0.013     4.4684     50.891     28.569  26.992561     2.0973      9.647   130.7125 4.9200e-01    14.8314      1.376      1.996    22.2523 0.0000e+00
      1.404      0.009     4.4688     50.782     28.571  27.004697     2.1228      9.639   131.4842 4.9176e-01    14.3911      1.377      1.998    22.2254 0.0000e+00
      1.405      0.009     4.4543     50.698     28.567  27.006151     2.1416      9.633   132.8492 4.8253e-01    13.5033      1.378      1.998    22.2138 0.0000e+00
      1.405      0.012     4.4404     50.673     28.578  27.010147     2.1501      9.625   134.2247 4.7652e-01    13.0126      1.377      1.998    22.2176 0.0000e+00
      1.406      0.017     4.4291     50.722     28.574  26.989624     2.1582      9.616   135.2087 4.7715e-01    12.9662      1.378      1.999    22.2326 0.0000e+00
      1.411      0.022     4.4171     50.782     28.551  26.948132     2.2228      9.607   135.8852 4.6375e-01    12.7041      1.383      2.005    22.2582 0.0000e+00
      1.420      0.026     4.4077     50.795     28.572  26.952127     2.3399      9.599   136.4673 4.2889e-01    12.1656      1.394      2.020    22.2720 0.0000e+00
      1.430      0.027     4.4044     50.743     28.608  26.974515     2.3924      9.592   136.9122 4.1075e-01    11.8526      1.404      2.036    22.2599 0.0000e+00
      1.439      0.026     4.4153     50.594     28.604  26.965277     2.3918      9.583   136.9630 4.1404e-01    11.8239      1.412      2.048    22.2248 0.0000e+00
      1.445      0.022     4.4260     50.343     28.604  26.967184     2.4327      9.574   136.6509 4.0524e-01    11.7154      1.417      2.056    22.1858 0.0000e+00
      1.450      0.017     4.4283     50.022     28.630  26.997581     2.4957      9.567   136.2354 3.9090e-01    11.4978      1.422      2.062    22.1578 0.0000e+00
      1.454      0.012     4.4282     49.681     28.645  27.015906     2.5125      9.561   136.6720 3.8669e-01    11.3790      1.426      2.068    22.1352 0.0000e+00
      1.455      0.009     4.4158     49.399     28.625  26.998601     2.4941      9.555   138.4876 3.8409e-01    11.3379      1.427      2.070    22.1260 0.0000e+00
      1.455      0.009     4.3921     49.262     28.605  26.978496     2.4903      9.549   140.4640 3.7798e-01    11.2737      1.426      2.069    22.1328 0.0000e+00
      1.455      0.010     4.3620     49.273     28.591  26.962969     2.5495      9.543   141.7269 3.8433e-01    11.1162      1.426      2.069    22.1436 0.0000e+00
      1.457      0.012     4.3291     49.342     28.568  26.937627     2.6438      9.536   142.6576 3.9843e-01    10.9020      1.428      2.071    22.1522 0.0000e+00
      1.462      0.014     4.3007     49.390     28.558  26.925613     2.6822      9.528   143.4572 3.9234e-01    10.8360      1.433      2.078    22.1555 0.0000e+00
      1.468      0.016     4.2883     49.392     28.579  26.944470     2.6888      9.520   143.9099 3.7727e-01    10.8650      1.440      2.088    22.1532 0.0000e+00
      1.473      0.016     4.2943     49.365     28.613  26.975480     2.7563      9.513   143.9153 3.7379e-01    10.7059      1.446      2.097    22.1491 0.0000e+00
      1.477      0.015     4.3028     49.309     28.625  26.983632     2.8653      9.507   143.5218 3.7052e-01    10.3804      1.450      2.102    22.1418 0.0000e+00
      1.481      0.014     4.3089     49.239     28.629  26.979648     2.9091      9.500   142.9377 3.6511e-01    10.2098      1.452      2.106    22.1326 0.0000e+00
      1.483      0.013     4.3072     49.192     28.652  26.990682     2.9029      9.494   142.6184 3.6282e-01    10.2141      1.454      2.109    22.1341 0.0000e+00
      1.486      0.013     4.3055     49.150     28.662  26.990260     2.9151      9.489   142.8445 3.5560e-01    10.1250      1.458      2.114    22.1374 0.0000e+00
      1.490      0.014     4.3013     49.095     28.654  26.974533     2.9322      9.483   143.3480 3.5181e-01     9.9175      1.461      2.119    22.1300 0.0000e+00
      1.493      0.015     4.2932     49.042     28.681  26.990669     2.9264      9.476   143.7164 3.4733e-01     9.7558      1.464      2.124    22.1169 0.0000e+00
      1.496      0.015     4.2928     48.982     28.697  26.995196     2.9031      9.469   143.7706 3.3516e-01     9.6382      1.467      2.127    22.0962 0.0000e+00
      1.501      0.014     4.2915     48.864     28.673  26.965862     2.8336      9.463   143.8312 3.3097e-01     9.4861      1.472      2.134    22.0760 0.0000e+00
      1.506      0.013     4.2867     48.671     28.661  26.952903     2.7191      9.458   144.3637 3.3472e-01     9.3166      1.478      2.143    22.0642 0.0000e+00
      1.510      0.012     4.2831     48.425     28.671  26.965274     2.6496      9.452   145.2178 3.2756e-01     9.2291      1.481      2.148    22.0490 0.0000e+00
      1.512      0.011     4.2823     48.167     28.696  26.988681     2.6346      9.446   145.9846 3.0941e-01     9.1799      1.482      2.150    22.0275 0.0000e+00
      1.513      0.010     4.2734     47.953     28.695  26.982386     2.6624      9.441   146.4932 3.0888e-01     9.1316      1.482      2.150    22.0125 0.0000e+00
      1.515      0.010     4.2557     47.800     28.670  26.952540     2.7198      9.435   146.5502 3.1714e-01     9.1913      1.484      2.153    22.0124 0.0000e+00
      1.518      0.011     4.2328     47.689     28.667  26.944711     2.7544      9.430   146.3289 3.0762e-01     9.2873      1.489      2.160    22.0215 0.0000e+00
      1.522      0.012     4.2070     47.606     28.681  26.951103     2.7647      9.425   146.3131 2.9017e-01     9.2677      1.493      2.165    22.0246 0.0000e+00
