Data/DataNotYetUploadedToEDI/Raw_CTD/RawDownloads/SBE19plus_01908188_062722_fcr50_0003.cnv
* Sea-Bird SBE19plus  Data File:
* FileName = C:\R\Reservoirs\Data\DataNotYetUploadedToEDI\Raw_CTD\RawDownloads\SBE19plus_01908188_062722_fcr50_0003.hex
* Software version 2.8.0.119
* Temperature SN = 8188
* Conductivity SN = 8188
* System UpLoad Time = Jun 29 2022 16:04:39
* <ApplicationData>
* <Seaterm232>
# nquan = 13
# nvalues = 1593                        
# units = specified
# name 0 = depFM: Depth [fresh water, m]
# name 1 = dz/dtM: Descent Rate [m/s]
# name 2 = sbeox0Mg/L: Oxygen, SBE 43 [mg/l]
# name 3 = sbeox0PS: Oxygen, SBE 43 [% saturation]
# name 4 = specc: Specific Conductance [uS/cm]
# name 5 = c0uS/cm: Conductivity [uS/cm]
# name 6 = flECO-AFL: Fluorescence, WET Labs ECO-AFL/FL [mg/m^3]
# name 7 = par/sat/log: PAR/Logarithmic, Satlantic
# name 8 = turbWETntu0: Turbidity, WET Labs ECO [NTU]
# name 9 = prdM: Pressure, Strain Gauge [db]
# name 10 = prdE: Pressure, Strain Gauge [psi]
# name 11 = tv290C: Temperature [ITS-90, deg C]
# name 12 = flag:  0.000e+00
# span 0 =     -0.670,      9.543       
# span 1 =     -0.237,      0.212       
# span 2 =    -0.7445,    13.7868       
# span 3 =     -7.570,    164.293       
# span 4 =  -1552.769,    373.328       
# span 5 = -1.113e+03, 267.751339       
# span 6 =    -0.0076,     6.6580       
# span 7 = 1.1599e-01, 5.9533e+02       
# span 8 =     0.2728,     9.8126       
# span 9 =     -0.658,      9.358       
# span 10 =     -0.954,     13.573      
# span 11 =    10.2822,    25.9159      
# span 12 = 0.0000e+00, 0.0000e+00      
# interval = seconds: 0.25
# start_time = Jun 27 2022 12:00:56 [Instrument's time stamp, header]
# bad_flag = -9.990e-29
*END*
     -0.670 3.1040e-35     6.6338     79.104      0.003   0.003069     0.2898 3.3692e+02     0.4928     -0.657     -0.952    24.1990 0.0000e+00
     -0.670 3.4145e-34     6.6340     79.085      0.002   0.001853     0.2900 3.3692e+02     0.4928     -0.656     -0.952    24.2001 0.0000e+00
     -0.670 3.7559e-33     6.6359     79.086     -0.012  -0.011526     0.2828 3.2895e+02     0.4972     -0.657     -0.952    24.2014 0.0000e+00
     -0.670 4.1315e-32     6.6358     79.099     -0.024  -0.023901     0.2688 3.1892e+02     0.5051     -0.657     -0.953    24.2026 0.0000e+00
     -0.670 4.5446e-31     6.6334     79.102     -0.014  -0.012973     0.2611 3.2373e+02     0.5086     -0.657     -0.953    24.2036 0.0000e+00
     -0.670 4.9991e-30     6.6306     79.093     -0.015  -0.014188     0.2616 3.4813e+02     0.5047     -0.657     -0.952    24.2047 0.0000e+00
     -0.670 5.4990e-29     6.6309     79.073     -0.039  -0.038596     0.2647 3.8779e+02     0.4633     -0.657     -0.953    24.2053 0.0000e+00
     -0.670 6.0489e-28     6.6336     79.043     -0.039  -0.038486     0.2680 4.2663e+02     0.3879     -0.657     -0.953    24.2052 0.0000e+00
     -0.670 6.6538e-27     6.6330     79.026     -0.013  -0.012863     0.2690 4.3386e+02     0.3469     -0.657     -0.952    24.2063 0.0000e+00
     -0.670 7.3192e-26     6.6320     79.025      0.002   0.001610     0.2685 4.0719e+02     0.3420     -0.657     -0.953    24.2079 0.0000e+00
     -0.670 8.0511e-25     6.6316     79.035      0.002   0.001711     0.2639 3.7839e+02     0.3275     -0.657     -0.953    24.2080 0.0000e+00
     -0.670 8.8562e-24     6.6272     79.055     -0.012  -0.011648     0.2543 3.6386e+02     0.3011     -0.658     -0.954    24.2081 0.0000e+00
     -0.670 9.7418e-23     6.6255     79.069     -0.026  -0.025107     0.2482 3.6096e+02     0.2866     -0.657     -0.953    24.2088 0.0000e+00
     -0.670 1.0716e-21     6.6261     79.080     -0.027  -0.026221     0.2471 3.6153e+02     0.2854     -0.657     -0.953    24.2099 0.0000e+00
     -0.670 1.1788e-20     6.6254     79.104     -0.026  -0.025117     0.2523 3.5770e+02     0.2876     -0.657     -0.953    24.2108 0.0000e+00
     -0.670 1.2966e-19     6.6290     79.132     -0.012  -0.011767     0.2633 3.5111e+02     0.2920     -0.657     -0.953    24.2117 0.0000e+00
     -0.670 1.4263e-18     6.6298     79.143      0.000   0.000395     0.2694 3.4746e+02     0.2946     -0.657     -0.953    24.2121 0.0000e+00
     -0.670 1.5689e-17     6.6297     79.138     -0.013  -0.012864     0.2698 3.5206e+02     0.2946     -0.657     -0.953    24.2119 0.0000e+00
     -0.670 1.7258e-16     6.6322     79.121     -0.038  -0.037282     0.2664 3.6399e+02     0.2901     -0.657     -0.953    24.2128 0.0000e+00
     -0.670 1.8984e-15     6.6350     79.101     -0.026  -0.025240     0.2590 3.7229e+02     0.2823     -0.657     -0.953    24.2148 0.0000e+00
     -0.670 2.0882e-14     6.6357     79.100     -0.002  -0.002067     0.2545 3.6791e+02     0.2781     -0.657     -0.953    24.2159 0.0000e+00
     -0.670 2.2971e-13     6.6347     79.107     -0.027  -0.026696     0.2544 3.5459e+02     0.2776     -0.657     -0.953    24.2154 0.0000e+00
     -0.670 2.5268e-12     6.6343     79.100     -0.055  -0.053434     0.2554 3.4444e+02     0.2781     -0.657     -0.953    24.2157 0.0000e+00
     -0.669 2.7795e-11     6.6307     79.098     -0.057  -0.055755     0.2559 3.4505e+02     0.2793     -0.656     -0.952    24.2170 0.0000e+00
     -0.669 3.0574e-10     6.6307     79.107     -0.056  -0.054751     0.2565 3.5108e+02     0.2802     -0.656     -0.952    24.2175 0.0000e+00
     -0.669 3.3631e-09     6.6334     79.123     -0.042  -0.041301     0.2580 3.5415e+02     0.2805     -0.657     -0.952    24.2185 0.0000e+00
     -0.670 3.6995e-08     6.6308     79.144     -0.028  -0.027933     0.2667 3.4975e+02     0.2784     -0.657     -0.953    24.2195 0.0000e+00
     -0.670 4.0694e-07     6.6309     79.153     -0.028  -0.027914     0.2826 3.2250e+02     0.2745     -0.657     -0.953    24.2205 0.0000e+00
     -0.670      0.000     6.6318     79.156     -0.042  -0.041069     0.2914 2.7145e+02     0.2728     -0.657     -0.952    24.2214 0.0000e+00
     -0.670      0.000     6.6323     79.163     -0.053  -0.052198     0.2917 2.2594e+02     0.2734     -0.657     -0.953    24.2224 0.0000e+00
     -0.669      0.001     6.6353     79.168     -0.028  -0.027676     0.2893 1.9867e+02     0.2789     -0.656     -0.952    24.2231 0.0000e+00
     -0.669      0.001     6.6354     79.158     -0.014  -0.014165     0.2860 1.8482e+02     0.2894     -0.656     -0.951    24.2244 0.0000e+00
     -0.669      0.001     6.6346     79.145     -0.024  -0.023640     0.2856 1.8281e+02     0.3008     -0.657     -0.952    24.2247 0.0000e+00
     -0.669      0.001     6.6357     79.139     -0.008  -0.007435     0.2930 1.8617e+02     0.3684     -0.656     -0.951    24.2269 0.0000e+00
     -0.669      0.005     6.6366     79.136      0.181   0.181762     0.3704 1.9161e+02     1.1114     -0.656     -0.951    24.2252 0.0000e+00
     -0.669      0.016     6.6348     79.148      3.142   3.140110     0.5126 2.0851e+02     2.4746     -0.656     -0.951    24.2291 0.0000e+00
     -0.669      0.035     6.6339     79.177     13.286  13.311982     0.5938 2.4841e+02     3.2306     -0.656     -0.952    24.2248 0.0000e+00
     -0.666      0.059     6.6328     79.203     28.660  28.818541     0.6401 3.0173e+02     3.4449     -0.656     -0.951    24.2339 0.0000e+00
     -0.651      0.087     6.6338     79.218     40.212  40.572262     1.0651 3.4377e+02     5.0679     -0.647     -0.937    24.2210 0.0000e+00
     -0.621      0.117     6.6152     79.220     43.999  44.521694     1.8417 3.6712e+02     8.0329     -0.612     -0.888    24.3757 0.0000e+00
     -0.580      0.148     6.5640     79.230     44.205  44.834196     2.2660 3.8099e+02     9.6503     -0.569     -0.826    24.8222 0.0000e+00
     -0.536      0.176     6.5204     79.275     44.051  44.756146     2.3082 3.9331e+02     9.7974     -0.528     -0.765    25.1948 0.0000e+00
     -0.490      0.196     6.4937     79.383     43.839  44.591333     2.3438 4.0759e+02     9.8103     -0.484     -0.701    25.4360 0.0000e+00
     -0.437      0.207     6.4727     79.633     43.621  44.395123     2.4025 4.2533e+02     9.8112     -0.433     -0.627    25.6039 0.0000e+00
     -0.375      0.212     6.4600     80.063     43.430  44.207595     2.4353 4.4385e+02     9.8116     -0.368     -0.534    25.7113 0.0000e+00
     -0.314      0.210     6.4524     80.626     43.305  44.080164     2.4436 4.5897e+02     9.8121     -0.304     -0.442    25.8077 0.0000e+00
     -0.259      0.203     6.4519     81.407     43.232  44.002647     2.4893 4.7108e+02     9.8121     -0.252     -0.365    25.8621 0.0000e+00
     -0.209      0.191     6.4659     82.850     43.182  43.945792     2.5704 4.8210e+02     9.8119     -0.205     -0.298    25.8888 0.0000e+00
     -0.163      0.174     6.5063     86.333     43.111  43.865550     2.6137 4.8758e+02     9.8118     -0.158     -0.228    25.8917 0.0000e+00
     -0.121      0.151     6.5479     93.559     42.970  43.707888     2.6179 4.5112e+02     9.8118     -0.118     -0.171    25.8896 0.0000e+00
     -0.081      0.125     6.6057    104.178     42.628  43.322835     2.6216 3.7350e+02     9.8121     -0.081     -0.117    25.8855 0.0000e+00
     -0.046      0.098     6.6893    115.798     41.967  42.587010     2.6267 3.2288e+02     9.8123     -0.039     -0.057    25.8793 0.0000e+00
     -0.023      0.069     6.8931    126.298     41.288  41.835307     2.6310 3.0909e+02     9.8120     -0.016     -0.024    25.8694 0.0000e+00
     -0.015      0.042     7.4939    134.558     41.086  41.595813     2.6331 3.0450e+02     9.8119     -0.014     -0.020    25.8618 0.0000e+00
     -0.014      0.020     8.4581    139.826     41.341  41.852513     2.6301 3.0535e+02     9.8119     -0.013     -0.019    25.8246 0.0000e+00
     -0.016      0.005     9.4803    141.691     41.639  42.169974     2.6237 3.0860e+02     9.8115     -0.014     -0.020    25.7309 0.0000e+00
     -0.019     -0.003    10.3764    140.438     41.778  42.327462     2.6200 3.1240e+02     9.8110     -0.020     -0.028    25.6411 0.0000e+00
     -0.022     -0.005    11.0817    136.973     41.842  42.405922     2.6188 3.1273e+02     9.8107     -0.022     -0.032    25.5978 0.0000e+00
     -0.022     -0.004    11.5276    132.547     41.934  42.510786     2.6083 3.1039e+02     9.8110     -0.022     -0.031    25.6047 0.0000e+00
     -0.022     -0.002    11.6628    128.204     42.057  42.649813     2.5882 3.1102e+02     9.8112     -0.023     -0.033    25.6328 0.0000e+00
     -0.022      0.001    11.5304    124.340     42.191  42.803637     2.5773 3.1175e+02     9.8113     -0.022     -0.032    25.6532 0.0000e+00
     -0.022      0.004    11.2050    120.981     42.316  42.952313     2.5752 3.0954e+02     9.8114     -0.022     -0.032    25.6685 0.0000e+00
     -0.021      0.006    10.8062    118.181     42.435  43.096639     2.5676 3.0783e+02     9.8114     -0.021     -0.031    25.6807 0.0000e+00
     -0.020      0.007    10.4420    115.926     42.580  43.265401     2.5554 3.0843e+02     9.8114     -0.019     -0.028    25.6959 0.0000e+00
     -0.017      0.007    10.1261    114.047     42.734  43.439350     2.5489 3.0752e+02     9.8117     -0.017     -0.025    25.7172 0.0000e+00
     -0.014      0.007     9.8440    112.550     42.855  43.578830     2.5473 3.0297e+02     9.8119     -0.013     -0.018    25.7450 0.0000e+00
     -0.011      0.006     9.6083    111.701     42.930  43.668534     2.5478 2.9996e+02     9.8118     -0.009     -0.015    25.7741 0.0000e+00
     -0.011      0.004     9.4300    111.661     42.965  43.713438     2.5505 3.0028e+02     9.8119     -0.010     -0.016    25.8001 0.0000e+00
     -0.011      0.002     9.2744    112.462     42.964  43.716504     2.5522 3.0111e+02     9.8122     -0.011     -0.015    25.8204 0.0000e+00
     -0.011      0.001     9.1368    114.230     42.954  43.705621     2.5534 3.0140e+02     9.8122     -0.011     -0.015    25.8388 0.0000e+00
     -0.011      0.001     9.0611    117.052     42.964  43.716940     2.5560 3.0118e+02     9.8120     -0.011     -0.015    25.8552 0.0000e+00
     -0.011      0.002     9.0583    120.653     42.962  43.718280     2.5594 3.0033e+02     9.8117     -0.011     -0.016    25.8656 0.0000e+00
     -0.010      0.003     9.1180    124.494     42.963  43.721824     2.5621 2.9880e+02     9.8114     -0.010     -0.014    25.8705 0.0000e+00
     -0.008      0.004     9.2553    128.062     42.999  43.759793     2.5618 2.9706e+02     9.8115     -0.008     -0.012    25.8691 0.0000e+00
     -0.007      0.004     9.4940    130.880     43.010  43.772092     2.5554 2.9475e+02     9.8116     -0.008     -0.011    25.8686 0.0000e+00
     -0.006      0.005     9.8046    132.586     42.973  43.735441     2.5462 2.9221e+02     9.8113     -0.006     -0.009    25.8741 0.0000e+00
     -0.005      0.005    10.1292    133.165     42.958  43.721920     2.5412 2.9108e+02     9.8114     -0.005     -0.007    25.8777 0.0000e+00
     -0.004      0.004    10.4327    132.912     42.978  43.743701     2.5407 2.9022e+02     9.8118     -0.004     -0.005    25.8783 0.0000e+00
     -0.002      0.004    10.6751    132.203     42.963  43.728612     2.5585 2.8895e+02     9.8116     -0.002     -0.003    25.8796 0.0000e+00
     -0.001      0.003    10.8128    131.344     42.911  43.674567     2.5933 2.8820e+02     9.8113     -0.001     -0.001    25.8812 0.0000e+00
     -0.001      0.003    10.8491    130.496     42.867  43.630608     2.6123 2.8756e+02     9.8115     -0.001     -0.002    25.8840 0.0000e+00
     -0.001      0.002    10.8168    129.715     42.835  43.602372     2.6118 2.8735e+02     9.8115     -0.001     -0.002    25.8853 0.0000e+00
     -0.000      0.002    10.7501    129.065     42.830  43.603348     2.5913 2.8744e+02     9.8114      0.000      0.000    25.8853 0.0000e+00
      0.000      0.002    10.6762    128.610     42.866  43.642422     2.5545 2.8733e+02     9.8117      0.001      0.001    25.8829 0.0000e+00
      0.001      0.002    10.6074    128.303     42.891  43.669549     2.5348 2.8715e+02     9.8120     -0.000      0.000    25.8820 0.0000e+00
      0.001      0.001    10.5405    128.073     42.881  43.661163     2.5326 2.8673e+02     9.8124      0.001      0.002    25.8900 0.0000e+00
      0.001      0.000    10.4825    127.933     42.894  43.676120     2.5354 2.8623e+02     9.8125      0.002      0.003    25.8985 0.0000e+00
      0.001      0.000    10.4476    127.897     42.930  43.715309     2.5426 2.8657e+02     9.8121      0.001      0.002    25.9008 0.0000e+00
      0.001      0.001    10.4259    127.896     42.941  43.729724     2.5470 2.8754e+02     9.8120      0.002      0.003    25.9014 0.0000e+00
      0.001      0.001    10.4052    127.804     42.925  43.715331     2.5457 2.8713e+02     9.8122      0.001      0.002    25.9029 0.0000e+00
      0.001      0.002    10.3922    127.506     42.886  43.676385     2.5311 2.8575e+02     9.8117      0.001      0.001    25.9047 0.0000e+00
      0.002      0.002    10.3916    127.015     42.874  43.664098     2.5001 2.8448e+02     9.8110      0.002      0.002    25.9081 0.0000e+00
      0.004      0.002    10.3938    126.443     42.912  43.701855     2.4745 2.8279e+02     9.8109      0.004      0.006    25.9123 0.0000e+00
      0.004      0.002    10.3907    125.828     42.938  43.727634     2.4661 2.8198e+02     9.8109      0.005      0.007    25.9147 0.0000e+00
      0.004      0.002    10.3661    125.105     42.917  43.705611     2.4669 2.8244e+02     9.8112      0.004      0.006    25.9154 0.0000e+00
      0.005      0.001    10.3208    124.223     42.785  43.570669     2.4765 2.8268e+02     9.8118      0.005      0.007    25.9159 0.0000e+00
      0.005     -0.003    10.2735    123.204     42.466  43.244305     2.4928 2.8272e+02     9.8122      0.005      0.007    25.9143 0.0000e+00
      0.005     -0.011    10.2269    122.084     42.165  42.934099     2.5018 2.8302e+02     9.8118      0.005      0.007    25.9124 0.0000e+00
      0.005     -0.022    10.1703    120.905     42.096  42.859414     2.5006 2.8445e+02     9.8113      0.005      0.007    25.9128 0.0000e+00
      0.003     -0.035    10.0967    119.742     42.122  42.881625     2.4792 2.9533e+02     9.8114      0.005      0.008    25.9129 0.0000e+00
     -0.007     -0.049    10.0134    118.698     42.110  42.864941     2.4412 3.1825e+02     9.8115     -0.003     -0.004    25.9112 0.0000e+00
     -0.027     -0.062     9.9227    117.868     42.110  42.860305     2.4219 3.4175e+02     9.8114     -0.027     -0.039    25.9068 0.0000e+00
     -0.049     -0.071     9.8253    117.270     42.212  42.960653     2.4234 3.6253e+02     9.8118     -0.049     -0.071    25.9007 0.0000e+00
     -0.070     -0.074     9.7292    116.888     42.383  43.132647     2.4558 3.8019e+02     9.8122     -0.067     -0.097    25.8947 0.0000e+00
     -0.092     -0.069     9.6413    116.748     42.500  43.251312     2.5171 3.8588e+02     9.8119     -0.090     -0.131    25.8896 0.0000e+00
     -0.113     -0.058     9.5748    116.811     42.561  43.314734     2.5506 3.8000e+02     9.8116     -0.113     -0.163    25.8853 0.0000e+00
     -0.130     -0.045     9.5288    116.908     42.603  43.359133     2.5532 3.7466e+02     9.8114     -0.131     -0.190    25.8802 0.0000e+00
     -0.138     -0.031     9.4960    116.818     42.626  43.382878     2.5552 3.7614e+02     9.8115     -0.138     -0.200    25.8762 0.0000e+00
     -0.138     -0.017     9.4854    116.388     42.641  43.399212     2.5590 3.8108e+02     9.8118     -0.136     -0.197    25.8762 0.0000e+00
     -0.138     -0.005     9.4955    115.591     42.662  43.421537     2.5612 3.8387e+02     9.8115     -0.135     -0.196    25.8791 0.0000e+00
     -0.138      0.006     9.5102    114.507     42.687  43.450181     2.5624 3.8327e+02     9.8108     -0.136     -0.197    25.8810 0.0000e+00
