Data/DataNotYetUploadedToEDI/Raw_CTD/RawDownloads/SBE19plus_01907809_062722_bvr50_0006.cnv
* Sea-Bird SBE19plus  Data File:
* FileName = C:\R\Reservoirs\Data\DataNotYetUploadedToEDI\Raw_CTD\RawDownloads\SBE19plus_01907809_062722_bvr50_0006.hex
* Software version 2.8.0.119
* Temperature SN = 7809
* Conductivity SN = 7809
* System UpLoad Time = Jun 29 2022 15:51:20
* <ApplicationData>
* <Seaterm232>
# nquan = 15
# nvalues = 2043                        
# units = specified
# name 0 = depFM: Depth [fresh water, m]
# name 1 = dz/dtM: Descent Rate [m/s]
# name 2 = sbeox0Mg/L: Oxygen, SBE 43 [mg/l]
# name 3 = sbeox0PS: Oxygen, SBE 43 [% saturation]
# name 4 = specc: Specific Conductance [uS/cm]
# name 5 = c0uS/cm: Conductivity [uS/cm]
# name 6 = flECO-AFL: Fluorescence, WET Labs ECO-AFL/FL [mg/m^3]
# name 7 = ph: pH
# name 8 = orp: Oxidation Reduction Potential [mV]
# name 9 = par/sat/log: PAR/Logarithmic, Satlantic
# name 10 = turbWETntu0: Turbidity, WET Labs ECO [NTU]
# name 11 = prdM: Pressure, Strain Gauge [db]
# name 12 = prdE: Pressure, Strain Gauge [psi]
# name 13 = tv290C: Temperature [ITS-90, deg C]
# name 14 = flag:  0.000e+00
# span 0 =     -0.728,      7.799       
# span 1 =     -0.344,      0.144       
# span 2 =     0.0178,     9.0399       
# span 3 =      0.198,    112.013       
# span 4 =      0.383,    100.214       
# span 5 =   0.407575,  69.546048       
# span 6 =    -0.1502,     5.6733       
# span 7 =      6.769,     10.135       
# span 8 = -1240.7455,   221.8360       
# span 9 = 1.2350e-01, 1.9419e+02       
# span 10 =    -0.3462,    72.6517      
# span 11 =     -0.714,      7.648      
# span 12 =     -1.035,     11.092      
# span 13 =     9.6666,    28.2375      
# span 14 = 0.0000e+00, 0.0000e+00      
# interval = seconds: 0.25
# start_time = Jun 27 2022 07:48:00 [Instrument's time stamp, header]
# bad_flag = -9.990e-29
*END*
[from data line 1446]
      7.359      0.044     0.0446      0.373     97.034  67.350524     0.8647      7.167  -125.7300 1.2367e-01     2.1947      7.217     10.468     9.7065 0.0000e+00
      7.368      0.040     0.0441      0.384     97.017  67.333657     0.8635      7.167  -125.7985 1.2368e-01     2.1679      7.224     10.478     9.7053 0.0000e+00
      7.380      0.034     0.0422      0.389     96.898  67.248756     0.8426      7.167  -125.7482 1.2368e-01     2.0697      7.238     10.497     9.7059 0.0000e+00
      7.392      0.028     0.0395      0.409     96.748  67.149650     0.8208      7.168  -125.7239 1.2370e-01     1.9639      7.251     10.517     9.7053 0.0000e+00
      7.398      0.025     0.0427      0.433     96.731  67.151576     0.8243      7.168  -125.8481 1.2373e-01     1.9477      7.257     10.524     9.7020 0.0000e+00
      7.401      0.023     0.0447      0.429     96.886  67.272062     0.8526      7.167  -125.9595 1.2372e-01     2.0107      7.258     10.526     9.6990 0.0000e+00
      7.402      0.023     0.0429      0.414     97.071  67.399716     0.8636      7.167  -126.0390 1.2372e-01     2.0073      7.258     10.527     9.6979 0.0000e+00
      7.405      0.024     0.0457      0.402     97.123  67.424770     0.8486      7.167  -126.0349 1.2373e-01     2.0102      7.260     10.530     9.6988 0.0000e+00
      7.413      0.026     0.0513      0.390     96.988  67.320918     0.8377      7.167  -125.9961 1.2368e-01     2.1474      7.268     10.541     9.7072 0.0000e+00
      7.425      0.027     0.0490      0.387     96.754  67.160244     0.8402      7.168  -126.0857 1.2362e-01     2.2995      7.283     10.562     9.7183 0.0000e+00
      7.436      0.028     0.0464      0.393     96.605  67.069901     0.8537      7.168  -126.1718 1.2364e-01     2.4154      7.294     10.579     9.7168 0.0000e+00
      7.441      0.029     0.0463      0.393     96.650  67.117778     0.8589      7.168  -126.1771 1.2374e-01     2.4209      7.298     10.585     9.7078 0.0000e+00
      7.445      0.030     0.0437      0.393     96.787  67.231038     0.8528      7.168  -126.2348 1.2379e-01     2.2643      7.301     10.589     9.7014 0.0000e+00
      7.449      0.031     0.0432      0.409     96.866  67.296107     0.8466      7.169  -126.2681 1.2374e-01     2.1273      7.303     10.592     9.7021 0.0000e+00
      7.456      0.034     0.0451      0.425     96.924  67.332923     0.8344      7.169  -126.2352 1.2369e-01     2.0962      7.309     10.601     9.7109 0.0000e+00
      7.469      0.036     0.0450      0.424     96.978  67.358613     0.8297      7.168  -126.2677 1.2364e-01     2.1272      7.323     10.622     9.7191 0.0000e+00
      7.483      0.037     0.0431      0.409     96.987  67.352654     0.8487      7.167  -126.4027 1.2366e-01     2.1947      7.339     10.645     9.7297 0.0000e+00
      7.495      0.034     0.0468      0.395     96.959  67.324379     0.8641      7.167  -126.5770 1.2374e-01     2.1948      7.351     10.662     9.7382 0.0000e+00
      7.502      0.028     0.0490      0.398     96.888  67.270779     0.8660      7.168  -126.7413 1.2374e-01     2.1638      7.359     10.673     9.7340 0.0000e+00
      7.507      0.023     0.0488      0.403     96.800  67.212672     0.8625      7.168  -126.8399 1.2371e-01     2.2288      7.363     10.679     9.7266 0.0000e+00
      7.511      0.020     0.0465      0.392     96.756  67.193436     0.8395      7.167  -126.9089 1.2375e-01     2.3316      7.365     10.683     9.7198 0.0000e+00
      7.513      0.024     0.0439      0.391     96.876  67.292260     0.8122      7.167  -126.9732 1.2376e-01     2.3826      7.368     10.686     9.7147 0.0000e+00
      7.515      0.031     0.0447      0.398     97.100  67.454863     0.8156      7.167  -126.9287 1.2372e-01     2.3673      7.368     10.687     9.7124 0.0000e+00
      7.520      0.037     0.0476      0.391     97.187  67.508119     0.8481      7.168  -126.8008 1.2366e-01     2.2837      7.370     10.690     9.7134 0.0000e+00
      7.535      0.042     0.0436      0.389     97.181  67.491570     0.8635      7.169  -126.7183 1.2367e-01     2.1564      7.387     10.714     9.7196 0.0000e+00
      7.555      0.043     0.0432      0.399     97.218  67.508811     0.8426      7.169  -126.7046 1.2373e-01     2.0916      7.412     10.749     9.7300 0.0000e+00
      7.571      0.042     0.0474      0.404     97.252  67.526036     0.8290      7.168  -126.7216 1.2370e-01     2.1155      7.428     10.773     9.7361 0.0000e+00
      7.579      0.038     0.0435      0.399     97.236  67.509287     0.8407      7.168  -126.8377 1.2362e-01     2.1727      7.433     10.781     9.7291 0.0000e+00
      7.583      0.033     0.0435      0.394     97.221  67.496833     0.8588      7.169  -126.9899 1.2363e-01     2.2366      7.436     10.784     9.7213 0.0000e+00
      7.587      0.028     0.0455      0.393     97.221  67.502482     0.8649      7.169  -127.0133 1.2370e-01     2.2391      7.441     10.790     9.7180 0.0000e+00
      7.594      0.028     0.0466      0.395     97.217  67.514081     0.8562      7.170  -127.0346 1.2370e-01     2.1690      7.447     10.801     9.7145 0.0000e+00
      7.601      0.031     0.0454      0.402     97.288  67.573571     0.8459      7.170  -127.2473 1.2368e-01     2.1055      7.454     10.811     9.7117 0.0000e+00
      7.610      0.035     0.0445      0.405     97.405  67.650161     0.8403      7.170  -127.4344 1.2364e-01     2.0520      7.463     10.823     9.7088 0.0000e+00
      7.619      0.038     0.0447      0.402     97.469  67.677960     0.8461      7.170  -127.4031 1.2359e-01     2.0010      7.473     10.838     9.7116 0.0000e+00
      7.629      0.038     0.0444      0.407     97.460  67.655602     0.8583      7.169  -127.3855 1.2360e-01     2.0007      7.481     10.849     9.7219 0.0000e+00
      7.641      0.036     0.0458      0.410     97.440  67.633880     0.8541      7.169  -127.4803 1.2367e-01     1.9798      7.494     10.869     9.7297 0.0000e+00
      7.654      0.033     0.0465      0.401     97.498  67.669362     0.8369      7.169  -127.6018 1.2371e-01     1.9537      7.508     10.890     9.7268 0.0000e+00
      7.662      0.030     0.0450      0.401     97.558  67.703526     0.8338      7.169  -127.7358 1.2375e-01     2.0272      7.515     10.900     9.7145 0.0000e+00
      7.666      0.025     0.0461      0.402     97.517  67.665866     0.8418      7.169  -127.8967 1.2376e-01     2.1505      7.518     10.904     9.7051 0.0000e+00
      7.670      0.020     0.0480      0.396     97.419  67.595087     0.8420      7.169  -128.0844 1.2370e-01     2.2150      7.520     10.908     9.7027 0.0000e+00
      7.676      0.017     0.0443      0.396     97.334  67.546390     0.8443      7.169  -128.1989 1.2369e-01     2.1584      7.527     10.917     9.7009 0.0000e+00
      7.681      0.017     0.0454      0.392     97.273  67.521677     0.8606      7.170  -128.2476 1.2371e-01     2.0464      7.533     10.926     9.6975 0.0000e+00
      7.685      0.019     0.0471      0.382     97.196  67.486852     0.8644      7.170  -128.4155 1.2366e-01     1.9535      7.536     10.931     9.6914 0.0000e+00
      7.687      0.023     0.0437      0.385     97.101  67.442904     0.8491      7.170  -128.5942 1.2359e-01     1.8890      7.538     10.933     9.6875 0.0000e+00
      7.690      0.027     0.0456      0.397     97.060  67.434930     0.8417      7.170  -128.5157 1.2356e-01     1.9499      7.539     10.936     9.6947 0.0000e+00
      7.698      0.029     0.0451      0.406     97.074  67.453971     0.8415      7.170  -128.3269 1.2356e-01     2.1436      7.547     10.947     9.7057 0.0000e+00
      7.710      0.030     0.0422      0.412     97.115  67.482592     0.8462      7.169  -128.3763 1.2357e-01     2.2496      7.559     10.965     9.7132 0.0000e+00
      7.722      0.030     0.0436      0.421     97.186  67.526942     0.8571      7.169  -128.6820 1.2361e-01     2.2408      7.573     10.984     9.7261 0.0000e+00
      7.730      0.027     0.0451      0.418     97.226  67.545593     0.8572      7.168  -128.8400 1.2363e-01     2.2082      7.583     10.998     9.7389 0.0000e+00
      7.735      0.021     0.0466      0.408     97.202  67.517553     0.8475      7.168  -128.8241 1.2361e-01     2.1624      7.586     11.002     9.7431 0.0000e+00
      7.738      0.015     0.0460      0.413     97.200  67.505468     0.8396      7.169  -128.9202 1.2360e-01     2.1650      7.588     11.006     9.7415 0.0000e+00
      7.741      0.010     0.0485      0.403     97.241  67.526488     0.8447      7.169  -129.0561 1.2363e-01     2.2059      7.592     11.010     9.7388 0.0000e+00
      7.743      0.008     0.0487      0.390     97.231  67.517639     0.8596      7.169  -129.1765 1.2365e-01     2.2132      7.593     11.012     9.7350 0.0000e+00
      7.744      0.008     0.0439      0.399     97.237  67.525499     0.8611      7.169  -129.2571 1.2365e-01     2.1849      7.593     11.012     9.7282 0.0000e+00
      7.745      0.009     0.0488      0.400     97.370  67.621525     0.8468      7.169  -129.2564 1.2368e-01     2.1371      7.595     11.014     9.7222 0.0000e+00
      7.746      0.012     0.0463      0.396     97.520  67.725984     0.8279      7.169  -129.2541 1.2371e-01     2.0801      7.595     11.016     9.7177 0.0000e+00
      7.749      0.015     0.0416      0.402     97.595  67.772281     0.8324      7.170  -129.4016 1.2371e-01     2.1100      7.597     11.020     9.7166 0.0000e+00
      7.754      0.019     0.0472      0.407     97.745  67.863728     0.8594      7.171  -129.6630 1.2363e-01     2.2254      7.603     11.027     9.7199 0.0000e+00
      7.760      0.023     0.0455      0.404     98.159  68.132974     0.8711      7.171  -129.7473 1.2362e-01     2.2791      7.609     11.037     9.7226 0.0000e+00
      7.766      0.024     0.0441      0.404     98.703  68.487083     0.8574      7.171  -129.6458 1.2362e-01     2.2133      7.616     11.046     9.7229 0.0000e+00
      7.774      0.024     0.0461      0.406     99.069  68.715342     0.8353      7.171  -129.6407 1.2363e-01     2.1124      7.624     11.056     9.7205 0.0000e+00
      7.782      0.022     0.0465      0.400     99.302  68.860270     0.8125      7.170  -129.7719 1.2371e-01     2.0160      7.631     11.069     9.7131 0.0000e+00
      7.788      0.019     0.0460      0.390     99.553  69.032538     0.7976      7.170  -129.8554 1.2373e-01     1.9365      7.639     11.079     9.7039 0.0000e+00
      7.792      0.015     0.0453      0.396     99.615  69.083237     0.8056      7.171  -129.7907 1.2376e-01     1.9361      7.642     11.084     9.6923 0.0000e+00
      7.795      0.011     0.0468      0.414     99.336  68.901615     0.8174      7.171  -129.6771 1.2383e-01     1.9770      7.644     11.088     9.6758 0.0000e+00
      7.797      0.007     0.0460      0.422     99.000  68.678588     0.8157      7.171  -129.6004 1.2379e-01     1.9875      7.646     11.090     9.6666 0.0000e+00
      7.797      0.004     0.0434      0.415     98.981  68.673286     0.8015      7.171  -129.5513 1.2371e-01     1.9603      7.646     11.090     9.6675 0.0000e+00
      7.798      0.002     0.0443      0.415     99.301  68.901032     0.7878      7.171  -129.6853 1.2366e-01     1.9553      7.647     11.091     9.6721 0.0000e+00
      7.798      0.001     0.0475      0.416     99.828  69.272661     0.7824      7.171  -129.8443 1.2364e-01     1.9611      7.648     11.092     9.6789 0.0000e+00
      7.798      0.001     0.0493      0.406    100.214  69.546048     0.7950      7.171  -129.7531 1.2359e-01     1.9626      7.647     11.091     9.6846 0.0000e+00
      7.798      0.001     0.0463      0.397    100.102  69.475204     0.8319      7.172  -129.6155 1.2359e-01     1.9731      7.647     11.091     9.6879 0.0000e+00
      7.798      0.000     0.0467      0.384     99.840  69.305383     0.8617      7.172  -129.5570 1.2365e-01     1.9515      7.647     11.091     9.6909 0.0000e+00
      7.798 -9.284e-07     0.0488      0.372     99.676  69.207806     0.8552      7.172  -129.5614 1.2365e-01     1.9067      7.647     11.092     9.6941 0.0000e+00
      7.798      0.000     0.0448      0.370     99.431  69.057656     0.8296      7.171  -129.6690 1.2361e-01     1.8747      7.648     11.092     9.6961 0.0000e+00
      7.798      0.000     0.0457      0.374     99.063  68.823836     0.8349      7.171  -129.7398 1.2363e-01     1.9071      7.647     11.092     9.6988 0.0000e+00
      7.799     -0.001     0.0440      0.385     98.527  68.476821     0.8612      7.171  -129.7298 1.2372e-01     1.9911      7.648     11.092     9.7051 0.0000e+00
      7.799     -0.004     0.0409      0.386     97.860  68.037803     0.8639      7.171  -129.8054 1.2377e-01     2.0700      7.648     11.092     9.7138 0.0000e+00
      7.798     -0.008     0.0427      0.376     97.274  67.644257     0.8512      7.171  -129.8799 1.2373e-01     2.1090      7.647     11.092     9.7236 0.0000e+00
      7.797     -0.013     0.0414      0.382     96.920  67.402357     0.8409      7.171  -129.8560 1.2364e-01     2.1220      7.646     11.090     9.7345 0.0000e+00
      7.794     -0.023     0.0444      0.397     96.635  67.208976     0.8308      7.171  -129.8608 1.2363e-01     2.1244      7.643     11.086     9.7475 0.0000e+00
      7.789     -0.046     0.0449      0.404     96.071  66.830414     0.8283      7.169  -129.8527 1.2367e-01     2.1378      7.638     11.079     9.7627 0.0000e+00
      7.782     -0.087     0.0408      0.409     95.300  66.318345     0.8443      7.168  -129.6709 1.2367e-01     2.1478      7.632     11.070     9.7703 0.0000e+00
      7.771     -0.138     0.0432      0.416     94.650  65.907946     0.8658      7.169  -129.4697 1.2368e-01     2.0747      7.624     11.058     9.7684 0.0000e+00
      7.744     -0.179     0.0457      0.421     94.150  65.615423     0.8729      7.171  -129.4844 1.2368e-01     1.9717      7.607     11.034     9.7709 0.0000e+00
      7.680     -0.198     0.0458      0.413     93.933  65.512381     0.8551      7.171  -129.5906 1.2368e-01     1.8929      7.549     10.948     9.7781 0.0000e+00
      7.582     -0.190     0.0464      0.403     94.141  65.678246     0.8336      7.172  -129.6351 1.2364e-01     1.8725      7.432     10.780     9.7883 0.0000e+00
      7.492     -0.157     0.0468      0.403     94.393  65.842687     0.8381      7.172  -129.6794 1.2363e-01     1.9990      7.325     10.624     9.8110 0.0000e+00
      7.452     -0.107     0.0487      0.405     94.352  65.785900     0.8590      7.172  -129.7822 1.2367e-01     2.1580      7.290     10.573     9.8455 0.0000e+00
      7.458     -0.048     0.0468      0.405     94.151  65.626685     0.8697      7.171  -129.8455 1.2369e-01     2.1552      7.308     10.600     9.8756 0.0000e+00
      7.484      0.004     0.0449      0.410     94.165  65.632330     0.8675      7.171  -129.8421 1.2370e-01     2.1021      7.340     10.646     9.8876 0.0000e+00
      7.509      0.038     0.0458      0.422     94.578  65.917648     0.8574      7.172  -129.8270 1.2370e-01     2.1310      7.370     10.688     9.8782 0.0000e+00
      7.521      0.050     0.0459      0.434     95.487  66.536119     0.8393      7.173  -129.7487 1.2365e-01     2.1638      7.380     10.703     9.8569 0.0000e+00
      7.523      0.048     0.0461      0.445     96.758  67.394271     0.8319      7.174  -129.6693 1.2360e-01     2.1906      7.377     10.700     9.8453 0.0000e+00
      7.527      0.039     0.0456      0.441     97.460  67.846364     0.8429      7.173  -129.7283 1.2360e-01     2.2151      7.379     10.702     9.8470 0.0000e+00
      7.539      0.024     0.0482      0.426     97.004  67.492897     0.8551      7.172  -129.7728 1.2368e-01     2.1876      7.390     10.718     9.8487 0.0000e+00
      7.556      0.001     0.0490      0.425     95.856  66.677241     0.8547      7.171  -129.6921 1.2373e-01     2.1313      7.412     10.750     9.8405 0.0000e+00
