Data/DataNotYetUploadedToEDI/Raw_CTD/RawDownloads/SBE19plus_01907809_062722_fcr50_0007.cnv
* Sea-Bird SBE19plus  Data File:
* FileName = C:\R\Reservoirs\Data\DataNotYetUploadedToEDI\Raw_CTD\RawDownloads\SBE19plus_01907809_062722_bvr50_0007.hex
* Software version 2.8.0.119
* Temperature SN = 7809
* Conductivity SN = 7809
* System UpLoad Time = Jun 29 2022 15:52:00
* <ApplicationData>
* <Seaterm232>
# nquan = 15
# nvalues = 1524                        
# units = specified
# name 0 = depFM: Depth [fresh water, m]
# name 1 = dz/dtM: Descent Rate [m/s]
# name 2 = sbeox0Mg/L: Oxygen, SBE 43 [mg/l]
# name 3 = sbeox0PS: Oxygen, SBE 43 [% saturation]
# name 4 = specc: Specific Conductance [uS/cm]
# name 5 = c0uS/cm: Conductivity [uS/cm]
# name 6 = flECO-AFL: Fluorescence, WET Labs ECO-AFL/FL [mg/m^3]
# name 7 = ph: pH
# name 8 = orp: Oxidation Reduction Potential [mV]
# name 9 = par/sat/log: PAR/Logarithmic, Satlantic
# name 10 = turbWETntu0: Turbidity, WET Labs ECO [NTU]
# name 11 = prdM: Pressure, Strain Gauge [db]
# name 12 = prdE: Pressure, Strain Gauge [psi]
# name 13 = tv290C: Temperature [ITS-90, deg C]
# name 14 = flag:  0.000e+00
# span 0 =     -0.647,      9.629       
# span 1 =     -0.264,      0.120       
# span 2 =     0.0374,    11.1595       
# span 3 =      0.351,    136.466       
# span 4 =      1.158,    385.535       
# span 5 =   1.091151, 275.948021       
# span 6 =    -0.1386,     3.3735       
# span 7 =      6.691,     10.271       
# span 8 =  -105.2036,   197.9360       
# span 9 = 1.2360e-01, 9.7017e+02       
# span 10 =    -0.3526,   381.0358      
# span 11 =     -0.634,      9.443      
# span 12 =     -0.920,     13.696      
# span 13 =    10.2653,    25.7198      
# span 14 = 0.0000e+00, 0.0000e+00      
# interval = seconds: 0.25
# start_time = Jun 27 2022 09:50:44 [Instrument's time stamp, header]
# bad_flag = -9.990e-29
*END*
[from data line 1254]
      5.959     -0.090     0.3653      3.278     49.290  34.831518     0.5205      6.752    48.0728 1.2374e-01     9.1659      5.845      8.478    10.3412 0.0000e+00
      5.944     -0.099     0.3667      3.310     49.326  34.857911     0.5201      6.753    48.2820 1.2376e-01     9.0925      5.834      8.460    10.3393 0.0000e+00
      5.915     -0.109     0.3653      3.332     49.342  34.870602     0.5250      6.753    48.7267 1.2378e-01     9.0451      5.806      8.421    10.3358 0.0000e+00
      5.874     -0.115     0.3639      3.325     49.324  34.858149     0.5298      6.754    48.7174 1.2377e-01     9.0372      5.760      8.355    10.3321 0.0000e+00
      5.831     -0.116     0.3663      3.313     49.292  34.834168     0.5450      6.754    48.1696 1.2373e-01     9.0655      5.713      8.287    10.3303 0.0000e+00
      5.799     -0.113     0.3710      3.327     49.294  34.834291     0.5675      6.754    47.8681 1.2372e-01     9.1482      5.682      8.241    10.3315 0.0000e+00
      5.779     -0.106     0.3750      3.338     49.332  34.859637     0.5765      6.754    47.9981 1.2375e-01     9.2514      5.666      8.218    10.3334 0.0000e+00
      5.761     -0.101     0.3729      3.316     49.372  34.886974     0.5792      6.754    48.3644 1.2377e-01     9.2544      5.653      8.198    10.3340 0.0000e+00
      5.739     -0.102     0.3691      3.285     49.407  34.911184     0.5667      6.754    48.6830 1.2380e-01     9.1151      5.629      8.165    10.3326 0.0000e+00
      5.714     -0.111     0.3724      3.272     49.390  34.898709     0.5253      6.754    48.7527 1.2400e-01     8.9340      5.605      8.128    10.3303 0.0000e+00
      5.684     -0.121     0.3765      3.278     49.339  34.862969     0.4949      6.755    48.5194 1.2577e-01     8.8750      5.577      8.087    10.3285 0.0000e+00
      5.650     -0.126     0.3714      3.287     49.333  34.859521     0.4985      6.755    48.1851 1.2787e-01     8.9481      5.543      8.040    10.3277 0.0000e+00
      5.610     -0.126     0.3670      3.289     49.329  34.857026     0.5017      6.755    48.1521 1.3265e-01     8.9990      5.505      7.983    10.3273 0.0000e+00
      5.569     -0.124     0.3658      3.303     49.295  34.832797     0.4923      6.755    48.3782 1.3958e-01     8.9779      5.456      7.913    10.3271 0.0000e+00
      5.539     -0.121     0.3668      3.315     49.278  34.820207     0.5016      6.756    48.5965 1.4218e-01     8.9658      5.426      7.870    10.3275 0.0000e+00
      5.520     -0.116     0.3692      3.315     49.294  34.831629     0.5226      6.756    48.8981 1.4616e-01     9.0235      5.417      7.856    10.3282 0.0000e+00
      5.497     -0.111     0.3670      3.322     49.311  34.844074     0.5297      6.756    49.1862 1.5810e-01     9.0955      5.394      7.824    10.3283 0.0000e+00
      5.465     -0.108     0.3701      3.332     49.311  34.843863     0.5210      6.756    49.1545 1.7939e-01     9.1180      5.360      7.773    10.3281 0.0000e+00
      5.432     -0.107     0.3727      3.338     49.290  34.829083     0.5010      6.756    48.9441 1.9045e-01     9.1254      5.326      7.725    10.3282 0.0000e+00
      5.402     -0.106     0.3703      3.346     49.240  34.792188     0.4952      6.756    48.7086 1.9117e-01     9.1847      5.296      7.681    10.3283 0.0000e+00
      5.377     -0.102     0.3721      3.346     49.221  34.778236     0.5096      6.758    49.0596 2.0927e-01     9.2541      5.272      7.647    10.3284 0.0000e+00
      5.354     -0.095     0.3739      3.331     49.235  34.787209     0.5171      6.758    50.0053 2.3006e-01     9.2481      5.251      7.617    10.3284 0.0000e+00
      5.331     -0.088     0.3733      3.315     49.218  34.773850     0.5104      6.759    50.4200 2.4042e-01     9.2142      5.227      7.580    10.3280 0.0000e+00
      5.308     -0.081     0.3754      3.306     49.177  34.743531     0.5035      6.761    50.2870 2.4865e-01     9.1860      5.204      7.548    10.3271 0.0000e+00
      5.288     -0.074     0.3755      3.312     49.171  34.737677     0.5090      6.761    49.9465 2.5893e-01     9.2145      5.186      7.520    10.3261 0.0000e+00
      5.268     -0.068     0.3728      3.327     49.215  34.766487     0.5348      6.760    49.5724 2.7531e-01     9.2168      5.166      7.492    10.3249 0.0000e+00
      5.253     -0.062     0.3711      3.334     49.230  34.774811     0.5748      6.760    50.0664 2.8236e-01     9.0776      5.151      7.470    10.3239 0.0000e+00
      5.240     -0.062     0.3694      3.344     49.233  34.774913     0.5935      6.760    51.1870 2.6509e-01     8.9656      5.139      7.454    10.3232 0.0000e+00
      5.226     -0.071     0.3702      3.366     49.223  34.767718     0.5776      6.760    51.6781 2.5118e-01     8.9217      5.124      7.431    10.3215 0.0000e+00
      5.215     -0.086     0.3737      3.380     49.199  34.751227     0.5482      6.761    51.4441 2.5813e-01     8.9222      5.114      7.417    10.3185 0.0000e+00
      5.200     -0.100     0.3735      3.370     49.217  34.765749     0.5211      6.761    51.0247 2.7467e-01     8.9717      5.106      7.408    10.3161 0.0000e+00
      5.170     -0.107     0.3735      3.358     49.195  34.753075     0.5079      6.762    50.9101 3.0503e-01     8.9744      5.078      7.364    10.3145 0.0000e+00
      5.124     -0.108     0.3775      3.353     49.154  34.724825     0.5052      6.762    51.4347 3.3102e-01     8.9540      5.025      7.288    10.3138 0.0000e+00
      5.079     -0.110     0.3803      3.352     49.179  34.741226     0.5133      6.761    52.2917 3.3968e-01     8.8961      4.971      7.211    10.3140 0.0000e+00
      5.055     -0.115     0.3772      3.359     49.209  34.761145     0.5317      6.760    52.8393 3.4635e-01     8.7869      4.948      7.176    10.3159 0.0000e+00
      5.048     -0.120     0.3756      3.368     49.229  34.775440     0.5271      6.761    52.8072 3.5413e-01     8.7273      4.953      7.185    10.3198 0.0000e+00
      5.033     -0.126     0.3761      3.380     49.243  34.787237     0.5001      6.761    52.5061 3.6795e-01     8.7215      4.946      7.173    10.3214 0.0000e+00
      4.997     -0.132     0.3744      3.390     49.223  34.776969     0.4878      6.761    52.2102 3.9027e-01     8.7505      4.907      7.116    10.3184 0.0000e+00
      4.945     -0.138     0.3768      3.386     49.220  34.778113     0.4868      6.761    52.0694 4.1970e-01     8.8049      4.849      7.033    10.3163 0.0000e+00
      4.892     -0.143     0.3771      3.385     49.250  34.801075     0.4795      6.762    52.5242 4.5020e-01     8.8325      4.790      6.949    10.3173 0.0000e+00
      4.853     -0.138     0.3782      3.385     49.248  34.800961     0.4665      6.764    53.2345 4.6202e-01     8.8119      4.751      6.892    10.3198 0.0000e+00
      4.828     -0.126     0.3809      3.376     49.213  34.776741     0.4536      6.764    53.5164 4.6543e-01     8.7602      4.735      6.868    10.3237 0.0000e+00
      4.806     -0.111     0.3789      3.394     49.193  34.761876     0.4657      6.764    53.5237 4.8792e-01     8.7200      4.716      6.840    10.3273 0.0000e+00
      4.779     -0.100     0.3783      3.439     49.174  34.748052     0.5049      6.764    53.2367 5.1195e-01     8.7359      4.685      6.795    10.3290 0.0000e+00
      4.752     -0.095     0.3809      3.459     49.159  34.736409     0.5275      6.765    52.8001 5.2244e-01     8.7814      4.660      6.757    10.3298 0.0000e+00
      4.728     -0.094     0.3763      3.466     49.177  34.747928     0.5232      6.765    52.8901 5.3066e-01     8.7574      4.638      6.726    10.3300 0.0000e+00
      4.704     -0.094     0.3778      3.472     49.197  34.760504     0.5110      6.765    53.2926 5.3951e-01     8.6507      4.612      6.690    10.3298 0.0000e+00
      4.682     -0.099     0.3879      3.459     49.201  34.761647     0.5047      6.765    53.6236 5.5218e-01     8.5840      4.590      6.658    10.3293 0.0000e+00
      4.662     -0.109     0.3873      3.429     49.202  34.761752     0.5214      6.765    53.9668 5.6686e-01     8.6004      4.574      6.633    10.3285 0.0000e+00
      4.638     -0.119     0.3875      3.392     49.202  34.761762     0.5383      6.765    53.7419 5.7982e-01     8.6102      4.551      6.600    10.3272 0.0000e+00
      4.608     -0.124     0.3902      3.372     49.202  34.761773     0.5096      6.766    53.0557 5.9394e-01     8.4977      4.523      6.560    10.3254 0.0000e+00
      4.566     -0.125     0.3879      3.383     49.202  34.761887     0.4569      6.768    52.8969 6.1471e-01     8.3331      4.483      6.501    10.3241 0.0000e+00
      4.519     -0.125     0.3848      3.413     49.204  34.763133     0.4420      6.768    53.2849 6.3625e-01     8.2936      4.424      6.417    10.3227 0.0000e+00
      4.484     -0.127     0.3791      3.441     49.224  34.776839     0.4629      6.768    53.7891 6.4522e-01     8.3275      4.388      6.365    10.3226 0.0000e+00
      4.467     -0.129     0.3758      3.461     49.258  34.800790     0.4688      6.768    54.0891 6.4631e-01     8.2991      4.383      6.357    10.3236 0.0000e+00
      4.449     -0.128     0.3784      3.469     49.253  34.799084     0.4545      6.768    53.7282 6.5961e-01     8.1895      4.371      6.339    10.3237 0.0000e+00
      4.414     -0.129     0.3825      3.461     49.190  34.756215     0.4484      6.768    52.8668 6.8866e-01     8.1292      4.335      6.287    10.3227 0.0000e+00
      4.367     -0.135     0.3862      3.463     49.146  34.726345     0.4532      6.768    52.3646 7.2264e-01     8.1512      4.280      6.208    10.3216 0.0000e+00
      4.325     -0.145     0.3876      3.463     49.185  34.754979     0.4630      6.767    52.3878 7.5305e-01     8.1131      4.235      6.142    10.3222 0.0000e+00
      4.293     -0.153     0.3902      3.437     49.226  34.785375     0.4748      6.767    52.5460 7.6610e-01     7.8741      4.212      6.109    10.3243 0.0000e+00
      4.262     -0.158     0.3864      3.414     49.211  34.776808     0.4870      6.767    52.4695 7.7822e-01     7.4816      4.183      6.067    10.3269 0.0000e+00
      4.223     -0.164     0.3874      3.401     49.211  34.778221     0.4948      6.767    52.1516 8.0763e-01     7.2960      4.141      6.007    10.3281 0.0000e+00
      4.179     -0.170     0.3906      3.403     49.243  34.802464     0.5027      6.768    51.9717 8.3438e-01     7.3384      4.099      5.944    10.3289 0.0000e+00
      4.130     -0.173     0.3838      3.435     49.259  34.816292     0.5071      6.769    51.8428 8.5538e-01     7.1738      4.052      5.877    10.3305 0.0000e+00
      4.079     -0.168     0.3819      3.456     49.258  34.818591     0.4904      6.770    51.4545 8.8415e-01     6.8090      3.999      5.800    10.3319 0.0000e+00
      4.030     -0.151     0.3810      3.439     49.271  34.830273     0.4844      6.771    50.8896 9.0964e-01     6.6164      3.948      5.726    10.3329 0.0000e+00
      3.989     -0.125     0.3786      3.411     49.270  34.830713     0.5089      6.771    50.4329 9.1500e-01     6.5871      3.909      5.670    10.3343 0.0000e+00
      3.957     -0.096     0.3854      3.405     49.264  34.823914     0.5451      6.770    49.8908 9.1941e-01     6.3864      3.876      5.622    10.3373 0.0000e+00
      3.937     -0.073     0.3894      3.408     49.340  34.874883     0.5721      6.769    48.9811 9.3537e-01     5.9660      3.854      5.590    10.3406 0.0000e+00
      3.933     -0.063     0.3854      3.406     49.434  34.939687     0.5691      6.769    47.8664 9.4027e-01     5.6721      3.854      5.590    10.3441 0.0000e+00
      3.935     -0.070     0.3802      3.393     49.480  34.973349     0.5671      6.769    46.5659 9.3996e-01     5.6338      3.862      5.601    10.3452 0.0000e+00
      3.930     -0.094     0.3811      3.360     49.553  35.028252     0.5815      6.767    44.9579 9.4749e-01     5.4698      3.861      5.599    10.3423 0.0000e+00
      3.907     -0.129     0.3822      3.335     49.643  35.096232     0.5843      6.766    43.3944 9.6482e-01     5.0553      3.838      5.567    10.3382 0.0000e+00
      3.864     -0.165     0.3808      3.321     49.727  35.161182     0.5760      6.766    42.1164 9.9708e-01     4.7886      3.794      5.503    10.3360 0.0000e+00
      3.805     -0.190     0.3823      3.300     49.833  35.242870     0.5728      6.765    40.5188 1.0336e+00     4.6709      3.736      5.418    10.3377 0.0000e+00
      3.738     -0.201     0.3748      3.270     49.938  35.322979     0.5955      6.765    38.3601 1.0775e+00     4.1447      3.666      5.318    10.3413 0.0000e+00
      3.672     -0.201     0.3727      3.219     50.083  35.432245     0.6344      6.764    36.0639 1.1275e+00     3.2426      3.594      5.213    10.3459 0.0000e+00
      3.622     -0.192     0.3725      3.159     50.418  35.676233     0.6438      6.761    33.8351 1.1581e+00     2.7129      3.545      5.141    10.3520 0.0000e+00
      3.587     -0.181     0.3688      3.106     51.118  36.180402     0.6258      6.760    31.8026 1.1787e+00     2.5917      3.521      5.106    10.3577 0.0000e+00
      3.552     -0.173     0.3675      3.061     51.932  36.772022     0.6163      6.760    29.9015 1.2071e+00     2.5283      3.488      5.057    10.3641 0.0000e+00
      3.510     -0.173     0.3604      3.007     52.390  37.122097     0.6371      6.759    27.9710 1.2300e+00     2.4248      3.441      4.990    10.3707 0.0000e+00
      3.465     -0.176     0.3531      2.929     52.520  37.242348     0.6780      6.758    26.0995 1.2534e+00     2.2284      3.400      4.931    10.3779 0.0000e+00
      3.417     -0.174     0.3468      2.843     52.353  37.147890     0.6937      6.757    24.3946 1.2843e+00     2.1013      3.355      4.865    10.3841 0.0000e+00
      3.364     -0.164     0.3424      2.751     52.114  36.994721     0.6858      6.755    22.6721 1.3177e+00     2.1173      3.299      4.784    10.3972 0.0000e+00
      3.312     -0.150     0.3378      2.656     52.164  37.039274     0.6744      6.751    20.5023 1.3497e+00     2.2508      3.243      4.703    10.4258 0.0000e+00
      3.274     -0.139     0.3268      2.565     52.530  37.306080     0.6562      6.748    17.7760 1.3651e+00     2.4181      3.201      4.643    10.4536 0.0000e+00
      3.254     -0.130     0.3177      2.475     53.136  37.747350     0.6401      6.746    15.1760 1.3744e+00     2.4652      3.190      4.626    10.4781 0.0000e+00
      3.238     -0.124     0.3071      2.379     53.549  38.062144     0.6296      6.744    13.2434 1.3983e+00     2.4106      3.184      4.617    10.4955 0.0000e+00
      3.208     -0.124     0.2956      2.269     53.601  38.131538     0.6295      6.742    11.4450 1.4274e+00     2.3727      3.151      4.571    10.5006 0.0000e+00
      3.167     -0.131     0.2866      2.187     53.746  38.269326     0.6387      6.740     9.4354 1.4542e+00     2.3827      3.103      4.501    10.5060 0.0000e+00
      3.129     -0.138     0.2752      2.151     53.795  38.332890     0.6406      6.739     7.7021 1.4800e+00     2.3948      3.065      4.445    10.5127 0.0000e+00
      3.094     -0.141     0.2674      2.114     53.584  38.202470     0.6359      6.736     6.3189 1.5132e+00     2.3829      3.038      4.405    10.5318 0.0000e+00
      3.054     -0.141     0.2513      2.057     53.854  38.404815     0.6479      6.734     4.8426 1.5545e+00     2.2385      2.995      4.344    10.5686 0.0000e+00
      3.016     -0.141     0.2402      1.997     54.410  38.813366     0.6776      6.733     3.2751 1.5796e+00     2.0157      2.950      4.280    10.6014 0.0000e+00
      2.989     -0.141     0.2405      1.957     54.748  39.083239     0.6963      6.733     1.9921 1.5911e+00     1.9434      2.932      4.252    10.6274 0.0000e+00
