Data/DataNotYetUploadedToEDI/Raw_CTD/RawDownloads/SBE19plus_01908188_062722_fcr50_0003.cnv
* Sea-Bird SBE19plus  Data File:
* FileName = C:\R\Reservoirs\Data\DataNotYetUploadedToEDI\Raw_CTD\RawDownloads\SBE19plus_01908188_062722_fcr50_0003.hex
* Software version 2.8.0.119
* Temperature SN = 8188
* Conductivity SN = 8188
* System UpLoad Time = Jun 29 2022 16:04:39
* <ApplicationData>
* <Seaterm232>
# nquan = 13
# nvalues = 1593                        
# units = specified
# name 0 = depFM: Depth [fresh water, m]
# name 1 = dz/dtM: Descent Rate [m/s]
# name 2 = sbeox0Mg/L: Oxygen, SBE 43 [mg/l]
# name 3 = sbeox0PS: Oxygen, SBE 43 [% saturation]
# name 4 = specc: Specific Conductance [uS/cm]
# name 5 = c0uS/cm: Conductivity [uS/cm]
# name 6 = flECO-AFL: Fluorescence, WET Labs ECO-AFL/FL [mg/m^3]
# name 7 = par/sat/log: PAR/Logarithmic, Satlantic
# name 8 = turbWETntu0: Turbidity, WET Labs ECO [NTU]
# name 9 = prdM: Pressure, Strain Gauge [db]
# name 10 = prdE: Pressure, Strain Gauge [psi]
# name 11 = tv290C: Temperature [ITS-90, deg C]
# name 12 = flag:  0.000e+00
# span 0 =     -0.670,      9.543       
# span 1 =     -0.237,      0.212       
# span 2 =    -0.7445,    13.7868       
# span 3 =     -7.570,    164.293       
# span 4 =  -1552.769,    373.328       
# span 5 = -1.113e+03, 267.751339       
# span 6 =    -0.0076,     6.6580       
# span 7 = 1.1599e-01, 5.9533e+02       
# span 8 =     0.2728,     9.8126       
# span 9 =     -0.658,      9.358       
# span 10 =     -0.954,     13.573      
# span 11 =    10.2822,    25.9159      
# span 12 = 0.0000e+00, 0.0000e+00      
# interval = seconds: 0.25
# start_time = Jun 27 2022 12:00:56 [Instrument's time stamp, header]
# bad_flag = -9.990e-29
*END*
[from data line 1556]
     -0.161     -0.208    10.3293    131.812     36.260  35.362897     2.7574 3.7313e+02     9.8110     -0.164     -0.239    23.0570 0.0000e+00
     -0.194     -0.208    10.4985    134.021     36.426  35.567863     2.8062 3.7033e+02     9.8113     -0.185     -0.268    23.2920 0.0000e+00
     -0.236     -0.212    10.6858    135.148     36.629  35.827100     2.8323 3.5957e+02     9.8115     -0.225     -0.327    23.5574 0.0000e+00
     -0.294     -0.215    10.9173    134.914     36.457  35.729155     2.8227 3.4851e+02     9.8115     -0.287     -0.417    23.7146 0.0000e+00
     -0.362     -0.219    11.1634    133.259     36.097  35.396510     2.6862 3.4030e+02     9.8115     -0.351     -0.509    23.7567 0.0000e+00
     -0.435     -0.220    11.3543    130.245     35.870  35.113535     2.4342 3.3152e+02     9.8114     -0.429     -0.623    23.8062 0.0000e+00
     -0.496     -0.207    11.4419    126.128     35.733  34.873280     2.2926 3.2150e+02     9.8105     -0.500     -0.726    23.8828 0.0000e+00
     -0.536     -0.178    11.3917    121.561     35.620  34.651955     2.2399 3.0874e+02     9.8031     -0.521     -0.755    24.0262 0.0000e+00
     -0.578     -0.142    11.2405    117.413     35.454  34.395287     1.7978 2.9184e+02     9.7208     -0.558     -0.811    24.0761 0.0000e+00
     -0.623     -0.105    11.0065    114.281     35.269  34.132795     0.9888 2.6987e+02     9.5694     -0.627     -0.910    23.9582 0.0000e+00
     -0.645     -0.073    10.6740    112.296     35.126  33.908558     0.5479 2.4461e+02     9.4873     -0.640     -0.928    23.7927 0.0000e+00
     -0.648     -0.047    10.2871    110.714     34.240  32.966685     0.5070 2.2423e+02     9.4868     -0.634     -0.920    23.6228 0.0000e+00
     -0.648     -0.024     9.9465    107.990     27.110  26.052589     0.4893 2.1323e+02     9.5685     -0.637     -0.924    23.4907 0.0000e+00
     -0.648     -0.007     9.6898    103.070     14.307  13.732740     0.4621 2.0305e+02     9.7195     -0.635     -0.921    23.3871 0.0000e+00
     -0.648     -0.001     9.5611     96.106      6.947   6.660431     0.4470 1.8677e+02     9.7957     -0.636     -0.921    23.2657 0.0000e+00
     -0.648 -3.077e-10     9.5133     87.898      6.098   5.843841     0.4505 1.8427e+02     9.7294     -0.635     -0.922    23.1224 0.0000e+00
     -0.648 -3.384e-09     9.3386     79.389      5.858   5.612461     0.5002 2.1600e+02     8.9137     -0.636     -0.922    23.0028 0.0000e+00
     -0.648 -3.723e-08     8.9138     71.554      5.370   5.143763     0.5893 2.8100e+02     7.4162     -0.636     -0.923    22.9461 0.0000e+00
     -0.648 -4.095e-07     8.2926     65.214      5.113   4.896069     0.6365 3.5286e+02     6.5913     -0.636     -0.922    22.9204 0.0000e+00
     -0.648     -0.000     7.5629     60.941      4.848   4.640128     0.6348 3.9246e+02     6.4271     -0.635     -0.921    22.9069 0.0000e+00
     -0.649     -0.000     6.8005     58.901      4.256   4.071616     0.5846 4.0412e+02     5.4309     -0.637     -0.923    22.8989 0.0000e+00
     -0.649     -0.001     6.1046     58.682      3.854   3.684985     0.4931 4.1550e+02     3.6159     -0.637     -0.923    22.8883 0.0000e+00
     -0.649     -0.001     5.5434     59.577      3.632   3.470891     0.4425 4.4907e+02     2.6219     -0.637     -0.923    22.8752 0.0000e+00
     -0.649     -0.001     5.1692     60.992      3.176   3.033442     0.4315 4.9416e+02     2.4864     -0.636     -0.923    22.8557 0.0000e+00
     -0.649     -0.000     5.0122     62.559      2.910   2.777489     0.3613 5.0076e+02     1.9808     -0.637     -0.923    22.8309 0.0000e+00
     -0.649 -1.861e-08     5.0210     64.083      2.938   2.802970     0.2338 4.6622e+02     1.0684     -0.637     -0.924    22.8039 0.0000e+00
     -0.649 -2.048e-07     5.1178     65.517      2.797   2.667443     0.1640 4.1695e+02     0.5709     -0.637     -0.924    22.7775 0.0000e+00
     -0.649 -2.048e-07     5.2531     66.944      2.398   2.284776     0.1605 3.5751e+02     0.5231     -0.636     -0.923    22.7516 0.0000e+00
     -0.649 -1.861e-08     5.3960     68.460      1.978   1.883583     0.1956 3.0735e+02     0.4914     -0.637     -0.924    22.7251 0.0000e+00
     -0.649 -1.692e-09     5.5327     70.041      1.743   1.658825     0.2606 3.0795e+02     0.4407     -0.636     -0.923    22.6978 0.0000e+00
     -0.649 -1.539e-10     5.6546     71.557      1.671   1.589418     0.2961 3.5134e+02     0.4132     -0.637     -0.924    22.6705 0.0000e+00
     -0.649 -1.410e-11     5.7787     72.865      1.666   1.583620     0.2988 3.7870e+02     0.4105     -0.636     -0.924    22.6410 0.0000e+00
     -0.649 -2.543e-12     5.9111     73.451      1.672   1.588715     0.2986 4.2208e+02     0.4100     -0.636     -0.923    22.6115 0.0000e+00
     -0.649 -9.990e-29     6.0611 -9.990e-29 -9.990e-29 -9.990e-29 -9.990e-29 5.1609e+02 -9.990e-29     -0.636     -0.923    22.5784 0.0000e+00
     -0.649 -9.990e-29     6.1926 -9.990e-29 -9.990e-29 -9.990e-29 -9.990e-29 5.8266e+02 -9.990e-29     -0.636     -0.923    22.5483 0.0000e+00
     -0.649 -9.990e-29     6.3254 -9.990e-29 -9.990e-29 -9.990e-29 -9.990e-29 5.9533e+02 -9.990e-29     -0.637     -0.924    22.5137 0.0000e+00
     -0.649 -9.990e-29     6.4128 -9.990e-29 -9.990e-29 -9.990e-29 -9.990e-29 5.9468e+02 -9.990e-29     -0.637     -0.924    22.4893 0.0000e+00
